0 0.2052209772798008 0.36116298371200334 0.22710473078120136 0.36116298371200334 0.2237005913476502 0.9246291109036207 0.19889900404606287 0.9272227409482312
0 0.23537192654839714 0.36116298371200334 0.258714596949891 0.3592177611785455 0.2553104575163399 0.9187934433032472 0.23148148148148148 0.9168482207697893
0 0.25738536155202824 0.20789241622574955 0.2744708994708995 0.2049529688418577 0.27171516754850084 0.9192386831275721 0.25462962962962965 0.919973544973545
0 0.27171516754850084 0.2556584362139917 0.30423280423280424 0.251249265138154 0.3003747795414462 0.9229129923574367 0.27336860670194 0.9251175778953558
0 0.3108465608465608 0.2835831863609641 0.33454585537918874 0.28284832451499115 0.33013668430335097 0.9280570252792475 0.30423280423280424 0.9273221634332746
0 0.3323412698412698 0.2784391534391534 0.3621031746031746 0.27476484420928865 0.35714285714285715 0.93614050558495 0.33068783068783064 0.9346707818930041
0 0.36100088183421514 0.24537037037037032 0.3830467372134039 0.24022633744855965 0.38084215167548496 0.9405496766607877 0.3565917107583774 0.937610229276896
0 0.3830467372134039 0.21450617283950615 0.40784832451499115 0.2086272780717225 0.40784832451499115 0.9471634332745443 0.37863756613756616 0.9427542621987066
0 0.4111552028218695 0.2615373309817754 0.4365079365079365 0.26006760728982947 0.43264991181657847 0.9442239858906526 0.4072971781305115 0.9456937095825985
0 0.44146825396825395 0.2372868900646678 0.46902557319223986 0.23581716637272193 0.4673721340388007 0.9420194003527337 0.43264991181657847 0.9405496766607877
0 0.4712301587301587 0.2380217519106408 0.4954805996472663 0.23581716637272193 0.49382716049382713 0.9464285714285714 0.46571869488536155 0.9427542621987066
0 0.5009920634920635 0.16747501469723688 0.5318562610229277 0.16747501469723688 0.5285493827160493 0.9464285714285714 0.4954805996472663 0.9501028806584363
0 0.5365134479717814 0.22396751910640794 0.5757826278659612 0.22029320987654316 0.5764715608465609 0.9643408289241624 0.5330687830687831 0.9579107877718989
0 0.5757826278659612 0.21386316872427977 0.6109182098765433 0.21110743680188118 0.6081624779541447 0.9670965608465608 0.5757826278659612 0.9670965608465608
0 0.6122891865079365 0.21168154761904764 0.634765625 0.20961474867724872 0.6378658234126984 0.9701967592592593 0.6060887896825397 0.9670965608465608
0 0.6370907738095238 0.20961474867724872 0.6587921626984127 0.2065145502645503 0.6642175099206349 0.9681299603174603 0.6363157242063492 0.9660631613756614
0 0.6611173115079365 0.2767857142857143 0.7145957341269841 0.2664517195767196 0.7145957341269841 0.9774305555555556 0.6634424603174603 0.9691633597883598
0 0.7161458333333334 0.2778191137566138 0.7587735615079365 0.271618716931217 0.7603236607142857 0.9753637566137566 0.7130456349206349 0.9794973544973545
0 0.7603236607142857 0.18584656084656087 0.7983010912698413 0.17964616402116407 0.7959759424603174 0.9867311507936508 0.7595486111111112 0.9836309523809523
0 0.8029513888888888 0.17964616402116407 0.8316282242063492 0.17964616402116407 0.8362785218253969 0.9898313492063492 0.7928757440476191 0.9877645502645502
