0 0.028292887667887637 0.33656389906389905 0.059771825396825365 0.3378357753357753 0.023523351648351617 0.9279863654863655 0.0 0.9221781305114637
0 0.06263354700854698 0.2793294668294668 0.0922046703296703 0.28060134310134316 0.046417124542124516 0.944520757020757 0.026385073260073232 0.9330738705738705
0 0.09315857753357751 0.27551383801383805 0.11796016483516482 0.27424196174196175 0.07598824786324783 0.935617623117623 0.04737103174603171 0.9267144892144892
0 0.12082188644688643 0.24498880748880747 0.1360844017094017 0.24753256003256002 0.09125076312576309 0.9343457468457468 0.07598824786324783 0.9292582417582417
0 0.13799221611721607 0.2500763125763126 0.1580242673992674 0.25389194139194143 0.10746718559218556 0.930530118030118 0.09029685592185589 0.9279863654863655
0 0.15993208180708177 0.2513481888481889 0.17805631868131866 0.2513481888481889 0.12559142246642244 0.9483363858363858 0.11223672161172159 0.9318019943019942
0 0.18187194749694746 0.2360856735856736 0.2104891636141636 0.2360856735856736 0.1618398962148962 0.9407051282051282 0.12368360805860804 0.9343457468457468
0 0.22765949328449325 0.2309981684981685 0.2562767094017094 0.22845441595441593 0.20667353479853476 0.9381613756613755 0.16756333943833943 0.9318019943019942
0 0.2696314102564102 0.2360856735856736 0.2868017399267399 0.2309981684981685 0.22861340048840045 0.9330738705738705 0.2085813492063492 0.930530118030118
0 0.2926311728395062 0.2303975602586713 0.3091655643738977 0.2322347148736037 0.251984126984127 0.9340277777777778 0.22856040564373897 0.9303534685479131
0 0.3160548941798942 0.21845605526161074 0.35807980599647266 0.21937463256907694 0.30227623456790126 0.9312720458553793 0.2533619929453263 0.9230048500881836
0 0.3766809964726632 0.21294459141681357 0.4228395061728395 0.21386316872427977 0.357390873015873 0.9395392416225751 0.30434303350970016 0.9230048500881836
0 0.4235284391534392 0.3112323633156966 0.4600418871252205 0.31674382716049376 0.4028604497354497 0.9275977366255145 0.36083553791887124 0.9211676954732511
0 0.466931216931217 0.23499044679600226 0.4910438712522046 0.23499044679600226 0.42835097001763667 0.9285163139329806 0.4028604497354497 0.9266791593180482
0 0.5117118606701941 0.13945840681951788 0.5385802469135803 0.14037698412698407 0.46486441798941797 0.9303534685479131 0.43317350088183426 0.9285163139329806
0 0.5358245149911818 0.24325764256319804 0.5558035714285715 0.24785052910052902 0.488288139329806 0.9184119635508524 0.466931216931217 0.9147376543209877
0 0.5633818342151675 0.205595972957084 0.5923170194003529 0.2046773956496178 0.5186011904761906 0.91657480893592 0.4896660052910053 0.9101447677836567
0 0.5923170194003529 0.2322347148736037 0.6178075396825398 0.2331532921810699 0.5847387566137567 0.9184119635508524 0.5544257054673722 0.9101447677836567
0 0.6205632716049383 0.18906158142269247 0.6460537918871253 0.18906158142269247 0.6136739417989419 0.9119819223985891 0.5902502204585539 0.9092261904761905
0 0.6474316578483246 0.18814300411522628 0.6722332451499119 0.18722442680776008 0.6460537918871253 0.9027961493239272 0.6164296737213405 0.9018775720164609
0 0.6743000440917107 0.18630584950029389 0.7025462962962964 0.1844686948853615 0.6832561728395062 0.9119819223985891 0.6494984567901235 0.9083076131687242
0 0.7059909611992946 0.24417621987066424 0.761794532627866 0.24876910640799524 0.736304012345679 0.9064704585537919 0.687389770723104 0.9073890358612581
0 0.7583498677248678 0.16793430335096998 0.7797067901234568 0.16609714873603756 0.7597277336860672 0.9147376543209877 0.7383708112874781 0.9055518812463258
0 0.7803957231040565 0.16242283950617278 0.8127755731922399 0.16242283950617278 0.7962411816578484 0.9092261904761905 0.7569720017636685 0.9101447677836567
0 0.8237985008818343 0.09536669606114045 0.8885582010582012 0.09077380952380946 0.8610008818342152 0.9138190770135215 0.7934854497354498 0.9174933862433863
0 0.8947585978835979 0.15507422104644322 0.9209380511463846 0.15231848912404464 0.9002700617283951 0.9092261904761905 0.8651344797178131 0.9037147266313933
