0 0.008281573498964813 0.13840004600874165 0.06543305728088337 0.13840004600874165 0.09767691499904112 0.9996693121693122 0.041709799861973776 0.9996693121693122
0 0.07082470669427189 0.17721992178513915 0.14846445824706697 0.17721992178513915 0.1711093857832988 0.9967506326201978 0.09346963423050378 0.999626178974005
0 0.15601276742581088 0.1800954681389464 0.1765010351966874 0.9981884057971013 0.244435817805383 0.999626178974005 0.22610420979986198 0.18153324131585
0 0.23580917874396137 0.18153324131585 0.2541095908551572 0.999669312169312 0.31668391994478945 0.9924373130894869 0.303743961352657 0.19159765355417527
0 0.3048222912353347 0.2289797561536692 0.34795548654244307 0.2289797561536692 0.3598171152518978 0.9809351276742581 0.31884057971014496 0.985248447204969
0 0.34795548654244307 0.18728433402346445 0.3587387853692201 0.9909995399125834 0.39755866114561766 0.9953128594432942 0.38354037267080743 0.18872210720036806
0 0.39001035196687367 0.18872210720036806 0.39755866114561766 0.999626178974005 0.43961352657004826 0.9981884057971013 0.4320652173913043 0.18872210720036806
0 0.4342218771566597 0.16859328272371749 0.43961352657004826 0.999626178974005 0.5312715665976535 0.9938750862663905 0.5312715665976535 0.17146882907752473
0 0.5420548654244306 0.17721992178513915 0.5355848861283643 0.9924373130894869 0.6024413388543823 0.9909995399125834 0.6099896480331263 0.17865769496204278
0 0.6143029675638371 0.21172647803082587 0.6024413388543823 0.9895617667356797 0.640182884748102 0.9909995399125834 0.6531228433402346 0.21316425120772944
0 0.65527950310559 0.19447319990798248 0.6423395445134574 0.9909995399125834 0.6887077294685989 0.9895617667356797 0.7048826777087647 0.20022429261559693
0 0.7156659765355416 0.19015988037727166 0.6930210489993099 0.9981884057971013 0.7437025534851622 0.9981884057971013 0.7652691511387163 0.19303542673107887
0 0.7631124913733609 0.1844087876696572 0.7426242236024844 0.9794973544973545 0.7933057280883368 0.9780595813204509 0.8159506556245687 0.1829710144927536
0 0.8267339544513458 0.22754198297676553 0.7997757073844031 0.9895617667356797 0.8450655624568668 0.9895617667356797 0.8720238095238095 0.2289797561536692
0 0.8720238095238095 0.23329307568438 0.8461438923395445 0.9866862203818725 0.8838854382332644 0.9881239935587761 0.9108436853002071 0.23473084886128362
0 0.9151570048309179 0.29799286864504254 0.8860420979986198 0.985248447204969 0.9162353347135955 0.9809351276742581 0.9539768806073152 0.303743961352657
0 0.9496635610766044 0.24048194156889807 0.9194703243616287 0.9737462617897401 0.9431935817805382 0.9651196227283183 0.9809351276742582 0.24910858063031974
0 0.985248447204969 0.24048194156889807 0.9464285714285714 0.962244076374511 0.9981884057971014 0.9651196227283183 0.9981884057971014 0.24048194156889807
