0 0.015892094017093992 0.38792226292226295 0.0006295787545787286 0.38537851037851034 0.0006295787545787286 0.5799755799755799
0 0.020661630036629998 0.3332315832315832 0.03687805250305248 0.3332315832315832 0.0 0.8224804131054126 0.0 0.6066849816849816
0 0.03497023809523807 0.3217846967846968 0.0 0.8321611446611443 0.01684600122100119 0.841982091982092 0.052140567765567754 0.3217846967846968
0 0.05404838217338214 0.3205128205128205 0.014938186813186798 0.8445258445258446 0.03210851648351645 0.8470695970695971 0.06835699023199021 0.317969067969068
0 0.07121871184371183 0.3383190883190883 0.08361950549450547 0.3395909645909646 0.042601495726495686 0.8470695970695971 0.03210851648351645 0.8457977207977208
0 0.08648122710622709 0.30397842897842897 0.042601495726495686 0.8496133496133496 0.06167963980463979 0.8572446072446073 0.10365155677655674 0.3052503052503053
0 0.10746718559218556 0.3713878713878714 0.06263354700854698 0.852157102157102 0.08648122710622709 0.8597883597883598 0.13036095848595847 0.37265974765974763
0 0.1360844017094017 0.3217846967846968 0.08648122710622709 0.8534289784289784 0.10269764957264955 0.8585164835164836 0.15516254578754576 0.3256003256003256
0 0.15611645299145296 0.317969067969068 0.10174374236874233 0.8610602360602361 0.12654532967032964 0.8597883597883598 0.17424068986568983 0.317969067969068
0 0.1780563186813187 0.29125966625966626 0.12654532967032964 0.8623321123321123 0.13894612332112327 0.8648758648758649 0.19045711233211227 0.29507529507529506
0 0.1875953907203907 0.3001628001628001 0.20858134920634916 0.3014346764346764 0.15230082417582413 0.8610602360602361 0.13990003052503047 0.8547008547008546
0 0.20953525641025642 0.2976190476190476 0.15325473137973136 0.8597883597883598 0.16565552503052502 0.8623321123321123 0.2209821428571428 0.29889092389092387
0 0.22288995726495725 0.28617216117216115 0.1685172466422466 0.8585164835164836 0.19331883394383392 0.8699633699633699 0.2534149877899878 0.28617216117216115
0 0.2600923382173382 0.2810846560846561 0.19713446275946275 0.8623321123321123 0.22670558608058602 0.8699633699633699 0.2858478327228327 0.2836284086284086
0 0.2906173687423687 0.28235653235653235 0.3116033272283272 0.2836284086284086 0.2457837301587301 0.8699633699633699 0.22765949328449323 0.8623321123321123
0 0.31064942002442 0.2798127798127798 0.2457837301587301 0.8648758648758649 0.2620001526251526 0.8725071225071226 0.3278197496947497 0.27854090354090355
0 0.33068147130647124 0.2658221408221408 0.2629540598290598 0.8648758648758649 0.30301816239316237 0.8775946275946276 0.36692994505494503 0.2709096459096459
0 0.3793307387057387 0.2658221408221408 0.31064942002442 0.8636039886039886 0.35071352258852256 0.8801383801383801 0.418440934065934 0.2670940170940171
0 0.4174870268620268 0.34976597476597476 0.35357524420024417 0.8712352462352462 0.38314636752136744 0.8788665038665039 0.44324252136752135 0.35230972730972726
0 0.45659722222222215 0.28235653235653235 0.38410027472527464 0.8788665038665039 0.40604014041514036 0.8826821326821326 0.4766292735042735 0.28998778998778996
0 0.49189178876678874 0.19968457468457468 0.40890186202686196 0.8826821326821326 0.43561126373626363 0.8864977614977614 0.5138316544566544 0.20222832722832723
0 0.5128777472527473 0.2963471713471713 0.43847298534798534 0.8788665038665039 0.46136675824175827 0.8826821326821326 0.5319558913308912 0.3014346764346764
0 0.5424488705738705 0.25691900691900693 0.465182387057387 0.8712352462352462 0.48712225274725274 0.8814102564102564 0.5624809218559219 0.26073463573463573
0 0.5653426434676434 0.28235653235653235 0.5157394688644688 0.8826821326821326 0.5405410561660561 0.8877696377696377 0.5853746947496946 0.2810846560846561
0 0.5920520451770451 0.24165649165649164 0.5453105921855922 0.8839540089540089 0.5710660866910866 0.8852258852258852 0.6111301892551892 0.2442002442002442
0 0.6120840964590966 0.24292836792836794 0.5720199938949938 0.8814102564102564 0.5987293956043955 0.8877696377696377 0.6368856837606838 0.24165649165649164
0 0.6378395909645909 0.24165649165649164 0.6006372100122099 0.8852258852258852 0.628300518925519 0.8890415140415141 0.6635950854700855 0.23656898656898656
0 0.6655028998778999 0.29253154253154257 0.6311622405372405 0.8890415140415141 0.6769497863247862 0.8941290191290191 0.7103365384615384 0.2938034188034188
0 0.7160599816849815 0.21876271876271877 0.6779036935286935 0.8941290191290191 0.695074023199023 0.9004884004884004 0.732276404151404 0.22003459503459502
0 0.731322496947497 0.21749084249084247 0.6960279304029303 0.8979446479446479 0.7265529609279608 0.9030321530321529 0.7637553418803418 0.21494708994708994
0 0.7723405067155067 0.1538970288970289 0.7284607753357752 0.9017602767602767 0.7914186507936508 0.9157509157509157 0.8324366605616605 0.1488095238095238
0 0.8352983821733823 0.20222832722832723 0.7942803724053723 0.9017602767602767 0.8267132173382173 0.9055759055759056 0.8648695054945054 0.19714082214082215
