0 0.18271072796934867 0.23659003831417622 0.22376163108921732 0.23773034117861702 0.2357348111658457 0.9481390257252326 0.2006704980842912 0.9595420543696406
0 0.2246168582375479 0.2422915526363802 0.2588259441707718 0.24343185550082103 0.27422003284072255 0.9333150884875023 0.23915571975916805 0.9424375114030287
0 0.251984126984127 0.049580368545885746 0.2767857142857143 0.05072067141032654 0.2998768472906404 0.9333150884875023 0.27422003284072255 0.9378762999452654
0 0.2810618500273673 0.11457763181901111 0.3195470717022441 0.1168582375478927 0.34178297755883963 0.9310344827586207 0.30073207443897104 0.9355956942163838
0 0.32809934318555006 0.15904944353220213 0.3614532019704434 0.15904944353220213 0.37941297208538594 0.9207717569786535 0.3375068418171867 0.9253329684364168
0 0.3614532019704434 0.15106732348111657 0.4016488779419814 0.15676883780332054 0.41276683087027916 0.928753877029739 0.3785577449370553 0.928753877029739
0 0.39993842364532023 0.12484035759897827 0.4298713738368911 0.12255975187009666 0.44441023535851126 0.9230523627075351 0.41704296661193213 0.9241926655719758
0 0.43329228243021345 0.0894909688013136 0.459804324028462 0.09405218025907679 0.4786193212917351 0.9196314541142127 0.44526546250684185 0.9207717569786535
0 0.46579091406677614 0.15334792920999812 0.4974343185550082 0.15334792920999812 0.5094074986316366 0.9105090311986863 0.4803297755883963 0.9173508483853311
0 0.4991447728516694 0.12826126619230063 0.5324986316365627 0.13510308337894544 0.5444718117131911 0.9082284254698049 0.5094074986316366 0.9116493340631271
0 0.5342090859332239 0.1385239919722678 0.5607211275314724 0.14194490056559017 0.570128626163109 0.8979656996898375 0.5427613574165299 0.90138660828316
0 0.5581554460864806 0.06668491151249767 0.5940749863163657 0.07124612297026087 0.6026272577996716 0.8911238825031927 0.570128626163109 0.8979656996898375
0 0.6043377120963328 0.13510308337894544 0.6496647509578545 0.13738368910782703 0.6565065681444993 0.8888432767743113 0.6111795292829776 0.8945447910965152
0 0.6496647509578545 0.13510308337894544 0.6804529282977559 0.1385239919722678 0.6924261083743842 0.8854223681809889 0.6556513409961686 0.8922641853676336
0 0.6813081554460866 0.13624338624338622 0.7009783798576902 0.13966429483670859 0.7146620142309799 0.8888432767743113 0.6915708812260537 0.8865626710454296
0 0.703544061302682 0.1385239919722678 0.7274904214559388 0.13966429483670859 0.7360426929392447 0.879720853858785 0.7146620142309799 0.8842820653165481
0 0.7309113300492611 0.21264367816091953 0.7728174603174603 0.21492428388980112 0.7788040503557745 0.8728790366721401 0.7377531472359059 0.8762999452654625
0 0.7753831417624522 0.2137839810253603 0.8113026819923372 0.21834519248312345 0.8164340448823209 0.8671775223499362 0.7805145046524358 0.8705984309432584
0 0.8113026819923372 0.1385239919722678 0.8378147235905856 0.13738368910782703 0.8429460864805692 0.8648969166210545 0.818144499178982 0.8660372194854953
0 0.8403804050355774 0.1339627805145046 0.8686029009304872 0.1385239919722678 0.8720238095238096 0.8591954022988506 0.845511767925561 0.861476008027732
