0 0.17843459222769567 0.3426382047071702 0.2040914066776136 0.34605911330049266 0.16475095785440613 0.9082284254698049 0.13823891625615764 0.9105090311986863
0 0.21007799671592775 0.3483397190293742 0.2357348111658457 0.35062032475825583 0.1981048166392994 0.9093687283342455 0.1733032293377121 0.9093687283342455
0 0.24257662835249041 0.20694216383871555 0.2588259441707718 0.20694216383871555 0.21777504105090312 0.9105090311986863 0.1981048166392994 0.9082284254698049
0 0.25540503557744937 0.25255427841634737 0.2819170771756979 0.2548348841452289 0.24941844553913523 0.9150702426564495 0.21606458675424195 0.9093687283342455
0 0.29046934865900387 0.2822021528918081 0.31441570881226055 0.28562306148513045 0.2793513957307061 0.9139299397920088 0.25626026272578 0.9093687283342455
0 0.3169813902572523 0.2753603357051633 0.34263820470717027 0.27992154716292644 0.30928434592227694 0.9173508483853311 0.2793513957307061 0.9150702426564495
0 0.34434865900383144 0.25141397555190653 0.36487411056376573 0.25141397555190653 0.3332307060755337 0.9150702426564495 0.30928434592227694 0.9105090311986863
0 0.36743979200875754 0.22404670680532746 0.3879652435686919 0.2251870096697683 0.36316365626710456 0.9207717569786535 0.33579638752052543 0.9162105455208902
0 0.39309660645867545 0.26851851851851855 0.41618773946360155 0.26965882138295927 0.3905309250136837 0.9196314541142127 0.36316365626710456 0.9219120598430943
0 0.4238847837985769 0.24913336982302495 0.4486863711001642 0.24913336982302495 0.4255952380952381 0.9241926655719758 0.38967569786535305 0.9241926655719758
0 0.4495415982484948 0.2536945812807882 0.47519841269841273 0.2548348841452289 0.4503968253968254 0.9241926655719758 0.42730569239189936 0.9230523627075351
0 0.47519841269841273 0.19553913519430755 0.508552271483306 0.19896004378762996 0.4820402298850575 0.9276135741652982 0.4495415982484948 0.9230523627075351
0 0.5094074986316366 0.24457215836526178 0.5444718117131911 0.2457124612297026 0.5324986316365627 0.9333150884875023 0.4923029556650247 0.9253329684364168
0 0.548747947454844 0.2479930669585842 0.5735495347564313 0.24343185550082103 0.5667077175697866 0.9310344827586207 0.5316434044882322 0.9333150884875023
0 0.5761152162014231 0.2388706440430578 0.6009168035030105 0.24115124977193936 0.5906540777230433 0.9378762999452654 0.565852490421456 0.9355956942163838
0 0.6009168035030105 0.2388706440430578 0.6197318007662835 0.2400109469074986 0.6163108921729612 0.9378762999452654 0.5915093048713739 0.9344553913519431
0 0.6257183908045978 0.29930669585842 0.6642036124794746 0.30044699872286074 0.6616379310344829 0.940156905674147 0.6137452107279694 0.9367359970808246
0 0.6676245210727969 0.3038679073161832 0.707820197044335 0.3038679073161832 0.7052545155993433 0.9390166028097062 0.6599274767378216 0.9367359970808246
0 0.707820197044335 0.22860791826309063 0.7360426929392447 0.22974822112753146 0.7377531472359059 0.9424375114030287 0.7061097427476738 0.9378762999452654
0 0.7386083743842364 0.22746761539864988 0.7711070060207992 0.22974822112753146 0.7702517788724687 0.9447181171319101 0.7411740558292282 0.9447181171319101
