0 0.03141534391534391 0.34384185773074666 0.04133597883597883 0.34384185773074666 0.008267195767195768 0.5650352733686067 0.0022045855379188716 0.5496031746031746
0 0.04243827160493827 0.3328189300411522 0.057870370370370364 0.33502351557907106 0.0011022927689594358 0.6951058201058201 0.0005511463844797179 0.6172104644326866
0 0.05952380952380952 0.33134920634920634 0.07054673721340389 0.33134920634920634 0.002755731922398589 0.7796149323927102 0.002755731922398589 0.6973104056437389
0 0.08156966490299823 0.319591416813639 0.09755291005291004 0.31665196942974716 0.023148148148148147 0.8200323339212229 0.004409171075837743 0.8185626102292769
0 0.09755291005291004 0.37617577895355675 0.11408730158730158 0.37617577895355675 0.04574514991181657 0.8192974720752498 0.027557319223985893 0.8192974720752498
0 0.12455908289241623 0.3291446208112875 0.1388888888888889 0.3298794826572604 0.06007495590828924 0.8215020576131687 0.04574514991181657 0.8215020576131687
0 0.14109347442680778 0.3107730746619635 0.158179012345679 0.31224279835390945 0.07826278659611993 0.8229717813051146 0.06172839506172839 0.8192974720752498
0 0.1609347442680776 0.30195473251028804 0.17195767195767198 0.30195473251028804 0.089836860670194 0.8229717813051146 0.07991622574955909 0.8222369194591417
0 0.17195767195767198 0.30636390358612575 0.1802248677248677 0.30709876543209874 0.10085978835978834 0.8222369194591417 0.09149029982363314 0.8207671957671958
0 0.18284970238095244 0.3032407407407408 0.1940104166666667 0.3024140211640212 0.10906498015873022 0.8348214285714286 0.09976438492063498 0.8331679894179894
0 0.19897073412698418 0.2900132275132276 0.21819196428571433 0.2883597883597884 0.13386656746031753 0.8356481481481481 0.10720486111111117 0.8348214285714286
0 0.230592757936508 0.2867063492063493 0.24547371031746038 0.2842261904761906 0.16114831349206354 0.839781746031746 0.13696676587301593 0.8306878306878307
0 0.2597346230158731 0.2817460317460318 0.26717509920634924 0.2825727513227514 0.1809895833333334 0.8406084656084656 0.1667286706349207 0.8373015873015873
0 0.2727554563492064 0.28091931216931226 0.28515625000000006 0.28091931216931226 0.19959077380952386 0.8414351851851852 0.18470982142857148 0.8364748677248677
0 0.2907366071428572 0.27430555555555564 0.31801835317460325 0.2693452380952382 0.23121279761904767 0.8472222222222222 0.2014508928571429 0.8414351851851852
0 0.3366195436507937 0.27017195767195773 0.3620411706349207 0.2660383597883599 0.2764756944444445 0.845568783068783 0.24175347222222227 0.8356481481481481
0 0.36080109126984133 0.3420965608465609 0.38498263888888895 0.34126984126984133 0.3099578373015874 0.8521825396825397 0.2839161706349207 0.8447420634920635
0 0.3992435515873016 0.27595899470899476 0.41350446428571436 0.27595899470899476 0.3297991071428572 0.8472222222222222 0.3142981150793651 0.845568783068783
0 0.4321056547619048 0.20320767195767203 0.45194692460317465 0.19990079365079372 0.3583209325396826 0.855489417989418 0.33041914682539686 0.8472222222222222
0 0.45194692460317465 0.2883597883597884 0.46744791666666674 0.28753306878306883 0.3818824404761905 0.8530092592592593 0.3651413690476191 0.845568783068783
0 0.478608630952381 0.2536375661375662 0.4972098214285715 0.2528108465608466 0.4097842261904762 0.8530092592592593 0.38870287698412703 0.8513558201058201
0 0.49968998015873023 0.27347883597883604 0.5158110119047619 0.27017195767195773 0.4618675595238096 0.8571428571428571 0.43892609126984133 0.8563161375661376
0 0.5238715277777778 0.23875661375661383 0.5412326388888888 0.2329695767195768 0.4885292658730159 0.8596230158730159 0.4662078373015874 0.8530092592592593
0 0.5437127976190477 0.240410052910053 0.5623139880952381 0.23710317460317468 0.5139508928571429 0.8670634920634921 0.4897693452380953 0.8637566137566137
0 0.5660342261904762 0.2329695767195768 0.5871155753968254 0.22718253968253976 0.5486731150793651 0.8678902116402116 0.5170510912698413 0.8621031746031746
0 0.5871155753968254 0.2817460317460318 0.6336185515873016 0.27265211640211645 0.5964161706349206 0.87119708994709 0.5499131944444444 0.8621031746031746
0 0.6354786706349206 0.20899470899470907 0.650359623015873 0.20568783068783075 0.6137772817460317 0.8720238095238095 0.5970362103174603 0.8678902116402116
0 0.6515997023809523 0.2007275132275133 0.6813616071428571 0.2007275132275133 0.6422991071428571 0.8753306878306878 0.611297123015873 0.8645833333333334
0 0.687389770723104 0.14405129335684885 0.7390597442680776 0.13394694297472068 0.7059909611992946 0.8761574074074074 0.6432980599647267 0.8715645208700765
0 0.750082671957672 0.1844686948853615 0.7721285273368608 0.18079438565549671 0.7445712081128748 0.8807502939447385 0.7108134920634922 0.8761574074074074
