0 0.001074735449735417 0.4244929453262787 0.018435846560846528 0.41898148148148145 0.136656746031746 0.9613095238095238 0.10028108465608464 0.9635141093474426
0 0.0192625661375661 0.3583553791887125 0.04241071428571426 0.35615079365079366 0.1548445767195767 0.9557980599647266 0.13831018518518515 0.9613095238095238
0 0.040757275132275096 0.3186728395061728 0.09201388888888887 0.31646825396825395 0.19948743386243384 0.9557980599647266 0.1507109788359788 0.9546957671957672
0 0.10276124338624337 0.3263888888888889 0.13913690476190474 0.32418430335097 0.2333829365079365 0.9557980599647266 0.20114087301587302 0.9635141093474426
0 0.15236441798941797 0.41898148148148145 0.18956679894179893 0.4156746031746032 0.26231812169312163 0.9557980599647266 0.23172949735449733 0.9591049382716048
0 0.17385912698412695 0.25143298059964725 0.20114087301587302 0.25143298059964725 0.2854662698412698 0.9657186948853614 0.26231812169312163 0.9624118165784832
0 0.2118882275132275 0.3473324514991181 0.23916997354497352 0.3440255731922398 0.30861441798941797 0.9624118165784832 0.28381283068783064 0.9668209876543209
0 0.2590112433862434 0.41457231040564374 0.298693783068783 0.41457231040564374 0.34416335978835977 0.9580026455026455 0.3036541005291005 0.9613095238095238
0 0.3003472222222222 0.40685626102292766 0.3499503968253968 0.40906084656084657 0.3813657407407407 0.9469797178130511 0.34168320105820105 0.9513888888888888
0 0.3466435185185185 0.30764991181657847 0.39790013227513227 0.3098544973544973 0.42683531746031744 0.9425705467372133 0.3838458994708994 0.9469797178130511
0 0.406167328042328 0.2525352733686067 0.43179563492063494 0.2525352733686067 0.4483300264550264 0.9524911816578482 0.4243551587301587 0.9580026455026455
0 0.43427579365079366 0.3109567901234568 0.4904927248677248 0.3098544973544973 0.5028935185185185 0.9557980599647266 0.44750330687830686 0.9535934744268078
0 0.5070271164021164 0.3098544973544973 0.5475363756613756 0.3109567901234568 0.5318287037037037 0.9657186948853614 0.49875992063492064 0.9679232804232805
0 0.5582837301587301 0.2337962962962963 0.6533564814814815 0.23930776014109345 0.6004464285714286 0.9800485008818342 0.5235615079365079 0.9723324514991181
0 0.6607969576719577 0.2933201058201058 0.6938657407407407 0.2933201058201058 0.6376488095238095 0.9613095238095238 0.6062334656084657 0.9624118165784832
0 0.6847718253968254 0.392526455026455 0.7170138888888888 0.38921957671957674 0.6690641534391534 0.9546957671957672 0.6368220899470899 0.9546957671957672
0 0.734375 0.28450176366843033 0.7864583333333334 0.28560405643738973 0.7120535714285714 0.9480820105820106 0.6765046296296295 0.9447751322751323
0 0.7856316137566137 0.28891093474426804 0.824487433862434 0.28780864197530864 0.7484292328042328 0.9425705467372133 0.7161871693121693 0.9458774250440916
0 0.8319279100529101 0.20844356261022925 0.8649966931216931 0.20844356261022925 0.7757109788359788 0.9436728395061728 0.7484292328042328 0.939263668430335
0 0.8674768518518519 0.20293209876543208 0.8922784391534391 0.20403439153439154 0.7980324074074073 0.9480820105820106 0.7765376984126984 0.9491843033509699
0 0.8716104497354498 0.3958333333333333 0.9410548941798942 0.39914021164021163 0.8641699735449736 0.9436728395061728 0.800512566137566 0.9436728395061728
