0 0.003968253968253968 0.3756326201978376 0.0007332643202208284 0.6028007821486081 0.08454845928849222 0.9996693121693122 0.12366287094547966 0.9996693121693122
0 0.0028899240855762643 0.29511732229123533 0.12293529355770293 0.999669312169312 0.15062111801242237 0.999626178974005 0.03739648033126296 0.28936622958362085
0 0.03308316080055208 0.24335748792270528 0.15188119734494837 0.9996693121693122 0.2066942719116632 0.999626178974005 0.10209627329192547 0.23904416839199447
0 0.11503623188405797 0.24910858063031974 0.20849823137436183 0.999669312169312 0.2476708074534161 0.9909995399125834 0.16248274672187718 0.25054635380722334
0 0.17865769496204278 0.3583793420749942 0.24982746721877158 0.9924373130894869 0.28541235334713594 0.9809351276742581 0.2217908902691511 0.3583793420749942
0 0.2077726017943409 0.1599666436622958 0.28541235334713594 0.9809351276742581 0.3123706004140786 0.9766218081435473 0.2476708074534161 0.1599666436622958
0 0.251984126984127 0.2821773636991028 0.31452726017943405 0.9780595813204509 0.3393288474810213 0.9708707154359328 0.28541235334713594 0.27786404416839194
0 0.2994306418219462 0.3497527030135726 0.3371721877156659 0.9679951690821257 0.3770703933747412 0.9493041177823787 0.3457988267770877 0.34400161030595816
0 0.35119047619047616 0.3425638371290546 0.38030538302277433 0.9449907982516679 0.41589026915113864 0.9320508396595353 0.39432367149758457 0.3382505175983436
0 0.3997153209109731 0.23473084886128362 0.41589026915113864 0.9248619737750172 0.46010179434092474 0.914797561536692 0.4536318150448585 0.2318553025074764
0 0.46010179434092474 0.17434437543133194 0.46010179434092474 0.9176731078904992 0.484903381642512 0.914797561536692 0.4838250517598343 0.17434437543133194
0 0.48598171152518976 0.22466643662295835 0.484903381642512 0.914797561536692 0.5345065562456867 0.9047331492983667 0.5528381642512077 0.22754198297676553
0 0.5646997929606624 0.22610420979986195 0.5398982056590752 0.914797561536692 0.5700914423740511 0.907608695652174 0.6002846790890269 0.22466643662295835
0 0.6143029675638371 0.14846445824706692 0.5700914423740511 0.9018576029445595 0.6326345755693581 0.8932309638831377 0.7048826777087647 0.15709109730848858
0 0.6984126984126984 0.21316425120772944 0.7275276052449965 0.21316425120772944 0.6660628019323671 0.8731021394064873 0.6358695652173912 0.8788532321141017
0 0.7167443064182194 0.3080572808833678 0.7393892339544512 0.3080572808833678 0.6854727398205659 0.8472222222222222 0.6660628019323671 0.8587244076374511
0 0.7544858523119392 0.20597538532321139 0.6897860593512767 0.851535541752933 0.7242926155969635 0.8414711295146078 0.7889924085576259 0.207413158500115
0 0.7889924085576259 0.207413158500115 0.7264492753623188 0.844346675868415 0.7501725327812284 0.8314067172762825 0.8191856452726017 0.2088509316770186
0 0.8278122843340233 0.14127559236254886 0.7512508626639062 0.8270933977455716 0.7749741200828157 0.8242178513917644 0.8493788819875776 0.1455889118932597
0 0.8526138716356106 0.1312111801242236 0.7728174603174603 0.8213423050379571 0.7889924085576259 0.8199045318610536 0.8709454796411317 0.13840004600874165
0 0.8493788819875776 0.31237060041407866 0.9011387163561076 0.3066195077064642 0.8364389233954452 0.8055268000920175 0.7933057280883368 0.8170289855072463
