0 0.026204159824849475 0.1943988323298668 0.05699233716475095 0.19553913519430755 0.07580733442802408 0.8352490421455938 0.04330870279146141 0.8352490421455938
0 0.06554460864805692 0.13168217478562302 0.08607006020799123 0.13510308337894544 0.09718801313628898 0.8352490421455938 0.07580733442802408 0.8352490421455938
0 0.09120142309797481 0.09747308885239916 0.14165982484948003 0.09861339171683996 0.1476464148877942 0.8329684364167121 0.09804324028461958 0.8363893450100346
0 0.14251505199781062 0.11001642036124791 0.17843459222769567 0.1122970260901295 0.18442118226600987 0.8318281335522715 0.145935960591133 0.8318281335522715
0 0.18271072796934867 0.19553913519430755 0.21264367816091956 0.19667943805874838 0.2194854953475643 0.8386699507389163 0.18613163656267104 0.8386699507389163
0 0.2194854953475643 0.037037037037037 0.2442870826491516 0.041598248494800184 0.24257662835249041 0.8420908593322385 0.21777504105090312 0.8432311621966795
0 0.2442870826491516 0.13738368910782703 0.26823344280240835 0.1385239919722678 0.2673782156540777 0.8409505564677978 0.24343185550082105 0.8409505564677978
0 0.2793513957307061 0.20238095238095238 0.31783661740558294 0.20352125524539313 0.30928434592227694 0.8363893450100346 0.2699438970990695 0.8352490421455938
0 0.3255336617405583 0.20466155810983397 0.36487411056376573 0.2080824667031563 0.35119047619047616 0.8352490421455938 0.31185002736726875 0.8318281335522715
0 0.37000547345374935 0.11457763181901111 0.42217432950191575 0.1122970260901295 0.40250410509031204 0.8352490421455938 0.35632183908045983 0.8318281335522715
0 0.4307266009852217 0.06668491151249767 0.45210727969348663 0.06668491151249767 0.4281609195402299 0.839810253603357 0.4033593322386426 0.8341087392811531
0 0.455528188286809 0.10659551176792553 0.5094074986316366 0.10659551176792553 0.48289545703338815 0.8432311621966795 0.4298713738368911 0.8386699507389163
0 0.517104542966612 0.10545520890348474 0.5521688560481665 0.10887611749680712 0.517104542966612 0.8569147965699689 0.4846059113300493 0.851213282247765
0 0.565852490421456 0.03817733990147779 0.6590722495894911 0.04045794563035939 0.593219759168035 0.8569147965699689 0.5196702244116038 0.8569147965699689
0 0.6556513409961686 0.09861339171683996 0.6907156540777231 0.10203430031016232 0.6351258894362343 0.8569147965699689 0.6069033935413246 0.8523535851122057
0 0.6830186097427476 0.20238095238095238 0.7155172413793104 0.20466155810983397 0.6710454296661195 0.8523535851122057 0.6368363437328954 0.8500729793833242
0 0.7240695128626163 0.10431490603904395 0.7668308702791462 0.10545520890348474 0.720648604269294 0.8443714650611202 0.6770320197044335 0.8420908593322385
0 0.7693965517241379 0.10659551176792553 0.8078817733990149 0.10773581463236633 0.7599890530925014 0.8489326765188834 0.7274904214559388 0.8489326765188834
0 0.8078817733990149 0.04501915708812256 0.8395251778872469 0.04844006568144495 0.7890667761357417 0.8500729793833242 0.765120415982485 0.8477923736544426
0 0.8463669950738917 0.04045794563035939 0.866892446633826 0.04273855135924098 0.8121579091406678 0.8500729793833242 0.7907772304324029 0.8432311621966795
0 0.8557744937055282 0.22062579821200504 0.9216269841269843 0.22404670680532746 0.8857074438970991 0.8477923736544426 0.8224206349206349 0.8477923736544426
