0 0.021221532091097315 0.19447319990798248 0.0 0.19447319990798248 0.0 0.618616287094548
0 0.024456521739130425 0.24479526109960892 0.04386645962732918 0.24479526109960892 0.0061249137336093756 0.8500977685760295 8.8112938462314e-19 0.6657670314502614
0 0.04494478951000688 0.19591097308488611 0.06974637681159418 0.19447319990798248 0.02553485162180813 0.8472222222222222 0.005046583850931672 0.8472222222222222
0 0.07082470669427189 0.16571773636991027 0.028769841269841268 0.8558488612836439 0.060041407867494796 0.8529733149298366 0.09993961352657006 0.16571773636991027
0 0.10209627329192547 0.16140441683919945 0.05896307798481709 0.8558488612836439 0.09131297446514837 0.8572866344605474 0.13336783988957898 0.16140441683919945
0 0.1312111801242236 0.21891534391534387 0.09023464458247067 0.8572866344605474 0.11719289164941338 0.8558488612836439 0.15062111801242237 0.21603979756153666
0 0.15062111801242237 0.23760639521509086 0.17865769496204278 0.23473084886128362 0.1430728088336784 0.8558488612836439 0.11611456176673568 0.8558488612836439
0 0.1818926846100759 0.15565332413158497 0.14199447895100067 0.8558488612836439 0.17865769496204278 0.8587244076374511 0.21424258109040717 0.15565332413158497
0 0.21424258109040717 0.15709109730848858 0.18081435472739818 0.8529733149298366 0.218555900621118 0.851535541752933 0.2509057971014493 0.15709109730848858
0 0.2573757763975155 0.16427996319300667 0.2228692201518288 0.8429089026915114 0.25521911663216007 0.844346675868415 0.28972567287784673 0.16284219001610306
0 0.28864734299516903 0.14127559236254886 0.2573757763975155 0.8500977685760295 0.28864734299516903 0.8500977685760295 0.31884057971014496 0.14127559236254886
0 0.31884057971014496 0.15134000460087413 0.2908040027605244 0.8500977685760295 0.33393719806763283 0.8472222222222222 0.3598171152518978 0.14846445824706692
0 0.3587387853692201 0.19734874626178972 0.3371721877156659 0.8529733149298366 0.36628709454796404 0.8529733149298366 0.3878536922015182 0.19303542673107887
0 0.3932453416149069 0.20166206579250054 0.36736542443064185 0.8429089026915114 0.4191252587991719 0.8429089026915114 0.4342218771566597 0.20022429261559693
0 0.4342218771566597 0.2088509316770186 0.4234385783298827 0.8472222222222222 0.46333678398895783 0.8486599953991258 0.4698067632850242 0.2088509316770186
0 0.474120082815735 0.12833563377041635 0.46441511387163553 0.8414711295146078 0.49460835058661146 0.8429089026915114 0.4989216701173223 0.1312111801242236
0 0.5 0.1829710144927536 0.5010783298826778 0.8457844490453186 0.5398982056590752 0.8400333563377042 0.5345065562456867 0.1800954681389464
0 0.536663216011042 0.09239130434782608 0.5496031746031746 0.8429089026915114 0.6089113181504485 0.8400333563377042 0.592736369910283 0.08807798481711522
0 0.5948930296756384 0.15709109730848858 0.6121463077984817 0.844346675868415 0.6520445134575569 0.8400333563377042 0.629399585921325 0.15565332413158497
0 0.636947895100069 0.026253738210259933 0.6520445134575569 0.8457844490453186 0.7027260179434093 0.8400333563377042 0.670376121463078 0.014751552795031044
0 0.6822377501725327 0.1542155509546814 0.7210576259489303 0.15277777777777773 0.7426242236024844 0.832844490453186 0.6994910282953761 0.8357200368069934
0 0.7210576259489303 0.15277777777777773 0.7447808833678399 0.8357200368069934 0.792227398205659 0.8342822636300897 0.7609558316080055 0.1455889118932597
0 0.7631124913733609 0.08520243846330802 0.7943840579710145 0.8385955831608006 0.8202639751552795 0.837157809983897 0.7825224292615597 0.08376466528640439
0 0.7879140786749482 0.16571773636991027 0.8202639751552795 0.8357200368069934 0.8752587991718426 0.832844490453186 0.833203933747412 0.1599666436622958
0 0.8310472739820566 0.08376466528640439 0.8763371290545203 0.825655624568668 0.9054520358868184 0.8285311709224752 0.8536922015182884 0.08232689210950078
