0 0.06554460864805692 0.30842911877394635 0.11258210180623973 0.29930669585842 0.21863026819923373 0.9629629629629629 0.1801450465243569 0.97322568874293
0 0.09804324028461958 0.1852764094143404 0.16133004926108374 0.18185550082101806 0.2639573070607554 0.9527002371829957 0.21777504105090312 0.9618226600985222
0 0.16731663929939794 0.22062579821200504 0.22205117679255612 0.2172048896186827 0.3101395730706076 0.9584017515051998 0.26566776135741654 0.9606823572340814
0 0.21349890530925014 0.1339627805145046 0.2776409414340449 0.12826126619230063 0.3588875205254516 0.945858419996351 0.31099480021893816 0.945858419996351
0 0.2776409414340449 0.10887611749680712 0.33579638752052543 0.10203430031016232 0.4084906951286262 0.9355956942163838 0.36059797482211275 0.9492793285896733
0 0.349480021893815 0.13510308337894544 0.4264504652435687 0.1328224776500638 0.4580938697318008 0.9036672140120415 0.40592501368363443 0.9276135741652982
0 0.4298713738368911 0.12826126619230063 0.49486863711001644 0.12826126619230063 0.5068418171866448 0.9002463054187192 0.459804324028462 0.9116493340631271
0 0.5 0.2673782156540777 0.5624315818281336 0.2650976099251961 0.5598659003831419 0.8854223681809889 0.5076970443349754 0.8842820653165481
0 0.570128626163109 0.2650976099251961 0.6325602079912425 0.2650976099251961 0.6128899835796389 0.879720853858785 0.5590106732348111 0.8854223681809889
0 0.6462438423645321 0.1852764094143404 0.6753215654077723 0.18641671227878123 0.6436781609195403 0.8728790366721401 0.6180213464696224 0.8740193395365808
0 0.6881499726327313 0.1465061120233534 0.7317665571975918 0.14878671775223498 0.6804529282977559 0.8728790366721401 0.6470990695128627 0.8728790366721401
0 0.7445949644225507 0.14308520343003098 0.7873563218390804 0.14536580915891256 0.7197933771209634 0.8751596424010217 0.6821633825944171 0.8762999452654625
0 0.8027504105090313 0.1693121693121693 0.8420908593322387 0.1715927750410509 0.756568144499179 0.8820014595876664 0.7266351943076083 0.878580550994344
