0 0.007203243616287108 0.26492408557625946 0.05896307798481709 0.933488612836439 0.04063146997929607 0.933488612836439 0.0 0.4625802941020333
0 0.03955314009661837 0.9378019323671498 0.009359903381642515 0.9363641591902462 0.0 0.8415171382562687 0.0 0.4676501035196687
0 0.007203243616287108 0.26204853922245225 0.03200483091787438 0.2577352196917414 0.07621635610766046 0.9378019323671498 0.05572808833678398 0.933488612836439
0 0.030926501035196678 0.23329307568438 0.07621635610766046 0.9536174373130895 0.1096445824706694 0.9550552104899931 0.06866804692891648 0.23616862203818723
0 0.06543305728088337 0.2304175293305728 0.10748792270531399 0.9521796641361858 0.1344461697722567 0.9608063031976075 0.09993961352657006 0.2318553025074764
0 0.10425293305728088 0.3080572808833678 0.1312111801242236 0.3051817345295606 0.1581694271911663 0.9651196227283183 0.13228951000690128 0.9679951690821257
0 0.13336783988957898 0.33393719806763283 0.16140441683919945 0.3324994248907292 0.18620600414078678 0.9679951690821257 0.15709109730848858 0.9679951690821257
0 0.15601276742581088 0.24048194156889807 0.185127674258109 0.9694329422590292 0.2207125603864734 0.9679951690821257 0.19591097308488611 0.24048194156889807
0 0.19806763285024157 0.23473084886128362 0.2207125603864734 0.9651196227283183 0.25521911663216007 0.9651196227283183 0.2401224982746722 0.23760639521509086
0 0.244435817805383 0.24191971474580168 0.26168909592822637 0.9608063031976075 0.2918823326432021 0.9536174373130895 0.2843340234644582 0.24191971474580168
0 0.2821773636991028 0.21891534391534387 0.2918823326432021 0.9593685300207039 0.3242322291235335 0.962244076374511 0.31991890959282265 0.21747757073844026
0 0.31884057971014496 0.23760639521509086 0.3274672187715666 0.9665573959052219 0.36844375431331955 0.9694329422590292 0.370600414078675 0.23760639521509086
0 0.3716787439613527 0.3051817345295606 0.36844375431331955 0.9823729008511617 0.39648033126293997 0.9794973544973545 0.4007936507936508 0.3051817345295606
0 0.40942028985507245 0.30086841499884975 0.4029503105590062 0.9636818495514147 0.44608350586611456 0.962244076374511 0.4536318150448585 0.3066195077064642
0 0.4557884748102139 0.3209972394755003 0.4525534851621808 0.9737462617897401 0.49137336093857825 0.9708707154359328 0.49460835058661146 0.3224350126524039
0 0.5010783298826778 0.22035311709224753 0.49029503105590055 0.9766218081435473 0.5172532781228433 0.9751840349666436 0.5301932367149759 0.22322866344605474
0 0.5269582470669427 0.29511732229123533 0.5280365769496204 0.9794973544973545 0.5614648033126294 0.9751840349666436 0.5733264320220842 0.28936622958362085
0 0.577639751552795 0.17578214860823554 0.5700914423740511 0.9794973544973545 0.6304779158040027 0.9809351276742581 0.644496204278813 0.17721992178513915
0 0.644496204278813 0.27498849781458473 0.6347912353347136 0.9924373130894869 0.6725327812284334 0.9924373130894869 0.6908643892339543 0.27786404416839194
0 0.6994910282953761 0.08951575799401885 0.6725327812284334 0.9924373130894869 0.7156659765355416 0.9909995399125834 0.7458592132505176 0.08664021164021161
0 0.7447808833678399 0.27498849781458473 0.7221359558316081 0.985248447204969 0.7598775017253278 0.985248447204969 0.7911490683229813 0.27355072463768115
0 0.792227398205659 0.2721129514607775 0.7598775017253278 0.9881239935587761 0.8051673567977914 0.9895617667356797 0.8429089026915114 0.2677996319300667
0 0.8493788819875776 0.18728433402346445 0.8094806763285025 0.9967506326201978 0.8342822636300897 0.9895617667356797 0.8763371290545203 0.19015988037727166
0 0.8709454796411317 0.29224177593742806 0.8342822636300897 0.9924373130894869 0.884963768115942 0.9909995399125834 0.925940303657695 0.2908040027605245
0 0.9324102829537612 0.18728433402346445 0.8860420979986198 0.9881239935587761 0.9151570048309179 0.9866862203818725 0.9604468599033817 0.18728433402346445
