0 0.0034913003663003352 0.21573565323565322 0.03783195970695968 0.21700752950752952 0.04164758852258849 0.9979395604395603 0.0 0.9954715551937773
0 0.040195675971538045 0.28277230432402845 0.06670771756978654 0.28277230432402845 0.0692941942983922 0.9996693121693122 0.04260149572649569 0.9996693121693122
0 0.06835699023199021 0.2220950345950346 0.114144536019536 0.22336691086691085 0.10747417987086559 0.9996693121693122 0.07121871184371183 0.9996693121693122
0 0.1150984432234432 0.1953856328856329 0.15516254578754576 0.20174501424501426 0.15134691697191696 0.9992114367114366 0.11032890720390717 0.9979395604395603
0 0.160885989010989 0.20174501424501426 0.19236492673992672 0.20174501424501426 0.19521465637537064 0.9996693121693122 0.15325473137973133 0.9996693121693122
0 0.1984126984126984 0.2757523148148148 0.23251488095238096 0.27988591269841273 0.23173983134920634 0.9991319444444444 0.19485189909297052 0.9942602040816325
0 0.23648313492063489 0.30217781557067275 0.2639420351473923 0.303358843537415 0.2577416383219955 0.996622260015117 0.23294005102040816 0.9989843159486016
0 0.2683708900226758 0.21360071806500378 0.30911635487528344 0.21714380196523056 0.30114441609977327 0.991898148148148 0.26039895124716556 0.996622260015117
0 0.3073448129251701 0.2159627739984883 0.3472045068027211 0.22186791383219956 0.34188988095238093 0.9789068405139832 0.30114441609977327 0.9895360922146635
0 0.34986181972789115 0.22541099773242634 0.3870642006802721 0.2324971655328798 0.3782064909297052 0.9706396447467874 0.34011833900226757 0.9800878684807255
0 0.3879499716553288 0.21478174603174602 0.4224950396825397 0.21478174603174602 0.4145231009070295 0.9623724489795917 0.37732071995464855 0.9694586167800453
0 0.4286954365079365 0.22777305366591083 0.4712124433106576 0.23604024943310659 0.4641262755102041 0.9588293650793649 0.4136373299319728 0.9670965608465607
0 0.4747555272108843 0.2903675359032502 0.5004428854875284 0.2903675359032502 0.49867134353741494 0.9541052532123959 0.46589781746031744 0.9600103930461071
0 0.5004428854875284 0.29863473167044596 0.5385310374149659 0.30099678760393045 0.5358737244897959 0.9387518896447467 0.49689980158730157 0.9434760015117156
0 0.5482745181405895 0.31398809523809523 0.5792765022675737 0.3163501511715797 0.5810480442176871 0.9352088057445198 0.5465029761904762 0.944657029478458
0 0.5863626700680272 0.23367819349962207 0.6093927154195011 0.23722127739984883 0.6102784863945577 0.9352088057445198 0.5828195861678005 0.9363898337112622
0 0.6076211734693877 0.2927295918367347 0.6386231575963718 0.2927295918367347 0.6465950963718821 0.9257605820105819 0.6164788832199546 0.9269416099773241
0 0.6439377834467119 0.20297146636432353 0.6944267290249432 0.2076955782312925 0.7068275226757369 0.9163123582766439 0.6581101190476191 0.9281226379440665
0 0.7059417517006802 0.2856434240362812 0.7334006519274376 0.28446239606953894 0.7484587585034014 0.9104072184429325 0.7183425453514739 0.9163123582766439
0 0.7280860260770975 0.1533682917611489 0.7644026360544217 0.15809240362811794 0.7759176587301587 0.8985969387755102 0.7502303004535147 0.9080451625094481
0 0.7697172619047619 0.2903675359032502 0.7980619331065759 0.2927295918367347 0.8095769557823128 0.8974159108087678 0.7830038265306122 0.8974159108087678
0 0.7998334750566892 0.2903675359032502 0.8308354591836734 0.2903675359032502 0.8441220238095238 0.893872826908541 0.8113484977324262 0.889148715041572
0 0.8319160997732425 0.23620559334845048 0.8482142857142856 0.23809523809523805 0.8659297052154195 0.8909674981103552 0.851048752834467 0.8956916099773242
0 0.8524659863945577 0.3136810279667422 0.8857709750566892 0.3127362055933484 0.8978174603174602 0.8758503401360543 0.8652210884353742 0.8900226757369614
0 0.8786848072562358 0.24187452758881328 0.8985260770975056 0.24187452758881328 0.91765873015873 0.8758503401360543 0.8985260770975056 0.8767951625094481
