0 0.07878637566137563 0.2867063492063492 0.11598875661375657 0.28560405643738973 0.1755125661375661 0.8389550264550265 0.14327050264550262 0.8389550264550265
0 0.11433531746031743 0.22608024691358022 0.136656746031746 0.2249779541446208 0.19204695767195765 0.8356481481481481 0.1755125661375661 0.8345458553791887
0 0.13583002645502643 0.1908068783068783 0.18460648148148145 0.19301146384479717 0.2333829365079365 0.8411596119929453 0.19370039682539683 0.8422619047619048
0 0.18956679894179893 0.19962522045855377 0.22676917989417988 0.20293209876543208 0.2647982804232804 0.845568783068783 0.23420965608465608 0.845568783068783
0 0.2292493386243386 0.2900132275132275 0.26645171957671954 0.29552469135802467 0.2937334656084656 0.853284832451499 0.26231812169312163 0.8576940035273368
0 0.2647982804232804 0.12577160493827155 0.2862929894179894 0.13128306878306875 0.3135747354497354 0.8565917107583774 0.29290674603174605 0.8576940035273368
0 0.29290674603174605 0.2337962962962963 0.32101521164021163 0.2337962962962963 0.3317625661375661 0.855489417989418 0.3135747354497354 0.8510802469135802
0 0.3284556878306878 0.30103615520282184 0.3681382275132275 0.3021384479717813 0.3722718253968254 0.8521825396825397 0.33920304232804227 0.8521825396825397
0 0.3706183862433862 0.29993386243386244 0.41278108465608465 0.30103615520282184 0.41112764550264547 0.8499779541446207 0.37309854497354494 0.8565917107583774
0 0.4193948412698413 0.20734126984126985 0.4714781746031746 0.2062389770723104 0.4532903439153439 0.8598985890652556 0.41030092592592593 0.853284832451499
0 0.4805720899470899 0.15112433862433858 0.5070271164021164 0.15884038800705463 0.47561177248677244 0.8632054673721339 0.4475033068783069 0.8621031746031746
0 0.5078538359788359 0.2062389770723104 0.5723379629629629 0.21064814814814814 0.5252149470899471 0.8731261022927689 0.47561177248677244 0.8698192239858905
0 0.5739914021164022 0.21064814814814814 0.6145006613756613 0.2161596119929453 0.556630291005291 0.8918650793650794 0.5235615079365079 0.8951719576719577
0 0.6285548941798942 0.13899911816578478 0.7393353174603174 0.15002204585537915 0.6178075396825397 0.9072971781305114 0.5533234126984127 0.8995811287477953
0 0.7285879629629629 0.2095458553791887 0.7591765873015873 0.2095458553791887 0.6599702380952381 0.9006834215167548 0.6343419312169312 0.8973765432098765
0 0.7442956349206349 0.3153659611992945 0.7806712962962963 0.3153659611992945 0.6930390211640212 0.8951719576719577 0.6607969576719577 0.8874559082892416
0 0.800512566137566 0.20513668430335094 0.8509424603174603 0.2095458553791887 0.7409887566137566 0.9017857142857143 0.6946924603174603 0.8907627865961198
0 0.8542493386243387 0.2161596119929453 0.890625 0.21505731922398585 0.7757109788359788 0.9050925925925926 0.7426421957671958 0.9006834215167548
0 0.9038525132275133 0.14451058201058198 0.939401455026455 0.14891975308641972 0.8038194444444444 0.9061948853615519 0.7757109788359788 0.9050925925925926
0 0.9435350529100529 0.1356922398589065 0.9716435185185185 0.13899911816578478 0.8302744708994708 0.9072971781305114 0.8046461640211641 0.9072971781305114
0 0.939401455026455 0.3440255731922398 0.9997519841269841 0.34501899753957366 0.8931051587301587 0.9150132275132276 0.8311011904761905 0.9028880070546736
