0 0.03219074986316365 0.3038679073161832 0.07922824302134646 0.3027276044517424 0.1750136836343733 0.9983123517606275 0.13738368910782703 0.9971720488961868
0 0.0672550629447181 0.17615398649881406 0.12883141762452108 0.17273307790549164 0.22993286818348815 0.9996693121693122 0.17672413793103448 0.9983123517606275
0 0.13652846195949644 0.21606458675424187 0.19297345374931582 0.21264367816091953 0.2767857142857143 0.9937511403028644 0.22547208538587848 0.996031746031746
0 0.18784209085933226 0.1168582375478927 0.25369458128078815 0.1157179346834519 0.3322367578153599 0.9996693121693122 0.2819170771756979 0.9996693121693122
0 0.2571154898741106 0.09633278598795837 0.3161261631089218 0.09405218025907679 0.39102682815412915 0.9996693121693122 0.3332307060755337 0.9996693121693122
0 0.3375068418171867 0.12598066046341908 0.419608648056924 0.12370005473453745 0.4520730483649748 0.9996693121693122 0.4016488779419814 0.9948914431673053
0 0.4307266009852217 0.12598066046341908 0.5017104542966613 0.12484035759897827 0.5119224654395056 0.9996693121693122 0.4529625068418172 0.996031746031746
0 0.5128284072249589 0.2867633643495713 0.5846674876847291 0.28334245575624883 0.5726943076081008 0.9994526546250685 0.5094074986316366 0.9994526546250685
0 0.5923645320197044 0.2822021528918081 0.6650588396278052 0.287903667214012 0.6362034756431307 0.9996693121693124 0.5735495347564313 0.9937511403028644
0 0.6838738368910784 0.19667943805874838 0.7180829228243022 0.19553913519430755 0.6732523835048682 0.9996693121693122 0.6411124794745485 0.9996693121693122
0 0.7403188286808977 0.14194490056559017 0.7933429118773947 0.14536580915891256 0.7210164200886657 0.9996693121693122 0.676176792556103 0.9996693121693122
0 0.8061713191023536 0.13966429483670859 0.8626163108921729 0.1408045977011494 0.7711070060207992 0.9983123517606275 0.7189381499726327 0.9994526546250685
0 0.8762999452654626 0.17387338076993247 0.9310344827586208 0.17501368363437322 0.8207101806239738 0.9937511403028644 0.7693965517241379 0.9994526546250685
