0 0.06969246031746029 0.2337962962962963 0.11020171957671956 0.23269400352733685 0.20279431216931212 0.9172178130511464 0.16807208994708991 0.9183201058201058
0 0.09945436507936505 0.10923721340388003 0.16145833333333331 0.1114417989417989 0.24909060846560846 0.9282407407407407 0.20279431216931212 0.9282407407407407
0 0.16807208994708991 0.1544312169312169 0.21684854497354494 0.152226631393298 0.29290674603174605 0.9370590828924161 0.24578373015873015 0.9370590828924161
0 0.21106150793650794 0.06514550264550262 0.27223875661375657 0.06294091710758375 0.33837632275132273 0.9502865961199294 0.2904265873015873 0.9502865961199294
0 0.2805059523809524 0.041997354497354464 0.33672288359788355 0.03869047619047615 0.3854993386243386 0.9403659611992945 0.3400297619047619 0.9469797178130511
0 0.35821759259259256 0.08057760141093472 0.4326223544973545 0.07947530864197527 0.4499834656084656 0.9260361552028218 0.39955357142857145 0.9282407407407407
0 0.44006283068783064 0.08057760141093472 0.5186011904761905 0.08278218694885359 0.5045469576719577 0.9304453262786596 0.44750330687830686 0.9348544973544973
0 0.5276951058201058 0.24261463844797176 0.593832671957672 0.24371693121693122 0.5657242063492064 0.9293430335097 0.5070271164021164 0.9216269841269841
0 0.6012731481481481 0.24702380952380953 0.6731977513227514 0.2525352733686067 0.626901455026455 0.941468253968254 0.5673776455026455 0.9370590828924161
0 0.6922123015873016 0.15884038800705463 0.7335482804232804 0.16214726631393295 0.6591435185185185 0.9491843033509699 0.6302083333333334 0.9315476190476191
0 0.7517361111111112 0.1081349206349206 0.8087797619047619 0.11364638447971778 0.7029596560846562 0.9635141093474426 0.6641038359788359 0.9546957671957672
0 0.8178736772486772 0.11254409171075834 0.8773974867724867 0.11364638447971778 0.7476025132275133 0.9789462081128747 0.7021329365079365 0.9679232804232805
0 0.8947585978835978 0.14891975308641972 0.9518022486772486 0.15553350970017632 0.7939400375758079 0.9996693121693122 0.7517361111111112 0.992173721340388
