0 0.008281573498964813 0.17003105590062112 0.06974637681159418 0.8917931907062341 0.11503623188405797 0.9004198297676559 0.05680641821946168 0.17290660225442833
0 0.07405969634230505 0.24191971474580168 0.11934955141476879 0.8946687370600414 0.15601276742581088 0.8889176443524269 0.11072291235334716 0.24479526109960892
0 0.11287957211870256 0.21316425120772944 0.15709109730848858 0.8932309638831377 0.1948326432022084 0.8903554175293306 0.1603260869565217 0.21747757073844026
0 0.1678743961352657 0.2534219001610306 0.20130262249827469 0.8802910052910053 0.2455141476880607 0.8846043248217161 0.22826086956521738 0.25917299286864504
0 0.22826086956521738 0.2548596733379342 0.2509057971014493 0.8989820565907521 0.2810990338164251 0.8946687370600414 0.2660024154589372 0.2548596733379342
0 0.2660024154589372 0.25917299286864504 0.2832556935817805 0.8975442834138485 0.31344893029675636 0.896106510236945 0.3005089717046239 0.2634863123993559
0 0.2983523119392685 0.26492408557625946 0.3112922705314009 0.8989820565907521 0.3425638371290546 0.896106510236945 0.33285886818495514 0.2634863123993559
0 0.3371721877156659 0.3569415688980906 0.340407177363699 0.9061709224752703 0.36628709454796404 0.9047331492983667 0.36520876466528635 0.3598171152518978
0 0.36736542443064185 0.2692374051069703 0.36413043478260865 0.9047331492983667 0.39432367149758457 0.9032953761214632 0.3921670117322292 0.27498849781458473
0 0.3921670117322292 0.27355072463768115 0.39432367149758457 0.9234242005981136 0.41589026915113864 0.9162353347135955 0.4191252587991719 0.27642627099148837
0 0.4245169082125604 0.1211467678858983 0.4234385783298827 0.9349263860133425 0.4687284334023465 0.9349263860133425 0.49460835058661146 0.1211467678858983
0 0.4956866804692892 0.2836151368760064 0.47627674258109043 0.9277375201288244 0.518331608005521 0.9277375201288244 0.5388198757763975 0.2821773636991028
0 0.536663216011042 0.3138083735909823 0.5237232574189096 0.914797561536692 0.5765614216701173 0.9234242005981136 0.5992063492063492 0.31524614676788587
0 0.6045979986197377 0.28649068322981364 0.5765614216701173 0.9176731078904992 0.6164596273291925 0.9205486542443064 0.6542011732229124 0.2836151368760064
0 0.6639061421670117 0.23616862203818723 0.6229296066252588 0.92198642742121 0.6887077294685989 0.9277375201288244 0.7447808833678399 0.23473084886128362
0 0.7393892339544512 0.29511732229123533 0.6876293995859213 0.933488612836439 0.7189009661835749 0.933488612836439 0.7749741200828157 0.2936795491143317
0 0.7728174603174603 0.3224350126524039 0.7943840579710145 0.3224350126524039 0.7361542443064182 0.9119220151828847 0.7210576259489303 0.9119220151828847
0 0.7965407177363698 0.31955946629859666 0.7383109040717736 0.9162353347135955 0.7889924085576259 0.9191108810674028 0.8558488612836439 0.3166839199447895
0 0.8536922015182884 0.30086841499884975 0.7889924085576259 0.9176731078904992 0.8202639751552795 0.9234242005981136 0.8935904071773636 0.30230618817575333
0 0.8935904071773636 0.30086841499884975 0.8202639751552795 0.9176731078904992 0.8493788819875776 0.9191108810674028 0.933488612836439 0.3094950540602714
0 0.933488612836439 0.3051817345295606 0.8536922015182884 0.9191108810674028 0.9011387163561076 0.9262997469519209 0.9863267770876466 0.3094950540602714
0 0.9820134575569358 0.3497527030135726 0.903295376121463 0.907608695652174 0.936723602484472 0.9119220151828847 0.9992667356797791 0.5395387623648492 0.9981884057971014 0.355503795721187
0 0.9410369220151827 0.9162353347135955 0.9798567977915804 0.9176731078904992 0.9997519841269841 0.7920192994563702 0.9981884057971014 0.5496031746031746
