0 0.0007332643202208284 0.9133597883597884 0.02198859481062595 0.9996693121693122 0.10533126293995858 0.999626178974005 0.0018115942028985605 0.444645732689211
0 0.028769841269841268 0.22754198297676553 0.0 0.23744128319864644 0.0028899240855762643 0.44320795951230735 0.11072291235334716 0.999626178974005 0.1689527260179434 0.9938750862663905
0 0.04710144927536229 0.2692374051069703 0.17542270531400966 0.9809351276742581 0.2401224982746722 0.9536174373130895 0.13552449965493446 0.2634863123993559
0 0.13768115942028986 0.22179089026915114 0.2422791580400276 0.9507418909592823 0.2918823326432021 0.9320508396595353 0.20453761214630778 0.21891534391534387
0 0.19914596273291926 0.14990223142397052 0.2961956521739131 0.9363641591902462 0.36844375431331955 0.9104842420059811 0.30158730158730157 0.1470266850701633
0 0.31452726017943405 0.21316425120772944 0.36628709454796404 0.9119220151828847 0.3997153209109731 0.8989820565907521 0.3533471359558316 0.21316425120772944
0 0.3565821256038647 0.24623303427651252 0.39648033126293997 0.8759776857602944 0.4191252587991719 0.8687888198757765 0.38354037267080743 0.24191971474580168
0 0.3846187025534851 0.2318553025074764 0.4212819185645273 0.8745399125833909 0.4719634230503796 0.851535541752933 0.4493184955141477 0.22610420979986195
0 0.4493184955141477 0.20309983896940417 0.474120082815735 0.8529733149298366 0.5032349896480331 0.8429089026915114 0.48813837129054516 0.20309983896940417
0 0.49137336093857825 0.20166206579250054 0.5043133195307108 0.8414711295146078 0.5345065562456867 0.825655624568668 0.5248015873015873 0.20022429261559693
0 0.5248015873015873 0.19734874626178972 0.5377415458937197 0.8270933977455716 0.5754830917874396 0.8112778927996319 0.5787180814354728 0.19591097308488611
0 0.5808747412008282 0.24479526109960892 0.5765614216701173 0.7983379342074993 0.6078329882677709 0.7897112951460777 0.6229296066252588 0.23760639521509086
0 0.6272429261559697 0.23473084886128362 0.6132246376811593 0.7969001610305957 0.6434178743961353 0.7839602024384633 0.6682194616977226 0.22754198297676553
0 0.6671411318150448 0.2677996319300667 0.6466528640441684 0.7882735219691741 0.6930210489993099 0.7724580170232345 0.7221359558316081 0.2606107660455486
0 0.7318409247757074 0.19015988037727166 0.6897860593512767 0.7724580170232345 0.7232142857142857 0.7609558316080055 0.773895790200138 0.18728433402346445
0 0.773895790200138 0.18584656084656082 0.7954623878536922 0.18728433402346445 0.7437025534851622 0.7465780998389694 0.7253709454796411 0.7523291925465838
0 0.7879140786749482 0.23616862203818723 0.8062456866804693 0.23616862203818723 0.7609558316080055 0.7379514607775478 0.7437025534851622 0.7451403266620658
0 0.8137939958592133 0.1800954681389464 0.7620341614906831 0.7508914193696802 0.7879140786749482 0.7508914193696802 0.8472222222222222 0.17434437543133194
0 0.8450655624568668 0.18153324131585 0.7900707384403036 0.7437025534851622 0.8127156659765354 0.7437025534851622 0.8731021394064871 0.1800954681389464
