0 0.11685823754789272 0.22746761539864988 0.1493568691844554 0.22746761539864988 0.17244800218938153 0.8740193395365808 0.14337027914614123 0.8740193395365808
0 0.14679118773946362 0.13168217478562302 0.19126299945265463 0.13624338624338622 0.21093322386425833 0.8865626710454296 0.1758689107827039 0.8808611567232256
0 0.19211822660098524 0.16247035212552452 0.23402435686918446 0.16247035212552452 0.25369458128078815 0.8991060025542783 0.21435413245758075 0.8945447910965152
0 0.23402435686918446 0.0894909688013136 0.2810618500273673 0.0906312716657544 0.2956007115489874 0.9093687283342455 0.2545498084291188 0.9048075168764824
0 0.2810618500273673 0.07352672869914247 0.3289545703338807 0.07238642583470165 0.33408593322386426 0.9139299397920088 0.2956007115489874 0.9025269111476008
0 0.3546113847837986 0.10431490603904395 0.4016488779419814 0.10659551176792553 0.39993842364532023 0.9105090311986863 0.3546113847837986 0.9105090311986863
0 0.41618773946360155 0.09975369458128075 0.4726327312534209 0.10089399744572153 0.455528188286809 0.9276135741652982 0.4050697865353038 0.9173508483853311
0 0.4854611384783799 0.2457124612297026 0.5410509031198687 0.24685276409414336 0.5119731800766284 0.9321747856230614 0.46237000547345375 0.9184911512497719
0 0.5478927203065135 0.2457124612297026 0.6077586206896552 0.24457215836526178 0.5709838533114395 0.9447181171319101 0.5153940886699507 0.9310344827586207
0 0.623152709359606 0.16703156358328766 0.6556513409961686 0.16703156358328766 0.6060481663929941 0.9538405400474367 0.5735495347564313 0.9538405400474367
0 0.6701902025177887 0.12141944900565586 0.7180829228243022 0.12598066046341908 0.6496647509578545 0.9755062944718117 0.6051929392446634 0.9595420543696406
0 0.7257799671592775 0.12141944900565586 0.7745279146141215 0.12255975187009666 0.6941365626710455 0.9948914431673053 0.6522304324028462 0.9755062944718117
0 0.7873563218390804 0.1465061120233534 0.8361042692939246 0.15106732348111657 0.7387143766323933 0.9996693121693123 0.6967022441160373 0.9869093231162197
