0 0.010168650793650766 0.21726190476190477 0.05398478835978832 0.2161596119929453 0.09945436507936505 0.9183201058201058 0.0655588624338624 0.9205246913580246
0 0.06969246031746029 0.2833994708994709 0.10193452380952378 0.2822971781305115 0.14079034391534387 0.9172178130511464 0.10606812169312166 0.9172178130511464
0 0.10441468253968252 0.24702380952380953 0.14244378306878305 0.24592151675485008 0.1763392857142857 0.9205246913580246 0.14161706349206346 0.913910934744268
0 0.15401785714285712 0.28450176366843033 0.2019675925925926 0.2833994708994709 0.2292493386243386 0.9117063492063492 0.1862599206349206 0.9083994708994709
0 0.2044477513227513 0.2833994708994709 0.2424768518518518 0.2833994708994709 0.2639715608465608 0.9282407407407407 0.2333829365079365 0.9271384479717812
0 0.24578373015873015 0.2833994708994709 0.27141203703703703 0.2800925925925926 0.2937334656084656 0.923831569664903 0.26231812169312163 0.923831569664903
0 0.27306547619047616 0.2800925925925926 0.30282738095238093 0.27899029982363316 0.3226686507936508 0.9194223985890652 0.2945601851851852 0.9293430335097
0 0.30778769841269843 0.3726851851851852 0.32680224867724866 0.3737874779541446 0.3474702380952381 0.9260361552028218 0.3243220899470899 0.9282407407407407
0 0.3317625661375661 0.28450176366843033 0.35408399470899465 0.28450176366843033 0.37144510582010576 0.9326499118165784 0.3491236772486772 0.9370590828924161
0 0.3565641534391534 0.2867063492063492 0.37723214285714285 0.2867063492063492 0.3962466931216931 0.9502865961199294 0.37475198412698413 0.9535934744268078
0 0.37392526455026454 0.13128306878306875 0.4326223544973545 0.13018077601410932 0.4524636243386243 0.9679232804232805 0.3970734126984127 0.9701278659611993
0 0.4458498677248677 0.2833994708994709 0.4871858465608466 0.281194885361552 0.5004133597883598 0.956900352733686 0.4599041005291006 0.9546957671957672
0 0.49297288359788355 0.31646825396825395 0.5541501322751323 0.3098544973544973 0.562417328042328 0.956900352733686 0.5053736772486772 0.9524911816578482
0 0.556630291005291 0.281194885361552 0.6070601851851851 0.2778880070546737 0.605406746031746 0.9546957671957672 0.5706845238095238 0.956900352733686
0 0.6045800264550264 0.21946649029982362 0.6971726190476191 0.21946649029982362 0.6847718253968254 0.9690255731922398 0.6153273809523809 0.9679232804232805
0 0.6922123015873016 0.28560405643738973 0.7302414021164022 0.2800925925925926 0.7236276455026455 0.9591049382716048 0.6831183862433863 0.9624118165784832
0 0.7294146825396826 0.3087522045855379 0.7484292328042328 0.3087522045855379 0.7451223544973545 0.9546957671957672 0.7261078042328042 0.9535934744268078
0 0.755869708994709 0.29552469135802467 0.8178736772486772 0.29552469135802467 0.8021660052910053 0.9546957671957672 0.7442956349206349 0.9502865961199294
0 0.8195271164021164 0.2767857142857143 0.8559027777777778 0.2778880070546737 0.841848544973545 0.9613095238095238 0.8021660052910053 0.9580026455026455
0 0.8616898148148149 0.2778880070546737 0.9005456349206349 0.2800925925925926 0.8732638888888888 0.9546957671957672 0.8401951058201058 0.9580026455026455
0 0.9038525132275133 0.281194885361552 0.9658564814814815 0.2778880070546737 0.9327876984126984 0.9591049382716048 0.8724371693121693 0.956900352733686
0 0.9617228835978836 0.32418430335097 0.9997519841269841 0.3222708894878706 0.9757771164021164 0.9513888888888888 0.9344411375661376 0.9524911816578482
