0 0.018507115489874104 0.29588578726509757 0.07751778872468526 0.29474548440065684 0.103615685214528 0.9996693121693122 0.05528188286808975 0.9996693121693122
0 0.08692528735632182 0.3278142674694399 0.16304050355774496 0.3335157817916438 0.18520772854471512 0.9996693121693122 0.11258210180623973 0.9996693121693122
0 0.16646141215106733 0.30044699872286074 0.2194854953475643 0.3038679073161832 0.23815333791679463 0.9996693121693124 0.19040777230432404 0.9996693121693122
0 0.2194854953475643 0.24115124977193936 0.31356048166392997 0.2457124612297026 0.3118623806483002 0.9996693121693122 0.24172140120415983 0.9996693121693122
0 0.31869184455391353 0.3072888159095056 0.358032293377121 0.31185002736726875 0.3554785089038461 0.9996693121693122 0.31869184455391353 0.9948914431673053
0 0.36059797482211275 0.343778507571611 0.3819786535303777 0.34605911330049266 0.3777025177887247 0.9971720488961868 0.3554666119321292 0.9971720488961868
0 0.38283388067870827 0.3300948731983215 0.44441023535851126 0.3335157817916438 0.4367131910235359 0.9880496259806605 0.38026819923371646 0.9903302317095419
0 0.44526546250684185 0.3164112388250319 0.4811850027367269 0.3198321474183543 0.4734879584017515 0.9789272030651341 0.43500273672687473 0.9857690202517788
0 0.4803297755883963 0.3186918445539135 0.5162493158182814 0.32325305601167664 0.5034209085933223 0.9709450830140486 0.4726327312534209 0.97322568874293
0 0.5179597701149425 0.3209724502827951 0.5744047619047619 0.3255336617405583 0.5521688560481665 0.9675241744207261 0.5025656814449918 0.9675241744207261
0 0.5726943076081008 0.36772486772486773 0.6146004378762999 0.36772486772486773 0.5915093048713739 0.9481390257252326 0.5573002189381501 0.9527002371829957
0 0.6146004378762999 0.36088305053822295 0.6599274767378216 0.36202335340266373 0.6317049808429119 0.9481390257252326 0.5949302134646962 0.9527002371829957
0 0.6565065681444993 0.39737274220032837 0.7172276956759716 0.4007936507936508 0.6795977011494253 0.9492793285896733 0.6308497536945814 0.9584017515051998
0 0.7215038314176245 0.33123517606276226 0.7685413245758074 0.3323754789272031 0.7257799671592775 0.945858419996351 0.6813081554460866 0.9492793285896733
0 0.7668308702791462 0.3357963875205255 0.7890667761357417 0.3392172961138478 0.7471606458675425 0.9355956942163838 0.724924740010947 0.9367359970808246
0 0.7856458675424194 0.38596971355592047 0.8061713191023536 0.388250319284802 0.7642651888341544 0.928753877029739 0.748015873015873 0.9264732713008574
0 0.8147235905856596 0.3300948731983215 0.8463669950738917 0.3323754789272031 0.8018951833607006 0.9424375114030287 0.7693965517241379 0.9367359970808246
0 0.8472222222222222 0.3357963875205255 0.875444718117132 0.33693669038496626 0.830972906403941 0.9424375114030287 0.8010399562123701 0.9412972085385879
