0 0.004823481116584553 0.29474548440065684 0.040743021346469614 0.29246487867177523 0.048417667529923596 0.9996693121693122 0.01679666119321291 0.9996693121693122
0 0.04330870279146141 0.2673782156540777 0.08264915161466885 0.2639573070607554 0.09455204229824334 0.9996693121693122 0.04929529282977558 0.9996693121693122
0 0.0937671045429666 0.33465608465608465 0.12712096332785988 0.3323754789272031 0.1347166351227743 0.9996693121693122 0.10060892172961138 0.9996693121693122
0 0.12883141762452108 0.24457215836526178 0.1758689107827039 0.24343185550082103 0.18257116298360632 0.9996693121693122 0.13567323481116586 0.9996693121693122
0 0.1775793650793651 0.24343185550082103 0.20751231527093597 0.23659003831417622 0.21509815488584344 0.999669312169312 0.18356595511767926 0.9994526546250685
0 0.20922276956759717 0.31413063309615036 0.24770799124247397 0.31185002736726875 0.25281556018902385 0.9996693121693122 0.21264367816091956 0.9996693121693122
0 0.2485632183908046 0.22746761539864988 0.3032977558839628 0.21948549534756429 0.30994704977732995 0.999669312169312 0.3099470497773258 0.9996693121693122 0.2528393541324576 0.9994526546250685
0 0.305008210180624 0.21492428388980112 0.3315202517788725 0.21492428388980112 0.3442047080549422 0.9996693121693122 0.31270525451559933 0.9996693121693122
0 0.33665161466885607 0.3164112388250319 0.41191160372194857 0.31185002736726875 0.4127436431793704 0.9996693121693122 0.3392172961138479 0.9996693121693122
0 0.4144772851669403 0.2422915526363802 0.446975916803503 0.2400109469074986 0.4520030677500886 0.9996693121693122 0.4136220580186098 0.9996693121693122
0 0.446975916803503 0.2400109469074986 0.4777640941434045 0.23659003831417622 0.47860080387350884 0.9996693121693122 0.4546729611384784 0.9996693121693122
0 0.4794745484400657 0.2103630724320379 0.508552271483306 0.20694216383871555 0.517045776643991 0.9996693121693122 0.4794745484400657 0.9996693121693122
0 0.5205254515599343 0.1909779237365444 0.5812465790914068 0.18869731800766282 0.5804053218360523 0.9996693121693122 0.5188149972632731 0.9996693121693122
0 0.5812465790914068 0.17501368363437322 0.6137452107279694 0.17501368363437322 0.6129150204979007 0.9996693121693122 0.5803913519430761 0.9996693121693122
0 0.6171661193212917 0.1693121693121693 0.6530856595511768 0.1681718664477285 0.6505437176315118 0.9996693121693122 0.6180213464696224 0.9996693121693122
0 0.6684797482211277 0.16018974639664293 0.7009783798576902 0.15676883780332054 0.689775272287003 0.9996693121693122 0.6556513409961686 0.9996693121693122
0 0.7052545155993433 0.1556285349388797 0.7326217843459223 0.15334792920999812 0.72430276682011 0.9996693121693122 0.6881499726327313 0.9996693121693122
0 0.7360426929392447 0.14992702061667576 0.7685413245758074 0.1465061120233534 0.760187898986911 0.999669312169312 0.724924740010947 0.9971720488961868
0 0.7770935960591133 0.13966429483670859 0.8121579091406678 0.13738368910782703 0.7996084741349218 0.9996693121693122 0.7659756431308156 0.9996693121693122
0 0.8164340448823209 0.13966429483670859 0.8523535851122058 0.1385239919722678 0.8409224525432185 0.9996693121693122 0.7984742747673783 0.9996693121693122
0 0.8609058565955119 0.13054187192118222 0.8993910782703887 0.13054187192118222 0.8833555166421945 0.9996693121693122 0.8403804050355774 0.9996693121693122
