0 0.014751552795031063 0.22322866344605474 0.0 0.22691655164481248 0.0 0.5927363699102829 0.027691511387163567 0.9953128594432942 0.06327639751552797 0.9981884057971013
0 0.008281573498964813 0.11395790200138026 0.06651138716356107 0.9953128594432942 0.13660282953761216 0.9953128594432942 0.07621635610766046 0.11252012882447662
0 0.09562629399585919 0.22179089026915114 0.14083509526865454 0.9996693121693122 0.17865769496204278 0.9909995399125834 0.1344461697722567 0.22035311709224753
0 0.14091614906832298 0.19878651943869333 0.1829710144927536 0.999626178974005 0.23473084886128362 0.985248447204969 0.185127674258109 0.19591097308488611
0 0.1969893029675638 0.27355072463768115 0.23580917874396137 0.9809351276742581 0.2767857142857143 0.9694329422590292 0.2422791580400276 0.27067517828387394
0 0.2422791580400276 0.18153324131585 0.2810990338164251 0.9794973544973545 0.329623878536922 0.9694329422590292 0.2940389924085577 0.17578214860823554
0 0.2951173222912354 0.17721992178513915 0.329623878536922 0.9723084886128365 0.36736542443064185 0.9636818495514147 0.3285455486542443 0.17003105590062112
0 0.3317805383022774 0.2534219001610306 0.36844375431331955 0.9665573959052219 0.4040286404416839 0.9593685300207039 0.3727570738440304 0.24910858063031974
0 0.3727570738440304 0.16140441683919945 0.41049861973775015 0.9651196227283183 0.4665717736369909 0.9521796641361858 0.4309868875086266 0.1585288704853922
0 0.4374568668046928 0.1542155509546814 0.4676501035196688 0.9550552104899931 0.4967650103519669 0.947866344605475 0.46549344375431323 0.1599666436622958
0 0.4698067632850242 0.2534219001610306 0.5021566597653554 0.9550552104899931 0.5679347826086957 0.9464285714285714 0.5409765355417528 0.2534219001610306
0 0.5420548654244306 0.18872210720036806 0.5711697722567288 0.9464285714285714 0.6002846790890269 0.940677478720957 0.5744047619047619 0.19159765355417527
0 0.5733264320220842 0.18584656084656082 0.6045979986197377 0.9378019323671498 0.6304779158040027 0.9349263860133425 0.6056763285024155 0.18872210720036806
0 0.6067546583850931 0.15565332413158497 0.6337129054520358 0.9320508396595353 0.662827812284334 0.9277375201288244 0.6337129054520358 0.15709109730848858
0 0.6434178743961353 0.14846445824706692 0.6682194616977226 0.9262997469519209 0.7091959972394755 0.9191108810674028 0.6930210489993099 0.1455889118932597
0 0.6951777087646653 0.1326489533011272 0.7124309868875086 0.9191108810674028 0.7426242236024844 0.9191108810674028 0.7264492753623188 0.12977340694731995
0 0.7275276052449965 0.1326489533011272 0.7426242236024844 0.9176731078904992 0.7771307798481711 0.9162353347135955 0.7641908212560385 0.12833563377041635
0 0.773895790200138 0.12833563377041635 0.7803657694962043 0.9133597883597884 0.8084023464458246 0.9133597883597884 0.803010697032436 0.12258454106280192
0 0.8019323671497585 0.1211467678858983 0.81055900621118 0.9090464688290776 0.8375172532781228 0.9090464688290776 0.8310472739820566 0.12258454106280192
0 0.833203933747412 0.1197089947089947 0.8396739130434782 0.9061709224752703 0.859083850931677 0.9032953761214632 0.859083850931677 0.11683344835518746
0 0.8623188405797101 0.11108235564757302 0.8633971704623878 0.9061709224752703 0.892512077294686 0.9061709224752703 0.8935904071773636 0.11252012882447662
0 0.895747066942719 0.11395790200138026 0.892512077294686 0.8932309638831377 0.9227053140096617 0.8975442834138485 0.9248619737750171 0.11683344835518746
0 0.9270186335403725 0.11395790200138026 0.9248619737750171 0.8917931907062341 0.9496635610766044 0.8903554175293306 0.9550552104899931 0.11252012882447662
