0 0.009954844006568132 0.3779875935048349 0.05699233716475095 0.3768472906403941 0.09034619594964421 0.9971720488961868 0.040743021346469614 0.996031746031746
0 0.061268472906403935 0.34605911330049266 0.08692528735632182 0.34605911330049266 0.11343732895457033 0.9994526546250685 0.08863574165298302 0.9994526546250685
0 0.08863574165298302 0.34605911330049266 0.12455528188286809 0.3471994161649334 0.14564805869335445 0.9996693121693122 0.11685823754789272 0.9996693121693122
0 0.12797619047619047 0.27764094143404483 0.18185550082101806 0.2810618500273673 0.20281022852733452 0.999669312169312 0.14679118773946362 0.996031746031746
0 0.1938286808976464 0.27764094143404483 0.2442870826491516 0.27992154716292644 0.2594930213464696 0.9996693121693122 0.20922276956759717 0.9996693121693122
0 0.26139162561576357 0.27878124429848566 0.31185002736726875 0.27764094143404483 0.3109972379530145 0.999669312169312 0.2588259441707718 0.9971720488961868
0 0.32382320744389714 0.27764094143404483 0.3725711548987411 0.27992154716292644 0.36572933771209637 0.9766465973362525 0.3195470717022441 0.9857690202517788
0 0.37684729064039413 0.35746214194490056 0.4076354679802956 0.35974274767378217 0.39993842364532023 0.9766465973362525 0.36316365626710456 0.9743659916073709
0 0.411056376573618 0.2742200328407225 0.4409893267651888 0.2753603357051633 0.42730569239189936 0.9720853858784892 0.3990831964969896 0.9720853858784892
0 0.43927887246852765 0.36316365626710456 0.4794745484400657 0.36202335340266373 0.4700670498084291 0.9641032658274037 0.4255952380952381 0.9663838715562854
0 0.4854611384783799 0.3243933588761175 0.5153940886699507 0.3243933588761175 0.5059865900383141 0.9572614486407589 0.4726327312534209 0.9595420543696406
0 0.5213806787082649 0.26851851851851855 0.5649972632731254 0.26965882138295927 0.5504584017515053 0.9606823572340814 0.5017104542966613 0.9641032658274037
0 0.565852490421456 0.3722860791826309 0.6359811165845649 0.37456668491151246 0.6197318007662835 0.9435778142674693 0.5521688560481665 0.9492793285896733
0 0.6445333880678709 0.3916712278781245 0.6795977011494253 0.39395183360700603 0.6770320197044335 0.9481390257252326 0.6385467980295567 0.9492793285896733
0 0.6813081554460866 0.39395183360700603 0.7146620142309799 0.3950921364714468 0.7112411056376574 0.9321747856230614 0.6795977011494253 0.9310344827586207
0 0.7215038314176245 0.31185002736726875 0.7685413245758074 0.3129903302317095 0.7634099616858238 0.9276135741652982 0.7146620142309799 0.9310344827586207
0 0.7753831417624522 0.30842911877394635 0.8249863163656267 0.30842911877394635 0.8189997263273125 0.9116493340631271 0.773672687465791 0.9162105455208902
