0 0.01679666119321291 0.30614851304506474 0.0689655172413793 0.3072888159095056 0.03817733990147782 0.9447181171319101 0.0005473453749315706 0.945858419996351
0 0.07153119868637108 0.30614851304506474 0.10659551176792555 0.30842911877394635 0.08179392446633825 0.9504196314541142 0.039887794198139016 0.9572614486407589
0 0.11429255610290093 0.27307972997628166 0.13994937055281884 0.27307972997628166 0.10402983032293375 0.9618226600985222 0.08008347016967705 0.9572614486407589
0 0.14080459770114945 0.27764094143404483 0.1690270935960591 0.27878124429848566 0.13481800766283525 0.9629629629629629 0.10146414887794197 0.9584017515051998
0 0.17928981937602628 0.21948549534756429 0.2280377668308703 0.22062579821200504 0.19040777230432404 0.9618226600985222 0.13310755336617405 0.9618226600985222
0 0.23659003831417627 0.21492428388980112 0.28619321291735084 0.21834519248312345 0.24086617405582925 0.9629629629629629 0.19126299945265463 0.9652435686918445
0 0.29731116584564865 0.21606458675424187 0.35033524904214564 0.22062579821200504 0.29816639299397923 0.9743659916073709 0.24172140120415983 0.97322568874293
0 0.3546113847837986 0.22062579821200504 0.41191160372194857 0.22632731253420904 0.3546113847837986 0.97322568874293 0.3041529830322934 0.9698047801496077
0 0.4076354679802956 0.29930669585842 0.4401340996168583 0.30158730158730157 0.38882047071702247 0.9834884145228973 0.35119047619047616 0.97322568874293
0 0.4486863711001642 0.2137839810253603 0.4811850027367269 0.2137839810253603 0.41875342090859335 0.9812078087940156 0.38625478927203066 0.9777869002006933
0 0.47092227695675976 0.30044699872286074 0.5205254515599343 0.30614851304506474 0.464080459770115 0.9891899288451012 0.419608648056924 0.9777869002006933
0 0.5239463601532567 0.26623791278963693 0.5598659003831419 0.27193942711184094 0.5094074986316366 0.9880496259806605 0.47434318555008215 0.9800675059295749
0 0.5692733990147784 0.2103630724320379 0.6163108921729612 0.21492428388980112 0.5624315818281336 0.9994526546250685 0.5076970443349754 0.9834884145228973
0 0.6146004378762999 0.3278142674694399 0.6890051997810619 0.3300948731983215 0.643740601228176 0.9996693121693122 0.5675629447181172 0.9891899288451012
0 0.7009783798576902 0.35062032475825583 0.7403188286808977 0.349480021893815 0.7124294267150076 0.9996693121693122 0.6659140667761358 0.9994526546250685
0 0.7454501915708813 0.35062032475825583 0.7882115489874111 0.35404123335157817 0.7625547345374932 0.9983123517606275 0.7172276956759716 0.996031746031746
0 0.796763820470717 0.25141397555190653 0.8600506294471812 0.2548348841452289 0.8318281335522716 0.9994526546250685 0.7676860974274768 0.9983123517606275
0 0.8686029009304872 0.25597518700966976 0.9336001642036125 0.2548348841452289 0.9139299397920088 0.9994526546250685 0.8403804050355774 0.9903302317095419
