0 0.006861772486772449 0.37048059964726626 0.03497023809523807 0.37048059964726626 0.03910383597883594 0.8543871252204585 0.010995370370370338 0.8521825396825397
0 0.03414351851851848 0.34953703703703703 0.07051917989417986 0.34843474426807763 0.0688657407407407 0.8621031746031746 0.03662367724867721 0.8576940035273368
0 0.07217261904761901 0.3451278659611993 0.09366732804232801 0.3451278659611993 0.09284060846560845 0.8665123456790123 0.06638558201058198 0.8543871252204585
0 0.09697420634920632 0.36827601410934746 0.11598875661375657 0.36827601410934746 0.11185515873015871 0.8687169312169312 0.09284060846560845 0.8709215167548501
0 0.1215879028379029 0.36972903639570304 0.13812229437229442 0.36972903639570304 0.14112854737854744 0.8747795414462082 0.11933321308321315 0.8747795414462082
0 0.1358676046176047 0.29958313291646627 0.17494889369889374 0.3005852172518839 0.17344576719576726 0.8817941317941318 0.1388738576238577 0.8777857944524612
0 0.1848487958401751 0.36715471629264734 0.20793992884510124 0.3660144134282065 0.20451902025177884 0.8894134282065318 0.17971743295019155 0.8859925196132094
0 0.20708470169677065 0.3489098704615946 0.23701765188834154 0.34662926473271305 0.23616242474001095 0.8951149425287357 0.20451902025177884 0.8814313081554462
0 0.24214901477832515 0.4036444079547528 0.26267446633825947 0.4036444079547528 0.26010878489326766 0.8962552453931765 0.23701765188834154 0.8905537310709726
0 0.2652401477832512 0.33864714468162743 0.29773877941981386 0.33864714468162743 0.29346264367816094 0.9030970625798213 0.25754310344827586 0.9019567597153805
0 0.29956268221574345 0.3366807040276428 0.31980887593132495 0.3373555771514955 0.31221655328798187 0.9116726055501566 0.2919703595724004 0.9082982399308931
0 0.320821185617104 0.39269517330741827 0.3466350826044704 0.39202030018356554 0.3385366051182378 0.9123474786740093 0.31424117265954 0.9109977324263039
0 0.34764739229024944 0.33195659216067375 0.3856090055069647 0.33060684591296835 0.37801668286362167 0.9258449411510636 0.3380304502753482 0.9197710830363892
0 0.3876336248785228 0.3279073534175575 0.40838597343699384 0.3292570996652629 0.3982628765792031 0.9346182917611489 0.37852283770651124 0.9325936723895908
0 0.4058551992225462 0.40416801641291444 0.4600137674117266 0.40281827016520894 0.44533527696793007 0.9433916423712343 0.40028749595076124 0.9379926573804125
0 0.4595076125688371 0.3515279127524025 0.48937074829931976 0.35017816650469713 0.47114917395529643 0.9494655004859087 0.4483722060252673 0.9481157542382033
0 0.49088921282798836 0.35692689774322434 0.506580012957564 0.35692689774322434 0.49038305798509885 0.9562142317244359 0.47165532879818595 0.948790627362056
0 0.512147716229349 0.3360058309037901 0.5339123744735991 0.3339812115322319 0.5187277291869129 0.9568891048482886 0.49341998704243606 0.9548644854767304
0 0.540492387431163 0.3231832415505885 0.5835155490767736 0.3231832415505885 0.561244735989634 0.967687074829932 0.5192338840298024 0.9609383435914048
0 0.5860463232912213 0.31306014469279775 0.6098356009070296 0.31306014469279775 0.5830093942338841 0.975110679192312 0.5607385811467445 0.9690368210776373
0 0.6128725299643667 0.3103606521973869 0.6346371882086168 0.3103606521973869 0.6118602202785877 0.9832091566785445 0.5845278587625528 0.979834791059281
0 0.6492928367928368 0.30864197530864196 0.6728225478225478 0.3060982227648894 0.6365740740740741 0.9954551621218287 0.6105006105006104 0.9920634920634921
0 0.6765046296296295 0.30654761904761907 0.7004794973544974 0.30434303350970016 0.6616236772486772 0.9943783068783069 0.6335152116402116 0.9943783068783069
0 0.7037863756613756 0.30324074074074076 0.7269345238095238 0.30434303350970016 0.6880910193360669 0.9996693121693122 0.6641038359788359 0.9943783068783069
0 0.734375 0.29993386243386244 0.7608300264550264 0.3021384479717813 0.7145337301587301 0.9965828924162257 0.6872519841269841 0.992173721340388
0 0.7608300264550264 0.29772927689594353 0.7955522486772486 0.3021384479717813 0.7459490740740741 0.9910714285714286 0.7145337301587301 0.989969135802469
0 0.7980324074074073 0.29772927689594353 0.8277943121693121 0.29772927689594353 0.7806712962962963 0.9976851851851852 0.7492559523809523 0.9954805996472662
