0 0.03200483091787438 0.3138083735909823 0.0 0.31514190821256033 0.0 0.9996693121693122 0.019064872325741878 0.9953128594432942
0 0.03200483091787438 0.31955946629859666 0.08268633540372669 0.3238727858293075 0.07306265069318868 0.9996693121693122 0.017986542443064173 0.9996693121693122
0 0.0848429951690821 0.28792845640671727 0.07203165976535539 0.9996693121693122 0.09886128364389236 0.9996693121693122 0.1096445824706694 0.2836151368760064
0 0.11072291235334716 0.2908040027605245 0.09996078721050118 0.9996693121693122 0.13552449965493446 0.9996693121693122 0.1473861283643892 0.29224177593742806
0 0.15169944789510006 0.22610420979986195 0.13994638694749792 0.9996693121693123 0.1969893029675638 0.9996693121693122 0.21424258109040717 0.22754198297676553
0 0.21316425120772947 0.22322866344605474 0.20130262249827469 0.9967506326201978 0.25521911663216007 0.9967506326201978 0.2681590752242926 0.22610420979986195
0 0.2832556935817805 0.21891534391534387 0.2565419401059376 0.9996693121693122 0.3112922705314009 0.9996693121693122 0.3393288474810213 0.22466643662295835
0 0.35119047619047616 0.22322866344605474 0.3169357416879795 0.9996693121693123 0.3716787439613527 0.9953128594432942 0.407263630089717 0.22466643662295835
0 0.4029503105590062 0.3094950540602714 0.3727570738440304 0.9967506326201978 0.41049861973775015 0.9967506326201978 0.43961352657004826 0.310932827237175
0 0.44500517598343686 0.21747757073844026 0.40942028985507245 0.999626178974005 0.44392684610075916 0.9967506326201978 0.474120082815735 0.22322866344605474
0 0.4708850931677019 0.3138083735909823 0.4461338354470404 0.9996693121693122 0.49245169082125606 0.9981884057971013 0.5215665976535542 0.3138083735909823
0 0.5248015873015873 0.2721129514607775 0.49137336093857825 0.9967506326201978 0.5345065562456867 0.9981884057971013 0.559308143547274 0.2721129514607775
0 0.5668564527260178 0.2102887048539222 0.536663216011042 0.9938750862663905 0.5895013802622497 0.9981884057971013 0.6132246376811593 0.21603979756153666
0 0.6132246376811593 0.33393719806763283 0.5905797101449275 0.9981884057971013 0.6671411318150448 0.9938750862663905 0.6887077294685989 0.3324994248907292
0 0.7005693581780538 0.3468771566597654 0.6919427191166321 0.999626178974005 0.7393892339544512 0.9981884057971013 0.7426242236024844 0.34400161030595816
0 0.7458592132505176 0.34400161030595816 0.7458592132505176 0.9967506326201978 0.7879140786749482 0.9967506326201978 0.7911490683229813 0.35119047619047616
0 0.7879140786749482 0.2548596733379342 0.7889924085576259 0.999626178974005 0.851535541752933 0.9953128594432942 0.8536922015182884 0.2606107660455486
0 0.854770531400966 0.2548596733379342 0.8590592625266747 0.9996693121693123 0.9227053140096617 0.9938750862663905 0.9151570048309179 0.2562974465148378
