0 0.0193623426382047 0.31527093596059114 0.05870279146141214 0.31413063309615036 0.040743021346469614 0.8740193395365808 0.001402572523262166 0.8717387338076993
0 0.060413245758073345 0.3164112388250319 0.09205665024630541 0.3164112388250319 0.07324165298303228 0.8774402481299033 0.04159824849480021 0.8774402481299033
0 0.09804324028461958 0.287903667214012 0.1177134646962233 0.28904397007845284 0.09205665024630541 0.8762999452654625 0.07238642583470169 0.8762999452654625
0 0.1177134646962233 0.28334245575624883 0.13994937055281884 0.28562306148513045 0.12113437328954568 0.8842820653165481 0.09547755883962779 0.8751596424010217
0 0.1510673234811166 0.23316912972085388 0.19211822660098524 0.23544973544973544 0.16646141215106733 0.8888432767743113 0.12027914614121508 0.8831417624521072
0 0.19896004378763002 0.2308885239919722 0.24172140120415983 0.22974822112753146 0.2066570881226054 0.8911238825031927 0.16560618500273674 0.8877029739098705
0 0.2502736726874658 0.22404670680532746 0.29132457580733445 0.22746761539864988 0.2511288998357964 0.9025269111476008 0.2049466338259442 0.895685093960956
0 0.3058634373289546 0.22632731253420904 0.3452038861521621 0.22746761539864988 0.3041529830322934 0.8945447910965152 0.26224685276409415 0.895685093960956
0 0.3452038861521621 0.29588578726509757 0.3751368363437329 0.29930669585842 0.3323754789272031 0.9059478197409232 0.2998768472906404 0.90138660828316
0 0.38026819923371646 0.21606458675424187 0.4042145593869732 0.21834519248312345 0.358032293377121 0.9093687283342455 0.3349411603721949 0.9025269111476008
0 0.4016488779419814 0.29588578726509757 0.44526546250684185 0.29930669585842 0.39822796934865906 0.9116493340631271 0.35632183908045983 0.9048075168764824
0 0.44783114395183365 0.2650976099251961 0.4794745484400657 0.2673782156540777 0.43585796387520526 0.9196314541142127 0.4050697865353038 0.912789636927568
0 0.4863163656267105 0.2080824667031563 0.5307881773399015 0.20694216383871555 0.4854611384783799 0.9264732713008574 0.4367131910235359 0.9150702426564495
0 0.5265120415982485 0.31185002736726875 0.6000615763546799 0.31527093596059114 0.565852490421456 0.9230523627075351 0.4871715927750411 0.9173508483853311
0 0.601772030651341 0.33123517606276226 0.6402572523262179 0.33123517606276226 0.6128899835796389 0.9469987228607918 0.570128626163109 0.940156905674147
0 0.6453886152162014 0.32895457033388065 0.6864395183360702 0.3300948731983215 0.6582170224411603 0.9527002371829957 0.6171661193212917 0.9481390257252326
0 0.6915708812260537 0.2400109469074986 0.7505815544608648 0.2388706440430578 0.7266351943076083 0.9606823572340814 0.6659140667761358 0.9504196314541142
0 0.7634099616858238 0.2388706440430578 0.8215654077723044 0.23773034117861702 0.8010399562123701 0.9618226600985222 0.7420292829775589 0.9561211457763181
