0 0.03249007936507934 0.29993386243386244 0.07878637566137563 0.30324074074074076 0.04571759259259256 0.7882495590828924 7.04903507698512e-18 0.7829946633825945
0 0.08457341269841268 0.27237654320987653 0.10937499999999997 0.27568342151675485 0.06307870370370366 0.9976851851851852 0.03662367724867721 0.9833553791887125
0 0.11102843915343912 0.27899029982363316 0.14244378306878305 0.27899029982363316 0.10358796296296292 0.9965828924162257 0.06390542328042324 0.9932760141093474
0 0.15401785714285712 0.21836419753086417 0.19866071428571425 0.2249779541446208 0.1688988095238095 0.9888668430335096 0.10689484126984124 0.9976851851851852
0 0.2176752645502645 0.22387566137566137 0.2647982804232804 0.22828483245149908 0.23007605820105817 0.9800485008818342 0.17716600529100526 0.992173721340388
0 0.2796792328042328 0.22718253968253968 0.32762896825396826 0.2315917107583774 0.29290674603174605 0.982253086419753 0.23420965608465608 0.9866622574955908
0 0.34499007936507936 0.230489417989418 0.3871527777777778 0.23600088183421516 0.357390873015873 0.9613095238095238 0.30282738095238093 0.9701278659611993
0 0.38632605820105814 0.298831569664903 0.42352843915343913 0.29993386243386244 0.39293981481481477 0.9701278659611993 0.3606977513227513 0.9668209876543209
0 0.4243551587301587 0.22277336860670194 0.4541170634920635 0.22167107583774248 0.42352843915343913 0.9557980599647266 0.39790013227513227 0.9591049382716048
0 0.45163690476190477 0.3054453262786596 0.4946263227513228 0.30654761904761907 0.47561177248677244 0.9502865961199294 0.42931547619047616 0.9535934744268078
0 0.49958664021164023 0.27237654320987653 0.5285218253968254 0.2712742504409171 0.5210813492063492 0.9513888888888888 0.4880125661375661 0.9491843033509699
0 0.5343088624338624 0.2249779541446208 0.5756448412698413 0.22277336860670194 0.5731646825396826 0.9425705467372133 0.5169477513227514 0.9469797178130511
0 0.5789517195767196 0.3219797178130511 0.644262566137566 0.3186728395061728 0.6467427248677249 0.9403659611992945 0.5772982804232804 0.9425705467372133
0 0.6591435185185185 0.3296957671957672 0.6963458994708994 0.3296957671957672 0.7153604497354498 0.941468253968254 0.6723710317460317 0.9447751322751323
0 0.6988260582010581 0.32859347442680775 0.7335482804232804 0.3330026455026455 0.7608300264550264 0.9315476190476191 0.7203207671957672 0.9315476190476191
0 0.7352017195767196 0.25473985890652556 0.7814980158730159 0.2569444444444444 0.824487433862434 0.923831569664903 0.7666170634920635 0.9271384479717812
0 0.7848048941798942 0.25473985890652556 0.8327546296296295 0.2525352733686067 0.8881448412698413 0.9117063492063492 0.8368882275132276 0.9271384479717812
