0 0.03331679894179891 0.3021384479717813 0.07713293650793648 0.30654761904761907 0.039930555555555525 0.9987874779541446 0.0 0.9881393298059964
0 0.08374669312169308 0.273478835978836 0.10772156084656083 0.27568342151675485 0.06390542328042324 0.9976851851851852 0.03827711640211637 0.9987874779541446
0 0.11350859788359785 0.27568342151675485 0.14244378306878305 0.27237654320987653 0.1011078042328042 0.9987874779541446 0.05977182539682537 0.9987874779541446
0 0.15732473544973544 0.22167107583774248 0.2077546296296296 0.22828483245149908 0.1688988095238095 0.9855599647266313 0.10028108465608464 0.9965828924162257
0 0.21684854497354494 0.22608024691358022 0.26727843915343913 0.22718253968253968 0.23007605820105817 0.9800485008818342 0.17385912698412695 0.9866622574955908
0 0.27802579365079366 0.2315917107583774 0.3342427248677248 0.230489417989418 0.29125330687830686 0.9723324514991181 0.2325562169312169 0.9833553791887125
0 0.34499007936507936 0.22938712522045854 0.3896329365079365 0.23269400352733685 0.35987103174603174 0.9679232804232805 0.2945601851851852 0.9679232804232805
0 0.3879794973544973 0.29662698412698413 0.4202215608465608 0.29993386243386244 0.39541997354497355 0.9679232804232805 0.35408399470899465 0.9701278659611993
0 0.42600859788359785 0.22167107583774248 0.4499834656084656 0.22277336860670194 0.42848875661375657 0.956900352733686 0.39955357142857145 0.9591049382716048
0 0.4549437830687831 0.3087522045855379 0.4937996031746032 0.30764991181657847 0.4731316137566137 0.9502865961199294 0.42931547619047616 0.9513888888888888
0 0.4971064814814815 0.26796737213403876 0.5235615079365079 0.26796737213403876 0.5202546296296295 0.9480820105820106 0.48139880952380953 0.9447751322751323
0 0.5343088624338624 0.22277336860670194 0.5814318783068784 0.22387566137566137 0.5690310846560847 0.956900352733686 0.513640873015873 0.9546957671957672
0 0.5797784391534391 0.32418430335097 0.6459160052910053 0.32528659611992944 0.6525297619047619 0.9436728395061728 0.5764715608465609 0.9425705467372133
0 0.658316798941799 0.33190035273368607 0.6946924603174603 0.33190035273368607 0.7194940476190477 0.9381613756613757 0.6707175925925927 0.9447751322751323
0 0.6955191798941799 0.3263888888888889 0.7294146825396826 0.32528659611992944 0.7641369047619048 0.9370590828924161 0.7211474867724867 0.939263668430335
0 0.7327215608465609 0.255842151675485 0.7814980158730159 0.26025132275132273 0.8220072751322751 0.9282407407407407 0.7649636243386244 0.9348544973544973
0 0.7864583333333334 0.26135361552028213 0.8368882275132276 0.2580467372134039 0.8881448412698413 0.9150132275132276 0.8344080687830688 0.9183201058201058
