0 0.018507115489874104 0.3164112388250319 0.062123700054734526 0.31527093596059114 0.04159824849480021 0.878580550994344 0.0 0.8706570750905726
0 0.060413245758073345 0.31527093596059114 0.09291187739463601 0.31527093596059114 0.07751778872468526 0.8808611567232256 0.039032567049808425 0.878580550994344
0 0.0963327859879584 0.28334245575624883 0.11685823754789272 0.2867633643495713 0.0963327859879584 0.8831417624521072 0.07495210727969347 0.8774402481299033
0 0.1177134646962233 0.2867633643495713 0.13994937055281884 0.2867633643495713 0.12113437328954568 0.8808611567232256 0.09889846743295018 0.8808611567232256
0 0.1510673234811166 0.23202882685641305 0.1938286808976464 0.23430943258529463 0.16304050355774496 0.8854223681809889 0.12027914614121508 0.8854223681809889
0 0.19724958949096882 0.2308885239919722 0.2357348111658457 0.22860791826309063 0.20751231527093597 0.8922641853676336 0.1690270935960591 0.8922641853676336
0 0.24941844553913523 0.22632731253420904 0.2938902572523262 0.22632731253420904 0.25369458128078815 0.9002463054187192 0.20751231527093597 0.8968253968253969
0 0.305008210180624 0.22404670680532746 0.34776956759715383 0.2229064039408867 0.3024425287356322 0.90138660828316 0.25626026272578 0.9002463054187192
0 0.34434865900383144 0.29930669585842 0.37000547345374935 0.29930669585842 0.3323754789272031 0.9059478197409232 0.3024425287356322 0.9002463054187192
0 0.38283388067870827 0.21606458675424187 0.4084906951286262 0.2172048896186827 0.35974274767378217 0.912789636927568 0.3323754789272031 0.8991060025542783
0 0.4016488779419814 0.30044699872286074 0.44184455391351946 0.3027276044517424 0.4007936507936508 0.912789636927568 0.3614532019704434 0.9093687283342455
0 0.4486863711001642 0.26053639846743293 0.4734879584017515 0.2650976099251961 0.43927887246852765 0.9184911512497719 0.4007936507936508 0.9070881226053639
0 0.4871715927750411 0.20580186097427472 0.5299329501915709 0.2103630724320379 0.4846059113300493 0.9241926655719758 0.43927887246852765 0.9184911512497719
0 0.5282224958949097 0.3129903302317095 0.6009168035030105 0.31527093596059114 0.5692733990147784 0.9230523627075351 0.49401340996168586 0.9207717569786535
0 0.6000615763546799 0.3278142674694399 0.6411124794745485 0.32895457033388065 0.6111795292829776 0.9492793285896733 0.5649972632731254 0.9435778142674693
0 0.6411124794745485 0.3300948731983215 0.6855842911877394 0.32895457033388065 0.6599274767378216 0.9572614486407589 0.618876573617953 0.9538405400474367
0 0.6941365626710455 0.23773034117861702 0.7540024630541872 0.23544973544973544 0.7292008757526 0.9618226600985222 0.6616379310344829 0.9481390257252326
0 0.7625547345374932 0.23773034117861702 0.826696770662288 0.23316912972085388 0.8027504105090313 0.9686644772851669 0.7360426929392447 0.9584017515051998
