0 0.001616379310344793 0.0745779454022988 0.03108162715517238 0.0745779454022988 0.021821120689655138 0.9849137931034483 0.0 0.9869203329369798
0 0.041183997844827555 0.11049748563218387 0.07906788793103446 0.11274245689655167 0.059705010775862044 0.9860362787356322 0.023504849137931 0.9894037356321839
0 0.07990975215517239 0.06672054597701142 0.1262122844827586 0.07008800287356316 0.1102168642241379 0.9905262212643677 0.06054687499999997 0.9894037356321839
0 0.1396821120689655 0.09029274425287352 0.16325431034482757 0.09141522988505742 0.14136584051724135 0.9826688218390803 0.1127424568965517 0.9815463362068965
0 0.17335668103448273 0.08468031609195396 0.20955684267241378 0.08468031609195396 0.18093345905172412 0.9860362787356322 0.13799838362068964 0.9860362787356322
0 0.21629175646551724 0.08243534482758615 0.2508081896551724 0.08468031609195396 0.22218480603448273 0.9781788793103448 0.17840786637931033 0.9781788793103448
0 0.2634361530172413 0.07233297413793097 0.29121767241379304 0.07794540229885051 0.25501751077586204 0.9837913074712644 0.2213429418103448 0.9781788793103448
0 0.2979525862068965 0.07570043103448269 0.3299434267241379 0.08019037356321833 0.2895339439655172 0.9781788793103448 0.25249191810344823 0.9793013649425287
0 0.3400457974137931 0.0790678879310344 0.3821390086206896 0.08243534482758615 0.33415274784482757 0.9725664511494253 0.2886920797413793 0.974811422413793
0 0.3821390086206896 0.07794540229885051 0.4057112068965517 0.0790678879310344 0.365301724137931 0.975933908045977 0.33499461206896547 0.9736889367816092
0 0.4174973060344827 0.07233297413793097 0.47474407327586204 0.0768229166666666 0.42254849137931033 0.975933908045977 0.365301724137931 0.9714439655172414
0 0.4755859375 0.07121048850574706 0.5042093211206897 0.07121048850574706 0.45369746767241376 0.9736889367816092 0.42254849137931033 0.974811422413793
0 0.5101023706896552 0.06672054597701142 0.5471443965517242 0.06896551724137925 0.4941069504310345 0.9579741379310344 0.4553811961206896 0.9602191091954023
0 0.549669989224138 0.08355783045977005 0.5724003232758621 0.08468031609195396 0.5185210129310345 0.963586566091954 0.4898976293103448 0.963586566091954
0 0.5757677801724138 0.06896551724137925 0.6136516702586208 0.06784303160919533 0.5589304956896552 0.9647090517241379 0.5185210129310345 0.9647090517241379
0 0.6195447198275863 0.07121048850574706 0.6549030172413793 0.07570043103448269 0.5968143857758621 0.9602191091954023 0.5589304956896552 0.9602191091954023
0 0.6523774245689655 0.10600754310344822 0.6877357219827587 0.10825251436781602 0.6288052262931035 0.9579741379310344 0.59765625 0.9579741379310344
0 0.6894194504310345 0.10825251436781602 0.7180428340517242 0.10937499999999996 0.6616379310344828 0.9579741379310344 0.6288052262931035 0.9590966235632185
0 0.7289870689655172 0.03304597701149419 0.7980199353448276 0.03304597701149419 0.7289870689655172 0.9669540229885057 0.6624797952586208 0.9568516522988505
0 0.7980199353448276 0.06784303160919533 0.8300107758620691 0.07233297413793097 0.7618197737068966 0.9613415948275862 0.7323545258620691 0.9557291666666666
0 0.8350619612068966 0.062230603448275794 0.8653690732758621 0.0633530890804597 0.7971780711206897 0.9647090517241379 0.7643453663793104 0.9613415948275862
0 0.8771551724137931 0.0016163793103447603 0.902411099137931 0.0027388649425286646 0.8316945043103449 0.9546066810344828 0.8055967133620691 0.9546066810344828
