0 0.09001212284482756 0.2990750718390804 0.1236866918103448 0.2990750718390804 0.12957974137931033 0.9568516522988505 0.10432381465517239 0.951239224137931
0 0.13378906249999997 0.30244252873563215 0.1590449892241379 0.30132004310344823 0.1674636314655172 0.9478717672413793 0.14220770474137928 0.9456267959770114
0 0.15483566810344826 0.11049748563218387 0.17419854525862066 0.11049748563218387 0.18766837284482757 0.9478717672413793 0.1691473599137931 0.9456267959770114
0 0.1775660021551724 0.17560165229885052 0.2129242995689655 0.17447916666666663 0.22218480603448273 0.9557291666666666 0.18430091594827586 0.9568516522988505
0 0.22302667025862066 0.21264367816091947 0.25249191810344823 0.21152119252873558 0.25501751077586204 0.9590966235632185 0.22807785560344826 0.9534841954022988
0 0.2541756465517241 0.20478627873563215 0.2844827586206896 0.2025413074712643 0.2878502155172413 0.9647090517241379 0.25585937499999994 0.9557291666666666
0 0.28364089439655166 0.1711117097701149 0.31058054956896547 0.16774425287356318 0.3139480064655172 0.9725664511494253 0.28616648706896547 0.9691989942528735
0 0.3131061422413793 0.13070222701149423 0.3400457974137931 0.13070222701149423 0.34593884698275856 0.9714439655172414 0.3131061422413793 0.9680765086206896
0 0.3484644396551724 0.19356142241379304 0.3762459590517241 0.19131645114942522 0.37708782327586204 0.9736889367816092 0.3434132543103448 0.9736889367816092
0 0.38045528017241376 0.16774425287356318 0.414129849137931 0.16549928160919536 0.4107623922413793 0.974811422413793 0.37456223060344823 0.974811422413793
0 0.4200228987068965 0.16998922413793097 0.4486462823275862 0.16886673850574707 0.4435950969827586 0.9736889367816092 0.41497171336206895 0.9703214798850573
0 0.45369746767241376 0.09141522988505742 0.48821390086206895 0.09141522988505742 0.4797952586206896 0.9725664511494253 0.44022764008620685 0.9736889367816092
0 0.4949488146551724 0.15764188218390798 0.5404094827586208 0.15764188218390798 0.5319908405172414 0.9894037356321839 0.4840045797413793 0.9871587643678161
0 0.5404094827586208 0.1565193965517241 0.5808189655172414 0.15315193965517238 0.5698747306034483 0.9927711925287356 0.5353582974137931 0.9860362787356322
0 0.5825026939655172 0.15090696839080453 0.6060748922413793 0.15090696839080453 0.5951306573275863 0.9972611350574713 0.5707165948275862 0.9938936781609194
0 0.6119679418103449 0.15202945402298848 0.6372238685344828 0.15202945402298848 0.6237691855956943 0.9996744791666666 0.598498114224138 0.9983836206896551
0 0.6422750538793104 0.23397090517241373 0.696154364224138 0.23397090517241373 0.6793170797413793 0.9972611350574713 0.6254377693965517 0.9950161637931033
0 0.6969962284482759 0.23284841954022983 0.7483499461206897 0.23284841954022983 0.7273033405172414 0.9995061063218391 0.6818426724137931 0.9938936781609194
0 0.757610452586207 0.13294719827586202 0.7912850215517242 0.13070222701149423 0.7660290948275863 0.9961386494252874 0.731512661637931 0.9972611350574713
0 0.7988617995689655 0.12733477011494246 0.8325363685344828 0.12845725574712638 0.804235681659071 0.9996744791666666 0.7643453663793104 0.9996744791666666
