0 0.1287378771551724 0.2732579022988505 0.14557516163793102 0.2710129310344827 0.19271955818965517 0.7458243534482758 0.17167295258620688 0.7402119252873564
0 0.1615705818965517 0.2541756465517241 0.17672413793103448 0.255298132183908 0.21965921336206895 0.7390894396551723 0.20282192887931033 0.7368444683908045
0 0.1775660021551724 0.25305316091954017 0.19103582974137928 0.25305316091954017 0.23397090517241378 0.7368444683908045 0.2179754849137931 0.7368444683908045
0 0.18766837284482757 0.23172593390804594 0.22302667025862066 0.23284841954022983 0.2600686961206896 0.7458243534482758 0.23228717672413793 0.7491918103448275
0 0.2238685344827586 0.23060344827586202 0.2482825969827586 0.23060344827586202 0.2844827586206896 0.7458243534482758 0.26175242456896547 0.7413344109195402
0 0.2398639547413793 0.16886673850574707 0.2844827586206896 0.16662176724137925 0.31731546336206895 0.7592941810344827 0.28364089439655166 0.7626616379310344
0 0.2878502155172413 0.16886673850574707 0.31563173491379304 0.16774425287356318 0.3434132543103448 0.7660290948275862 0.316473599137931 0.7615391522988505
0 0.31563173491379304 0.16549928160919536 0.3307852909482758 0.16549928160919536 0.3551993534482758 0.7660290948275862 0.33920393318965514 0.7649066091954023
0 0.33162715517241376 0.16325431034482754 0.34930630387931033 0.16549928160919536 0.3711947737068965 0.7738864942528735 0.3551993534482758 0.7693965517241379
0 0.34930630387931033 0.21937859195402296 0.36614358836206895 0.21825610632183903 0.3888739224137931 0.7727640086206896 0.3686691810344827 0.7716415229885056
0 0.3728785021551724 0.1598868534482758 0.3956088362068965 0.1587643678160919 0.414129849137931 0.779498922413793 0.3855064655172413 0.7761314655172414
0 0.39813442887931033 0.1587643678160919 0.44780441810344823 0.1553969109195402 0.45369746767241376 0.779498922413793 0.4166554418103448 0.7772539511494253
0 0.4486462823275862 0.12845725574712638 0.5202047413793104 0.12621228448275856 0.5042093211206897 0.7907237787356322 0.4553811961206896 0.7817438936781609
0 0.5210466056034483 0.1598868534482758 0.5454606681034483 0.1587643678160919 0.5319908405172414 0.7907237787356322 0.5050511853448276 0.7896012931034483
0 0.5564049030172414 0.13855962643678155 0.585870150862069 0.1430495689655172 0.5589304956896552 0.791846264367816 0.5353582974137931 0.7896012931034483
0 0.5883957435344828 0.19692887931034478 0.6380657327586208 0.20141882183908041 0.6027074353448276 0.8019486350574713 0.5589304956896552 0.7896012931034483
0 0.6405913254310345 0.2025413074712643 0.6776333512931035 0.20478627873563215 0.6414331896551725 0.8131734913793104 0.6010237068965517 0.8109285201149424
0 0.6776333512931035 0.19356142241379304 0.7247777478448276 0.19692887931034478 0.6793170797413793 0.8288882902298851 0.6397494612068966 0.8210308908045977
0 0.7390894396551725 0.19243893678160914 0.8072804418103449 0.19580639367816088 0.7483499461206897 0.8479705459770114 0.6877357219827587 0.8322557471264367
0 0.8333782327586208 0.13519216954022983 0.8746295797413793 0.13743714080459765 0.7954943426724138 0.8569504310344827 0.7635035021551725 0.8457255747126436
