0 0.15651939655172412 0.31142241379310337 0.1918776939655172 0.3091774425287356 0.23649649784482757 0.9534841954022988 0.20618938577586204 0.9546066810344828
0 0.20366379310344826 0.3080549568965517 0.23228717672413793 0.3091774425287356 0.2701710668103448 0.9411368534482758 0.24154768318965517 0.9445043103448275
0 0.2213429418103448 0.09702765804597695 0.2423895474137931 0.09478268678160913 0.29374326508620685 0.9411368534482758 0.26932920258620685 0.9388918821839081
0 0.2508081896551724 0.17335668103448273 0.29037580818965514 0.16998922413793097 0.3274178340517241 0.9433818247126436 0.29374326508620685 0.9467492816091955
0 0.3030037715517241 0.21264367816091947 0.3375202047413793 0.21039870689655168 0.36361799568965514 0.9355244252873564 0.3324690193965517 0.9366469109195402
0 0.340887661637931 0.20703124999999997 0.37708782327586204 0.21264367816091947 0.39392510775862066 0.9478717672413793 0.3610924030172413 0.9478717672413793
0 0.3762459590517241 0.17672413793103445 0.40823679956896547 0.17447916666666663 0.4217066271551724 0.9467492816091955 0.3972925646551724 0.9478717672413793
0 0.40739493534482757 0.13519216954022983 0.4410695043103448 0.13406968390804594 0.4545393318965517 0.9489942528735632 0.42339035560344823 0.9534841954022988
0 0.4486462823275862 0.20478627873563215 0.48063712284482757 0.20590876436781605 0.4823208512931034 0.9445043103448275 0.4545393318965517 0.9433818247126436
0 0.4865301724137931 0.17560165229885052 0.5227303340517242 0.17560165229885052 0.5159954202586208 0.9467492816091955 0.48063712284482757 0.9456267959770114
0 0.5269396551724138 0.18121408045977005 0.5547211745689655 0.18233656609195395 0.5404094827586208 0.9388918821839081 0.5176791487068966 0.9377693965517241
0 0.5580886314655172 0.09478268678160913 0.6027074353448276 0.09590517241379304 0.5782933728448276 0.9242995689655172 0.5420932112068966 0.9310344827586207
0 0.6043911637931035 0.17672413793103445 0.6540611530172414 0.17784662356321834 0.6262796336206897 0.9388918821839081 0.5833445581896552 0.9366469109195402
0 0.658270474137931 0.17896910919540224 0.6936287715517242 0.18009159482758616 0.659954202586207 0.9388918821839081 0.6288052262931035 0.9388918821839081
0 0.696154364224138 0.17784662356321834 0.7230940193965518 0.18009159482758616 0.6835264008620691 0.9366469109195402 0.6591123383620691 0.9377693965517241
0 0.7214102909482759 0.17672413793103445 0.7483499461206897 0.17560165229885052 0.7079404633620691 0.9400143678160919 0.6818426724137931 0.9377693965517241
0 0.7483499461206897 0.26091056034482757 0.7963362068965518 0.26203304597701144 0.7542429956896552 0.9287895114942528 0.7104660560344828 0.9321569683908045
0 0.8030711206896552 0.26203304597701144 0.8493736530172414 0.2642780172413793 0.7921268857758621 0.9321569683908045 0.7550848599137931 0.9242995689655172
0 0.8594760237068966 0.16998922413793097 0.8931505926724138 0.1711117097701149 0.8224339978448276 0.9287895114942528 0.793810614224138 0.927667025862069
0 0.8939924568965518 0.16549928160919536 0.928508890086207 0.16774425287356318 0.8544248383620691 0.9299119971264367 0.8232758620689655 0.9287895114942528
