0 0.03444908405172411 0.19019396551724133 0.07401670258620686 0.19131645114942522 0.09674703663793101 0.9388918821839081 0.05802128232758618 0.9433818247126436
0 0.0883283943965517 0.18233656609195395 0.11863550646551722 0.1834590517241379 0.13799838362068964 0.9254220545977011 0.10600754310344825 0.9299119971264367
0 0.12116109913793101 0.1834590517241379 0.1447332974137931 0.19019396551724133 0.1640961745689655 0.9164421695402298 0.13884024784482757 0.9175646551724137
0 0.14389143318965514 0.1565193965517241 0.19271955818965517 0.1610093390804597 0.21544989224137928 0.9175646551724137 0.16577990301724135 0.9254220545977011
0 0.2019800646551724 0.16549928160919536 0.24154768318965517 0.16774425287356318 0.2625942887931034 0.9108297413793104 0.21124057112068964 0.9108297413793104
0 0.24154768318965517 0.08131285919540224 0.3030037715517241 0.08804777298850568 0.3198410560344827 0.9130747126436781 0.26596174568965514 0.9130747126436781
0 0.3131061422413793 0.08468031609195396 0.35014816810344823 0.09366020114942523 0.3610924030172413 0.9018498563218391 0.32489224137931033 0.9085847701149424
0 0.3543574892241379 0.08917025862068957 0.3762459590517241 0.09141522988505742 0.38382273706896547 0.902972341954023 0.36361799568965514 0.902972341954023
0 0.38045528017241376 0.08917025862068957 0.3964507004310345 0.09029274425287352 0.40739493534482757 0.8973599137931033 0.38298087284482757 0.8996048850574713
0 0.4006600215517241 0.1587643678160919 0.42591594827586204 0.16437679597701146 0.4309671336206896 0.8883800287356322 0.40234374999999994 0.8872575431034483
0 0.4301252693965517 0.09029274425287352 0.46716729525862066 0.09478268678160913 0.4705347521551724 0.9018498563218391 0.43601831896551724 0.902972341954023
0 0.4688510237068965 0.09366020114942523 0.5168372844827587 0.09702765804597695 0.5244140625 0.8850125718390803 0.4730603448275862 0.8917474856321839
0 0.5210466056034483 0.07794540229885051 0.5883957435344828 0.08692528735632177 0.5875538793103449 0.877155172413793 0.5303071120689655 0.8805226293103448
0 0.6010237068965517 0.11386494252873558 0.6271214978448276 0.11723239942528729 0.6195447198275863 0.8636853448275862 0.5892376077586208 0.8670528017241379
0 0.6363820043103449 0.1015176005747126 0.6633216594827587 0.10937499999999996 0.6515355603448276 0.8670528017241379 0.6271214978448276 0.86480783045977
0 0.6675309806034483 0.16998922413793097 0.7138335129310345 0.17447916666666663 0.7037311422413793 0.8558279454022988 0.658270474137931 0.853582974137931
0 0.7247777478448276 0.17223419540229878 0.757610452586207 0.17223419540229878 0.7483499461206897 0.8434806034482758 0.7129916487068966 0.8513380028735632
0 0.7609779094827587 0.16549928160919536 0.8089641702586208 0.16886673850574707 0.7980199353448276 0.8468480603448275 0.7618197737068966 0.8457255747126436
0 0.8258014547413793 0.16549928160919536 0.8805226293103449 0.16998922413793097 0.8704202586206897 0.8446030890804597 0.8140153556034483 0.8412356321839081
0 0.8990436422413793 0.12172234195402294 0.9234577047413793 0.12508979885057467 0.9133553340517242 0.8288882902298851 0.8880994073275863 0.8311332614942528
