0 0.046235183189655145 0.30019755747126436 0.08075161637931032 0.2979525862068965 0.13884024784482757 0.8816451149425287 0.11190059267241377 0.8883800287356322
0 0.09253771551724135 0.28111530172413784 0.11947737068965515 0.279992816091954 0.17083108836206895 0.8692977729885057 0.14894261853448273 0.8692977729885057
0 0.11779364224137928 0.279992816091954 0.13799838362068964 0.27887033045977005 0.19103582974137928 0.8681752873563218 0.17167295258620688 0.8692977729885057
0 0.1371565193965517 0.2564206178160919 0.18177532327586204 0.2564206178160919 0.2263941271551724 0.8749102011494253 0.1918776939655172 0.8760326867816092
0 0.18261718749999997 0.2541756465517241 0.22218480603448273 0.255298132183908 0.2642780172413793 0.8692977729885057 0.22976158405172412 0.8715427442528735
0 0.22050107758620688 0.1845815373563218 0.2701710668103448 0.18233656609195395 0.30973868534482757 0.8715427442528735 0.2651198814655172 0.8760326867816092
0 0.28279903017241376 0.17896910919540224 0.3189991918103448 0.18121408045977005 0.34257139008620685 0.8805226293103448 0.3088968211206896 0.8805226293103448
0 0.32068292025862066 0.18009159482758616 0.340887661637931 0.1834590517241379 0.3619342672413793 0.8805226293103448 0.3434132543103448 0.8805226293103448
0 0.34257139008620685 0.17672413793103445 0.3568830818965517 0.17784662356321834 0.37708782327586204 0.8760326867816092 0.3610924030172413 0.8794001436781609
0 0.36361799568965514 0.24407327586206892 0.3871901939655172 0.24744073275862066 0.39897629310344823 0.8760326867816092 0.3762459590517241 0.8760326867816092
0 0.39055765086206895 0.18009159482758616 0.42254849137931033 0.17672413793103445 0.4301252693965517 0.877155172413793 0.3998181573275862 0.8760326867816092
0 0.42844154094827586 0.18121408045977005 0.4823208512931034 0.1845815373563218 0.4764278017241379 0.8726652298850573 0.4309671336206896 0.8749102011494253
0 0.4907394935344827 0.14641702586206892 0.5631398168103449 0.15427442528735627 0.537042025862069 0.8625628591954023 0.4789533943965517 0.8704202586206896
0 0.5690328663793104 0.18907147988505743 0.5917632004310345 0.19019396551724133 0.5648235452586208 0.8625628591954023 0.537883890086207 0.8625628591954023
0 0.6086004849137931 0.16998922413793097 0.6330145474137931 0.1711117097701149 0.5951306573275863 0.8625628591954023 0.5715584590517242 0.8625628591954023
0 0.6397494612068966 0.23397090517241373 0.6877357219827587 0.2384608477011494 0.6431169181034483 0.865930316091954 0.5942887931034483 0.8580729166666666
0 0.6969962284482759 0.23621587643678155 0.7340382543103449 0.2407058189655172 0.6835264008620691 0.8692977729885057 0.646484375 0.8636853448275862
0 0.7416150323275863 0.2373383620689655 0.7887594288793104 0.2384608477011494 0.7273033405172414 0.8726652298850573 0.6868938577586208 0.8737877155172414
0 0.806438577586207 0.23509339080459765 0.8729458512931035 0.2384608477011494 0.8005455280172414 0.8850125718390803 0.744140625 0.877155172413793
0 0.9007273706896552 0.17896910919540224 0.9335600754310346 0.18233656609195395 0.8451643318965518 0.878277658045977 0.8098060344827587 0.8760326867816092
