0 0.006667564655172379 0.17447916666666663 0.04370959051724135 0.17560165229885052 0.04707704741379307 0.9691989942528735 0.006667564655172379 0.9691989942528735
0 0.04539331896551721 0.17335668103448273 0.07570043103448273 0.17784662356321834 0.08327720905172412 0.9703214798850573 0.046235183189655145 0.9703214798850573
0 0.07906788793103446 0.1430495689655172 0.1312634698275862 0.1408045977011494 0.13547279094827583 0.9770563936781609 0.08243534482758619 0.974811422413793
0 0.13884024784482757 0.16662176724137925 0.19271955818965517 0.16662176724137925 0.1994544719827586 0.9658315373563218 0.13884024784482757 0.9680765086206896
0 0.20534752155172412 0.14978448275862064 0.3189991918103448 0.1408045977011494 0.3240503771551724 0.9489942528735632 0.20534752155172412 0.9534841954022988
0 0.32910156249999994 0.1430495689655172 0.37792968749999994 0.1408045977011494 0.38045528017241376 0.9602191091954023 0.32152478448275856 0.9658315373563218
0 0.3888739224137931 0.13182471264367812 0.4410695043103448 0.13182471264367812 0.43686018318965514 0.9691989942528735 0.37961341594827586 0.9680765086206896
0 0.45033001077586204 0.16325431034482754 0.49663254310344823 0.16437679597701146 0.4949488146551724 0.9770563936781609 0.44022764008620685 0.9804238505747126
0 0.500841864224138 0.1845815373563218 0.5353582974137931 0.1845815373563218 0.5328327047413793 0.9770563936781609 0.4949488146551724 0.9793013649425287
0 0.5404094827586208 0.1553969109195402 0.5673491379310345 0.1553969109195402 0.5673491379310345 0.9837913074712644 0.5345164331896552 0.9837913074712644
0 0.5690328663793104 0.17784662356321834 0.6237540409482759 0.17672413793103445 0.6237540409482759 0.9793013649425287 0.5681910021551725 0.9770563936781609
0 0.6321726831896552 0.1845815373563218 0.6751077586206897 0.1879489942528735 0.6725821659482759 0.974811422413793 0.6363820043103449 0.975933908045977
0 0.6725821659482759 0.06896551724137925 0.7104660560344828 0.06447557471264362 0.7180428340517242 0.975933908045977 0.6801589439655172 0.9736889367816092
0 0.7146753771551725 0.11049748563218387 0.7761314655172414 0.11049748563218387 0.7761314655172414 0.9860362787356322 0.7197265625 0.9815463362068965
0 0.7811826508620691 0.13294719827586202 0.8241177262931035 0.13519216954022983 0.8274851831896552 0.9736889367816092 0.7853919719827587 0.975933908045977
0 0.8274851831896552 0.13519216954022983 0.855266702586207 0.13631465517241373 0.8662109375000001 0.9703214798850573 0.8274851831896552 0.974811422413793
0 0.8662109375000001 0.17560165229885052 0.9226158405172414 0.1711117097701149 0.9301926185344829 0.9680765086206896 0.879680765086207 0.9736889367816092
0 0.9293507543103449 0.17335668103448273 0.9798626077586208 0.17223419540229878 0.9958580280172414 0.963586566091954 0.9394531250000001 0.9658315373563218
