0 0.009193157327586172 0.09478268678160913 0.05212823275862066 0.09702765804597695 0.04455145474137928 0.9950161637931033 0.0033001077586206555 0.9961386494252874
0 0.05802128232758618 0.12621228448275856 0.09758890086206894 0.13070222701149423 0.08167263531809565 0.9996744791666666 0.046235183189655145 0.9996744791666666
0 0.09758890086206894 0.08580280172413786 0.14389143318965514 0.08692528735632177 0.12627403150949223 0.9996744791666669 0.07822602370689652 0.9995061063218391
0 0.15820312499999997 0.11386494252873558 0.18430091594827586 0.11161997126436778 0.16493803879310343 0.9950161637931033 0.13631465517241378 0.9950161637931033
0 0.18766837284482757 0.1026400862068965 0.22723599137931033 0.10713002873563211 0.20116606867513753 0.9996744791666666 0.16493803879310343 0.9996744791666666
0 0.2348127693965517 0.1015176005747126 0.2701710668103448 0.1026400862068965 0.24154768318965517 0.9961386494252874 0.2019800646551724 0.9927711925287356
0 0.27690598060344823 0.09366020114942523 0.3131061422413793 0.09927262931034475 0.27535637524429746 0.9996744791666666 0.24154768318965517 0.9995061063218391
0 0.3131061422413793 0.09253771551724133 0.34930630387931033 0.09478268678160913 0.31058054956896547 0.9894037356321839 0.27606411637931033 0.9938936781609194
0 0.3518318965517241 0.09253771551724133 0.4006600215517241 0.10039511494252869 0.3551993534482758 0.9950161637931033 0.3080549568965517 0.98828125
0 0.3972925646551724 0.09590517241379304 0.4301252693965517 0.09815014367816084 0.38298087284482757 0.9905262212643677 0.35856681034482757 0.98828125
0 0.43686018318965514 0.09141522988505742 0.4924232219827586 0.09366020114942523 0.4452788254310345 0.9938936781609194 0.37708782327586204 0.9837913074712644
0 0.4924232219827586 0.08804777298850568 0.5244140625 0.08804777298850568 0.4730603448275862 0.9950161637931033 0.44022764008620685 0.9938936781609194
0 0.5269396551724138 0.08468031609195396 0.5639816810344828 0.08468031609195396 0.511786099137931 0.9871587643678161 0.47221848060344823 0.9871587643678161
0 0.5665072737068966 0.09815014367816084 0.5909213362068966 0.1026400862068965 0.536200161637931 0.9804238505747126 0.511786099137931 0.9826688218390803
0 0.5968143857758621 0.08468031609195396 0.6321726831896552 0.08468031609195396 0.5766096443965517 0.9860362787356322 0.537042025862069 0.9815463362068965
0 0.6372238685344828 0.08917025862068957 0.6708984375 0.09141522988505742 0.6128098060344828 0.9793013649425287 0.5766096443965517 0.975933908045977
0 0.6742658943965517 0.12059985632183905 0.7062567349137931 0.12172234195402294 0.6490099676724138 0.9793013649425287 0.6136516702586208 0.974811422413793
0 0.7113079202586208 0.12396731321839076 0.744140625 0.12172234195402294 0.6818426724137931 0.9804238505747126 0.647326239224138 0.9736889367816092
0 0.7508755387931035 0.045393318965517175 0.8207502693965518 0.0487607758620689 0.7491918103448276 0.9837913074712644 0.682684536637931 0.975933908045977
0 0.8207502693965518 0.08243534482758615 0.8485317887931035 0.08468031609195396 0.780340786637931 0.9849137931034483 0.7525592672413793 0.9804238505747126
0 0.8527411099137931 0.07570043103448269 0.8872575431034483 0.07570043103448269 0.8165409482758621 0.9826688218390803 0.782024515086207 0.9736889367816092
0 0.8982017780172414 0.0004938936781608468 0.9259832974137931 0.0027388649425286646 0.8527411099137931 0.9691989942528735 0.8274851831896552 0.9647090517241379
