0 0.06980738146551721 0.11610991379310338 0.1102168642241379 0.11947737068965514 0.10684940732758619 0.9534841954022988 0.06054687499999997 0.9568516522988505
0 0.12031923491379308 0.17896910919540224 0.22218480603448273 0.17896910919540224 0.2238685344827586 0.9523617097701149 0.12200296336206895 0.9534841954022988
0 0.2263941271551724 0.10937499999999996 0.29037580818965514 0.11274245689655167 0.29711072198275856 0.9703214798850573 0.21965921336206895 0.9680765086206896
0 0.30047817887931033 0.11049748563218387 0.3358364762931034 0.11498742816091949 0.3299434267241379 0.9669540229885057 0.292059536637931 0.963586566091954
0 0.3375202047413793 0.11274245689655167 0.3728785021551724 0.11723239942528729 0.3627761314655172 0.963586566091954 0.3299434267241379 0.963586566091954
0 0.3754040948275862 0.12172234195402294 0.41497171336206895 0.12059985632183905 0.40823679956896547 0.9658315373563218 0.3644598599137931 0.96246408045977
0 0.42254849137931033 0.11610991379310338 0.4688510237068965 0.12059985632183905 0.4654835668103448 0.9647090517241379 0.4107623922413793 0.96246408045977
0 0.4739022090517241 0.12284482758620685 0.5168372844827587 0.12172234195402294 0.5151535560344828 0.963586566091954 0.47221848060344823 0.9579741379310344
0 0.5260977909482759 0.0487607758620689 0.6086004849137931 0.04988326149425281 0.6195447198275863 0.9658315373563218 0.5319908405172414 0.9557291666666666
0 0.6448006465517242 0.08468031609195396 0.6995218211206897 0.09141522988505742 0.7003636853448276 0.96246408045977 0.6380657327586208 0.9568516522988505
0 0.708782327586207 0.08019037356321833 0.7651872306034483 0.08692528735632177 0.769396551724138 0.9613415948275862 0.7028892780172414 0.9590966235632185
0 0.7769733297413793 0.08580280172413786 0.8148572198275863 0.09029274425287352 0.8173828125 0.9613415948275862 0.7769733297413793 0.9568516522988505
0 0.8274851831896552 0.08019037356321833 0.8620016163793104 0.08131285919540224 0.8712621228448276 0.9669540229885057 0.8232758620689655 0.963586566091954
