0 0.029397898706896516 0.2395833333333333 0.07064924568965515 0.2373383620689655 0.11779364224137928 0.9534841954022988 0.07570043103448273 0.9501167385057471
0 0.0639143318965517 0.09029274425287352 0.1102168642241379 0.09366020114942523 0.16493803879310343 0.9534841954022988 0.1152680495689655 0.9523617097701149
0 0.12116109913793101 0.1037625718390804 0.16662176724137928 0.1037625718390804 0.20534752155172412 0.9467492816091955 0.16998922413793102 0.9467492816091955
0 0.16662176724137928 0.10488505747126431 0.2398639547413793 0.1037625718390804 0.27606411637931033 0.9478717672413793 0.20703124999999997 0.9422593390804597
0 0.24996632543103445 0.2148886494252873 0.27185479525862066 0.21152119252873558 0.3021619073275862 0.951239224137931 0.27269665948275856 0.951239224137931
0 0.27943157327586204 0.09141522988505742 0.32489224137931033 0.09366020114942523 0.34257139008620685 0.9534841954022988 0.3021619073275862 0.951239224137931
0 0.3307852909482758 0.09702765804597695 0.3930832435344827 0.09927262931034475 0.40486934267241376 0.9669540229885057 0.3467807112068965 0.9590966235632185
0 0.4006600215517241 0.08917025862068957 0.46127424568965514 0.08804777298850568 0.4688510237068965 0.9680765086206896 0.40486934267241376 0.9602191091954023
0 0.47137661637931033 0.08917025862068957 0.536200161637931 0.09141522988505742 0.5260977909482759 0.96246408045977 0.4688510237068965 0.9658315373563218
0 0.549669989224138 0.06784303160919533 0.6330145474137931 0.07794540229885051 0.6052330280172414 0.9568516522988505 0.5319908405172414 0.9579741379310344
0 0.6397494612068966 0.06672054597701142 0.7188846982758621 0.07570043103448269 0.6776333512931035 0.9658315373563218 0.6069167564655172 0.9557291666666666
0 0.731512661637931 0.044270833333333266 0.8544248383620691 0.04202586206896544 0.7988617995689655 0.9837913074712644 0.6885775862068966 0.9815463362068965
0 0.8620016163793104 0.09702765804597695 0.9242995689655173 0.09815014367816084 0.867052801724138 0.9837913074712644 0.8089641702586208 0.9815463362068965
