0 0.004141971982758586 0.2878502155172414 0.0504445043103448 0.2844827586206896 0.15399380387931033 0.9422593390804597 0.10853313577586204 0.9400143678160919
0 0.027714170258620656 0.13182471264367812 0.08243534482758619 0.13182471264367812 0.1969288793103448 0.9344019396551725 0.15736126077586204 0.9355244252873564
0 0.09253771551724135 0.13519216954022983 0.1396821120689655 0.13631465517241373 0.2348127693965517 0.927667025862069 0.20282192887931033 0.9321569683908045
0 0.14557516163793102 0.1408045977011494 0.2263941271551724 0.1408045977011494 0.3021619073275862 0.9242995689655172 0.23902209051724135 0.927667025862069
0 0.24323141163793102 0.26315553160919536 0.27185479525862066 0.26091056034482757 0.3265759698275862 0.9310344827586207 0.3030037715517241 0.9287895114942528
0 0.2634361530172413 0.13406968390804594 0.31563173491379304 0.13294719827586202 0.36951104525862066 0.9332794540229884 0.32825969827586204 0.9366469109195402
0 0.33162715517241376 0.1441720545977011 0.3956088362068965 0.1430495689655172 0.4242322198275862 0.9456267959770114 0.3720366379310345 0.9422593390804597
0 0.3998181573275862 0.12845725574712638 0.4680091594827586 0.12845725574712638 0.48147898706896547 0.9388918821839081 0.4242322198275862 0.9400143678160919
0 0.4823208512931034 0.13968211206896544 0.5463025323275862 0.13631465517241373 0.536200161637931 0.9366469109195402 0.48568830818965514 0.9400143678160919
0 0.5639816810344828 0.10825251436781602 0.6515355603448276 0.11386494252873558 0.6043911637931035 0.9265445402298851 0.5404094827586208 0.9344019396551725
0 0.6641635237068966 0.11049748563218387 0.7475080818965518 0.11723239942528729 0.6734240301724138 0.9377693965517241 0.6069167564655172 0.9332794540229884
0 0.7592941810344828 0.1026400862068965 0.8948343211206897 0.10713002873563211 0.7769733297413793 0.9590966235632185 0.6860519935344828 0.9557291666666666
0 0.8990436422413793 0.16325431034482754 0.9588160021551725 0.16325431034482754 0.8333782327586208 0.9613415948275862 0.7862338362068966 0.9590966235632185
