0 0.2541756465517241 0.15764188218390798 0.29121767241379304 0.15427442528735627 0.3299434267241379 0.9613415948275862 0.30047817887931033 0.9590966235632185
0 0.2945851293103448 0.1610093390804597 0.32825969827586204 0.1598868534482758 0.35940867456896547 0.9680765086206896 0.3307852909482758 0.963586566091954
0 0.3358364762931034 0.16886673850574707 0.36698545258620685 0.16774425287356318 0.3930832435344827 0.9602191091954023 0.3610924030172413 0.9658315373563218
0 0.37035290948275856 0.16549928160919536 0.40823679956896547 0.16662176724137925 0.4301252693965517 0.9568516522988505 0.3956088362068965 0.9557291666666666
0 0.41833917025862066 0.19580639367816088 0.45369746767241376 0.19580639367816088 0.46043238146551724 0.963586566091954 0.42928340517241376 0.96246408045977
0 0.4553811961206896 0.2002963362068965 0.48905576508620685 0.20141882183908041 0.4907394935344827 0.9613415948275862 0.4579067887931034 0.9613415948275862
0 0.49158135775862066 0.2755028735632184 0.5294652478448276 0.2743803879310344 0.5218884698275862 0.9557291666666666 0.4932650862068965 0.9557291666666666
0 0.5319908405172414 0.2777478448275862 0.5665072737068966 0.27662535919540227 0.5555630387931035 0.9501167385057471 0.5277815193965517 0.9489942528735632
0 0.5681910021551725 0.1553969109195402 0.6136516702586208 0.1486619971264367 0.5926050646551725 0.9534841954022988 0.5564049030172414 0.951239224137931
0 0.6161772629310345 0.06896551724137925 0.6565867456896552 0.06784303160919533 0.6212284482758621 0.9478717672413793 0.5942887931034483 0.9445043103448275
0 0.6540611530172414 0.1565193965517241 0.6784752155172414 0.15764188218390798 0.646484375 0.9366469109195402 0.6237540409482759 0.9321569683908045
