0 0.018453663793103415 0.28897270114942525 0.04791891163793101 0.2867277298850574 0.05633755387931032 0.951239224137931 0.024346713362068933 0.9456267959770114
0 0.04791891163793101 0.2979525862068965 0.07990975215517239 0.2945851293103448 0.09674703663793101 0.9523617097701149 0.06054687499999997 0.9489942528735632
0 0.07822602370689652 0.2979525862068965 0.11442618534482757 0.29570761494252873 0.13378906249999997 0.9411368534482758 0.09758890086206894 0.9467492816091955
0 0.1127424568965517 0.20927622126436776 0.16662176724137928 0.21039870689655168 0.19103582974137928 0.9445043103448275 0.12789601293103445 0.9433818247126436
0 0.1691473599137931 0.21152119252873558 0.20871497844827586 0.20927622126436776 0.23228717672413793 0.9467492816091955 0.19103582974137928 0.9445043103448275
0 0.21208243534482757 0.29570761494252873 0.2423895474137931 0.29234015804597696 0.2625942887931034 0.951239224137931 0.23060344827586204 0.951239224137931
0 0.24407327586206895 0.29009518678160917 0.26932920258620685 0.29121767241379304 0.2895339439655172 0.9501167385057471 0.2600686961206896 0.9501167385057471
0 0.26932920258620685 0.2025413074712643 0.29290140086206895 0.1991738505747126 0.31478987068965514 0.9478717672413793 0.2895339439655172 0.9478717672413793
0 0.29711072198275856 0.13855962643678155 0.3627761314655172 0.1408045977011494 0.3812971443965517 0.9557291666666666 0.31731546336206895 0.9579741379310344
0 0.36698545258620685 0.2373383620689655 0.4057112068965517 0.2384608477011494 0.42339035560344823 0.9456267959770114 0.38298087284482757 0.9467492816091955
0 0.40823679956896547 0.2407058189655172 0.4301252693965517 0.2407058189655172 0.4452788254310345 0.9388918821839081 0.4217066271551724 0.9355244252873564
0 0.4309671336206896 0.2373383620689655 0.45706492456896547 0.2384608477011494 0.4730603448275862 0.9445043103448275 0.44696255387931033 0.9467492816091955
0 0.46464170258620685 0.22162356321839075 0.48147898706896547 0.22050107758620685 0.4941069504310345 0.9445043103448275 0.4739022090517241 0.9411368534482758
0 0.48484644396551724 0.29346264367816083 0.5092605064655172 0.2945851293103448 0.5202047413793104 0.9489942528735632 0.49663254310344823 0.9456267959770114
0 0.511786099137931 0.23397090517241373 0.5463025323275862 0.23284841954022983 0.5572467672413793 0.9467492816091955 0.5176791487068966 0.9467492816091955
0 0.5521955818965517 0.2945851293103448 0.585870150862069 0.2945851293103448 0.5892376077586208 0.9478717672413793 0.5597723599137931 0.9422593390804597
0 0.5917632004310345 0.1441720545977011 0.6136516702586208 0.1419270833333333 0.6170191271551725 0.9489942528735632 0.5892376077586208 0.9478717672413793
0 0.6161772629310345 0.23172593390804594 0.6422750538793104 0.23284841954022983 0.6422750538793104 0.9445043103448275 0.6178609913793104 0.9456267959770114
0 0.6456425107758621 0.23397090517241373 0.6818426724137931 0.23509339080459765 0.6776333512931035 0.9445043103448275 0.6405913254310345 0.9445043103448275
0 0.6860519935344828 0.2867277298850574 0.7155172413793104 0.2878502155172414 0.7104660560344828 0.9422593390804597 0.6793170797413793 0.9411368534482758
0 0.7172009698275863 0.30019755747126436 0.7424568965517242 0.30019755747126436 0.7357219827586208 0.9332794540229884 0.7121497844827587 0.9332794540229884
0 0.7550848599137931 0.2373383620689655 0.7946524784482759 0.23621587643678155 0.780340786637931 0.9366469109195402 0.7382475754310345 0.9332794540229884
0 0.8055967133620691 0.23172593390804594 0.8485317887931035 0.23284841954022983 0.8266433189655173 0.9332794540229884 0.7896012931034483 0.9299119971264367
0 0.8502155172413793 0.29234015804597696 0.8746295797413793 0.2945851293103448 0.8586341594827587 0.9456267959770114 0.8325363685344828 0.9445043103448275
0 0.8822063577586208 0.29121767241379304 0.9083041487068966 0.29346264367816083 0.891466864224138 0.9377693965517241 0.8620016163793104 0.9366469109195402
0 0.9175646551724138 0.2261135057471264 0.9478717672413793 0.22948096264367812 0.9226158405172414 0.9445043103448275 0.8931505926724138 0.9377693965517241
0 0.9562904094827587 0.22386853448275856 0.9840719288793104 0.22835847701149423 0.952922952586207 0.9422593390804597 0.9234577047413793 0.9366469109195402
