0 0.19861260775862066 0.07794540229885051 0.23144531249999997 0.0745779454022988 0.3088968211206896 0.9287895114942528 0.2811153017241379 0.9254220545977011
0 0.23312904094827586 0.07345545977011488 0.26680360991379304 0.07233297413793097 0.33920393318965514 0.9411368534482758 0.3114224137931034 0.9344019396551725
0 0.27606411637931033 0.08692528735632177 0.3122642780172413 0.08019037356321833 0.37035290948275856 0.9422593390804597 0.340887661637931 0.9388918821839081
0 0.3139480064655172 0.08131285919540224 0.34930630387931033 0.07570043103448269 0.4065530711206896 0.9411368534482758 0.37372036637931033 0.9411368534482758
0 0.3627761314655172 0.11161997126436778 0.39476697198275856 0.10713002873563211 0.43686018318965514 0.9489942528735632 0.40486934267241376 0.9467492816091955
0 0.40150188577586204 0.10937499999999996 0.43686018318965514 0.10600754310344822 0.46716729525862066 0.9590966235632185 0.4343345905172413 0.9534841954022988
0 0.4486462823275862 0.194683908045977 0.49158135775862066 0.194683908045977 0.5025255926724138 0.9534841954022988 0.4730603448275862 0.9523617097701149
0 0.4932650862068965 0.194683908045977 0.5328327047413793 0.19356142241379304 0.5446188038793104 0.9602191091954023 0.5042093211206897 0.9602191091954023
0 0.536200161637931 0.04202586206896544 0.585870150862069 0.03978089080459763 0.5799771012931035 0.9725664511494253 0.5429350754310345 0.9613415948275862
0 0.5900794719827587 0.0027388649425286646 0.6313308189655172 0.0027388649425286646 0.6144935344827587 0.9725664511494253 0.5791352370689655 0.9669540229885057
0 0.6422750538793104 0.04202586206896544 0.6793170797413793 0.03865840517241373 0.646484375 0.9557291666666666 0.6203865840517242 0.951239224137931
