0 0.021821120689655138 0.0016163793103447603 0.09758890086206894 0.0004938936781608468 0.09506330818965515 0.9837913074712644 0.01592807112068962 0.9826688218390803
0 0.10937499999999997 0.11161997126436778 0.14978448275862066 0.10937499999999996 0.1506263469827586 0.9781788793103448 0.10179822198275859 0.9793013649425287
0 0.1615705818965517 0.11610991379310338 0.18766837284482757 0.11947737068965514 0.18430091594827586 0.9725664511494253 0.15988685344827583 0.9691989942528735
0 0.18766837284482757 0.11161997126436778 0.21713362068965517 0.11723239942528729 0.21544989224137928 0.9658315373563218 0.1834590517241379 0.9725664511494253
0 0.22302667025862066 0.09366020114942523 0.24491514008620688 0.09478268678160913 0.2423895474137931 0.9714439655172414 0.21544989224137928 0.9703214798850573
0 0.2516500538793103 0.18233656609195395 0.27606411637931033 0.18570402298850572 0.2735385237068965 0.9703214798850573 0.24323141163793102 0.9736889367816092
0 0.27943157327586204 0.11161997126436778 0.32068292025862066 0.11274245689655167 0.32068292025862066 0.9725664511494253 0.27269665948275856 0.9725664511494253
0 0.32489224137931033 0.1845815373563218 0.3627761314655172 0.1868265086206896 0.3568830818965517 0.9725664511494253 0.32068292025862066 0.9736889367816092
0 0.37708782327586204 0.006106321839080386 0.40402747844827586 0.008351293103448204 0.38803205818965514 0.9736889367816092 0.35856681034482757 0.9714439655172414
0 0.40234374999999994 0.11274245689655167 0.4309671336206896 0.11498742816091949 0.4217066271551724 0.9736889367816092 0.3863483297413793 0.974811422413793
0 0.44275323275862066 0.11723239942528729 0.48568830818965514 0.11723239942528729 0.4680091594827586 0.9658315373563218 0.42254849137931033 0.9691989942528735
0 0.49158135775862066 0.18121408045977005 0.5244140625 0.18121408045977005 0.5092605064655172 0.9590966235632185 0.4764278017241379 0.9568516522988505
0 0.5319908405172414 0.20141882183908041 0.5656654094827587 0.20141882183908041 0.5420932112068966 0.9602191091954023 0.5092605064655172 0.9579741379310344
0 0.5766096443965517 0.12621228448275856 0.6237540409482759 0.12845725574712638 0.598498114224138 0.963586566091954 0.5387257543103449 0.9534841954022988
0 0.6321726831896552 0.1183548850574712 0.6793170797413793 0.1183548850574712 0.6515355603448276 0.9703214798850573 0.6010237068965517 0.9669540229885057
0 0.6868938577586208 0.18570402298850572 0.7155172413793104 0.19019396551724133 0.6902613146551725 0.9691989942528735 0.6506936961206897 0.9669540229885057
0 0.7214102909482759 0.18907147988505743 0.7534011314655172 0.19019396551724133 0.7247777478448276 0.9736889367816092 0.6902613146551725 0.9714439655172414
0 0.7626616379310346 0.11723239942528729 0.7980199353448276 0.1183548850574712 0.7609779094827587 0.9703214798850573 0.7256196120689655 0.9647090517241379
0 0.804754849137931 0.12059985632183905 0.841796875 0.12172234195402294 0.7971780711206897 0.9680765086206896 0.7660290948275863 0.9658315373563218
