0 0.001616379310344793 0.2395833333333333 0.10179822198275859 0.24519576149425282 0.13294719827586204 0.9489942528735632 0.04455145474137928 0.9467492816091955
0 0.10095635775862066 0.22499102011494246 0.13631465517241378 0.2272359913793103 0.16662176724137928 0.9332794540229884 0.1371565193965517 0.9321569683908045
0 0.13884024784482757 0.2261135057471264 0.18093345905172412 0.22835847701149423 0.20618938577586204 0.9377693965517241 0.1691473599137931 0.9332794540229884
0 0.1859846443965517 0.23172593390804594 0.2213429418103448 0.23284841954022983 0.23902209051724135 0.9299119971264367 0.20282192887931033 0.9355244252873564
0 0.2238685344827586 0.23172593390804594 0.2634361530172413 0.23060344827586202 0.2777478448275862 0.9344019396551725 0.23565463362068964 0.9332794540229884
0 0.26932920258620685 0.2777478448275862 0.30973868534482757 0.2755028735632184 0.3114224137931034 0.9366469109195402 0.2777478448275862 0.9355244252873564
0 0.3122642780172413 0.23284841954022983 0.3577249461206896 0.23397090517241373 0.3577249461206896 0.9411368534482758 0.30973868534482757 0.9411368534482758
0 0.35856681034482757 0.23284841954022983 0.3863483297413793 0.23509339080459765 0.3821390086206896 0.9422593390804597 0.3577249461206896 0.9411368534482758
0 0.3888739224137931 0.22948096264367812 0.4351764547413793 0.23172593390804594 0.4208647629310345 0.9445043103448275 0.3821390086206896 0.9366469109195402
0 0.438543911637931 0.23284841954022983 0.4755859375 0.23621587643678155 0.4587486530172413 0.9433818247126436 0.42254849137931033 0.9400143678160919
0 0.4789533943965517 0.1587643678160919 0.5151535560344828 0.1598868534482758 0.4840045797413793 0.9680765086206896 0.45622306034482757 0.9703214798850573
0 0.5109442349137931 0.23509339080459765 0.5387257543103449 0.2373383620689655 0.5101023706896552 0.9366469109195402 0.48568830818965514 0.9400143678160919
0 0.5404094827586208 0.1598868534482758 0.5774515086206897 0.16325431034482754 0.5420932112068966 0.9736889367816092 0.5067349137931034 0.9658315373563218
0 0.574084051724138 0.20815373563218387 0.6212284482758621 0.21264367816091947 0.5841864224137931 0.9400143678160919 0.5454606681034483 0.9411368534482758
0 0.6170191271551725 0.28897270114942525 0.6565867456896552 0.29009518678160917 0.6170191271551725 0.9209321120689654 0.5833445581896552 0.9220545977011493
0 0.6540611530172414 0.32825969827586204 0.6885775862068966 0.3305046695402299 0.6490099676724138 0.9119522270114943 0.6144935344827587 0.9141971982758621
0 0.7037311422413793 0.26876795977011486 0.7542429956896552 0.27213541666666663 0.7028892780172414 0.9433818247126436 0.6549030172413793 0.9445043103448275
0 0.7719221443965518 0.1587643678160919 0.8106478987068966 0.16437679597701146 0.7458243534482759 0.9793013649425287 0.7121497844827587 0.9770563936781609
0 0.8013873922413793 0.31478987068965514 0.8518992456896552 0.3181573275862069 0.7794989224137931 0.9321569683908045 0.7500336745689655 0.9310344827586207
0 0.8737877155172414 0.2373383620689655 0.9200902478448276 0.242950790229885 0.8392712823275863 0.9557291666666666 0.7980199353448276 0.9523617097701149
