0 0.00493706597222221 0.2782389322916667 0.07682291666666667 0.2802734375 0.09174262152777775 0.8631591796875 0.014431423611111086 0.8590901692708333
0 0.0849609375 0.2904459635416667 0.16227213541666666 0.2894287109375 0.16227213541666666 0.8672281901041667 0.08902994791666667 0.8590901692708333
0 0.15955946180555558 0.3138427734375 0.23280164930555558 0.3209635416666667 0.22195095486111108 0.884521484375 0.16634114583333334 0.8794352213541667
0 0.24772135416666666 0.322998046875 0.3128255208333333 0.3240152994791667 0.2911241319444444 0.8896077473958333 0.22601996527777776 0.8855387369791667
0 0.3304578993055556 0.24568684895833331 0.3765733506944444 0.24873860677083331 0.3372395833333333 0.8865559895833333 0.29926215277777773 0.8835042317708333
0 0.3887803819444444 0.2548421223958333 0.42675781250000006 0.255859375 0.3765733506944444 0.8875732421875 0.34130859375 0.8865559895833333
0 0.43082682291666674 0.2609456380208333 0.46880425347222227 0.2609456380208333 0.4131944444444444 0.8916422526041667 0.3806423611111111 0.890625
0 0.4837239583333334 0.26806640625 0.5203450520833334 0.2721354166666667 0.4471028645833334 0.8957112630208333 0.4131944444444444 0.8896077473958333
0 0.5067816840277778 0.40234375 0.546115451388889 0.4043782552083333 0.49186197916666674 0.8946940104166667 0.44574652777777773 0.8916422526041667
0 0.5542534722222222 0.4104817708333333 0.5990125868055556 0.4114990234375 0.5311957465277778 0.908935546875 0.4905056423611111 0.8977457682291667
0 0.600368923611111 0.4104817708333333 0.655978732638889 0.4165852864583333 0.5718858506944444 0.9170735677083333 0.533908420138889 0.9069010416666667
0 0.6586914062500001 0.4176025390625 0.710232204861111 0.4226888020833333 0.619357638888889 0.9231770833333333 0.5691731770833334 0.9201253255208333
0 0.7332899305555557 0.34130859375 0.7983940972222223 0.3453776041666667 0.6722547743055557 0.9262288411458333 0.6207139756944444 0.921142578125
0 0.7997504340277777 0.3484293619791667 0.85400390625 0.353515625 0.7251519097222223 0.9262288411458333 0.6749674479166666 0.9221598307291667
0 0.8607855902777777 0.3514811197916667 0.9191080729166666 0.3565673828125 0.778049045138889 0.9374186197916667 0.729220920138889 0.9364013671875
0 0.9231770833333334 0.3565673828125 0.9679361979166666 0.3616536458333333 0.8160264756944443 0.9404703776041667 0.7794053819444443 0.9364013671875
0 0.9597981770833334 0.4043782552083333 0.9996744791666666 0.41092046101888025 0.8607855902777777 0.9435221354166667 0.8173828125 0.9374186197916667
