0 0.2373383620689655 0.17335668103448273 0.27185479525862066 0.17223419540229878 0.32910156249999994 0.9894037356321839 0.30047817887931033 0.9860362787356322
0 0.2752222521551724 0.17335668103448273 0.3139480064655172 0.17447916666666663 0.35940867456896547 0.9804238505747126 0.32825969827586204 0.974811422413793
0 0.3198410560344827 0.18570402298850572 0.35604121767241376 0.18009159482758616 0.39392510775862066 0.974811422413793 0.3610924030172413 0.9781788793103448
0 0.3577249461206896 0.18233656609195395 0.3930832435344827 0.17896910919540224 0.42844154094827586 0.9691989942528735 0.39897629310344823 0.9714439655172414
0 0.40234374999999994 0.21152119252873558 0.43601831896551724 0.20927622126436776 0.46043238146551724 0.9691989942528735 0.43180899784482757 0.9736889367816092
0 0.44022764008620685 0.20927622126436776 0.47474407327586204 0.20703124999999997 0.4907394935344827 0.9680765086206896 0.46043238146551724 0.9691989942528735
0 0.4797952586206896 0.279992816091954 0.5151535560344828 0.28111530172413784 0.5235721982758621 0.963586566091954 0.4949488146551724 0.9658315373563218
0 0.5193628771551725 0.2822377873563218 0.5538793103448276 0.28111530172413784 0.5580886314655172 0.9590966235632185 0.5277815193965517 0.9613415948275862
0 0.5547211745689655 0.16213182471264365 0.5951306573275863 0.16213182471264365 0.5934469288793104 0.9613415948275862 0.561456088362069 0.9590966235632185
0 0.5951306573275863 0.0790678879310344 0.6389075969827587 0.07570043103448269 0.622912176724138 0.9579741379310344 0.5959725215517242 0.9590966235632185
0 0.6363820043103449 0.16325431034482754 0.6675309806034483 0.16437679597701146 0.646484375 0.9433818247126436 0.6254377693965517 0.9433818247126436
