0 0.0033001077586206555 0.28111530172413784 0.024346713362068933 0.2822377873563218 0.025188577586206864 0.9411368534482758 0.001616379310344793 0.9388918821839081
0 0.023504849137931 0.27213541666666663 0.048760775862068936 0.26876795977011486 0.054653825431034454 0.9456267959770114 0.024346713362068933 0.9467492816091955
0 0.06223060344827583 0.20590876436781605 0.10264008620689653 0.2025413074712643 0.10432381465517239 0.9445043103448275 0.06223060344827583 0.9422593390804597
0 0.10769127155172412 0.1598868534482758 0.15399380387931033 0.15315193965517238 0.15399380387931033 0.9602191091954023 0.10600754310344825 0.9557291666666666
0 0.16493803879310343 0.2541756465517241 0.19440328663793102 0.2564206178160919 0.18682650862068964 0.9590966235632185 0.15736126077586204 0.9590966235632185
0 0.20113820043103448 0.14978448275862064 0.22471039870689655 0.14978448275862064 0.21376616379310343 0.9602191091954023 0.18766837284482757 0.9590966235632185
0 0.23228717672413793 0.15090696839080453 0.2600686961206896 0.1486619971264367 0.2533337823275862 0.9579741379310344 0.21460802801724135 0.9546066810344828
0 0.26596174568965514 0.17447916666666663 0.31478987068965514 0.1711117097701149 0.3131061422413793 0.974811422413793 0.25838496767241376 0.9703214798850573
0 0.32152478448275856 0.12396731321839076 0.34509698275862066 0.12172234195402294 0.3518318965517241 0.9725664511494253 0.32068292025862066 0.9770563936781609
0 0.35351562499999994 0.14641702586206892 0.3930832435344827 0.1419270833333333 0.3964507004310345 0.9770563936781609 0.35267376077586204 0.9714439655172414
0 0.39392510775862066 0.13855962643678155 0.43180899784482757 0.13406968390804594 0.43686018318965514 0.9781788793103448 0.39476697198275856 0.9793013649425287
0 0.43180899784482757 0.11161997126436778 0.4663254310344827 0.10488505747126431 0.47221848060344823 0.9905262212643677 0.438543911637931 0.98828125
0 0.47137661637931033 0.10039511494252869 0.5042093211206897 0.09815014367816084 0.5058930495689655 0.9871587643678161 0.47221848060344823 0.9871587643678161
0 0.5050511853448276 0.09029274425287352 0.5437769396551725 0.08580280172413786 0.5446188038793104 0.9938936781609194 0.5042093211206897 0.9849137931034483
0 0.5505118534482759 0.20590876436781605 0.586712015086207 0.2025413074712643 0.5892376077586208 0.9905262212643677 0.5521955818965517 0.9871587643678161
0 0.5883957435344828 0.2025413074712643 0.6288052262931035 0.2002963362068965 0.6330145474137931 0.9950161637931033 0.5934469288793104 0.9905262212643677
0 0.635540140086207 0.19131645114942522 0.6759496228448276 0.1868265086206896 0.6776333512931035 0.9961386494252874 0.6321726831896552 0.9927711925287356
0 0.6810008081896552 0.07121048850574706 0.707098599137931 0.07008800287356316 0.706263641225093 0.9996744791666669 0.6759496228448276 0.9996744791666666
0 0.7146753771551725 0.09590517241379304 0.7677128232758621 0.09366020114942523 0.7567685883620691 0.9983836206896551 0.7012055495689655 0.9961386494252874
0 0.7702384159482759 0.08019037356321833 0.8165409482758621 0.07570043103448269 0.8140210190536834 0.9996744791666666 0.7626616379310346 0.9996744791666666
