0 0.04037873641304349 0.8389662590579711 0.0 0.8389662590579711 0.0 0.7568783967391304 0.0 0.4610790307971015
0 0.045686141304347866 0.8998245018115942 0.07540760869565219 0.9026551177536232 4.2459239130460125e-05 0.1454653532608696 0.0011039402173913249 0.4780627264492754
0 0.07434612771739132 0.9069010416666666 0.10831351902173916 0.9111469655797101 0.03188688858695654 0.0888530344202899 0.0 0.09271811182476947
0 0.08708389945652176 0.18933990036231885 0.13272758152173916 0.8814254981884058 0.19004755434782608 0.8828408061594203 0.15501868206521743 0.19217051630434787
0 0.15289572010869565 0.09734488224637684 0.19004755434782608 0.8927479619565216 0.2187075407608696 0.8969938858695653 0.17730978260869565 0.09734488224637684
0 0.19960088315217392 0.17235620471014493 0.22507642663043478 0.8771795742753623 0.255859375 0.8828408061594203 0.23144531250000003 0.1794327445652174
0 0.25373641304347827 0.2714277626811594 0.2717815896739131 0.8573652626811593 0.2983186141304348 0.8587805706521738 0.2834578804347826 0.26859714673913043
0 0.2866423233695652 0.27567368659420294 0.2993800951086957 0.8630264945652174 0.3344089673913043 0.8644418025362319 0.3227326766304348 0.2770889945652174
0 0.3259171195652174 0.2742583786231884 0.3375934103260869 0.8545346467391304 0.3588230298913043 0.8573652626811593 0.35245414402173914 0.2785043025362319
0 0.3503311820652174 0.163864356884058 0.3588230298913043 0.9012398097826088 0.3970363451086957 0.9026551177536232 0.39491338315217395 0.16244904891304351
0 0.40234375 0.08319180253623193 0.3970363451086957 0.9267153532608696 0.42569633152173914 0.9281306612318841 0.4416185461956521 0.0874377264492754
0 0.44904891304347827 0.2020776721014493 0.43100373641304346 0.9040704257246377 0.4607252038043478 0.9111469655797101 0.4851392663043478 0.20632359601449277
0 0.4904466711956521 0.16244904891304351 0.4660326086956521 0.8969938858695653 0.5031844429347826 0.8969938858695653 0.5329059103260869 0.16244904891304351
0 0.5392747961956521 0.261520606884058 0.507430366847826 0.8785948822463768 0.5520125679347826 0.8800101902173912 0.5827955163043478 0.2657665307971015
0 0.5987177309782609 0.15678781702898553 0.564750339673913 0.9125622735507246 0.6358695652173912 0.9153928894927535 0.6931895380434783 0.16103374094202902
0 0.7038043478260869 0.15254189311594207 0.6422384510869565 0.9139775815217391 0.6719599184782609 0.9182235054347826 0.735648777173913 0.15678781702898553
0 0.7430791440217391 0.15254189311594207 0.6762058423913043 0.9111469655797101 0.7250339673913043 0.9139775815217391 0.7961531929347825 0.15820312500000003
0 0.8110139266304348 0.19641644021739132 0.7345872961956521 0.922469429347826 0.7664317255434783 0.9238847373188405 0.8428583559782608 0.1992470561594203
