0 0.05549568965517239 0.14978448275862064 0.12284482758620688 0.15427442528735627 0.15231007543103448 0.9590966235632185 0.09337957974137928 0.9590966235632185
0 0.12537042025862066 0.1565193965517241 0.17419854525862066 0.1587643678160919 0.20113820043103448 0.9669540229885057 0.15483566810344826 0.96246408045977
0 0.1725148168103448 0.022943606321839016 0.2398639547413793 0.025188577586206823 0.25922683189655166 0.9714439655172414 0.2019800646551724 0.974811422413793
0 0.2651198814655172 0.12172234195402294 0.3678273168103448 0.12845725574712638 0.35940867456896547 0.9602191091954023 0.2735385237068965 0.9568516522988505
0 0.37792968749999994 0.16774425287356318 0.4334927262931034 0.17335668103448273 0.4132879849137931 0.9691989942528735 0.3644598599137931 0.96246408045977
0 0.4419113685344827 0.1711117097701149 0.4932650862068965 0.17335668103448273 0.4680091594827586 0.9568516522988505 0.42254849137931033 0.9557291666666666
0 0.500841864224138 0.034168462643678094 0.5353582974137931 0.036413433908045904 0.49579067887931033 0.9703214798850573 0.4696928879310345 0.9669540229885057
0 0.549669989224138 0.05100574712643671 0.6077586206896552 0.05661817528735625 0.5530374461206897 0.9770563936781609 0.5101023706896552 0.9770563936781609
0 0.6136516702586208 0.05661817528735625 0.6641635237068966 0.05774066091954016 0.6077586206896552 0.9725664511494253 0.560614224137931 0.9770563936781609
0 0.6565867456896552 0.2564206178160919 0.7230940193965518 0.26203304597701144 0.6658472521551725 0.975933908045977 0.6119679418103449 0.9714439655172414
0 0.7517174030172414 0.05549568965517235 0.8283270474137931 0.061108117816091885 0.7432987607758621 0.9781788793103448 0.6776333512931035 0.9770563936781609
0 0.8409550107758621 0.05886314655172408 0.9108297413793104 0.05998563218390798 0.806438577586207 0.9927711925287356 0.7567685883620691 0.9837913074712644
