0 0.010035021551724104 0.15427442528735627 0.0369746767241379 0.15202945402298848 0.028556034482758588 0.9344019396551725 3.469446951953614e-18 0.9322866778416348
0 0.03444908405172411 0.15427442528735627 0.0639143318965517 0.15202945402298848 0.059705010775862044 0.9344019396551725 0.029397898706896516 0.9366469109195402
0 0.07149110991379308 0.2586655890804597 0.10684940732758619 0.2586655890804597 0.09506330818965515 0.9332794540229884 0.06475619612068963 0.9355244252873564
0 0.10937499999999997 0.25754310344827586 0.13378906249999997 0.2586655890804597 0.12789601293103445 0.9287895114942528 0.09758890086206894 0.9299119971264367
0 0.13294719827586204 0.17223419540229878 0.17167295258620688 0.17560165229885052 0.16577990301724135 0.9344019396551725 0.12789601293103445 0.9332794540229884
0 0.1750404094827586 0.1711117097701149 0.21629175646551724 0.17223419540229878 0.21208243534482757 0.9321569683908045 0.16830549568965517 0.9321569683908045
0 0.22471039870689655 0.13743714080459765 0.267645474137931 0.13855962643678155 0.2600686961206896 0.927667025862069 0.21208243534482757 0.9299119971264367
0 0.27269665948275856 0.2395833333333333 0.3122642780172413 0.2395833333333333 0.30468749999999994 0.9231770833333334 0.26091056034482757 0.9242995689655172
0 0.30973868534482757 0.1408045977011494 0.3509900323275862 0.145294540229885 0.3400457974137931 0.9242995689655172 0.30468749999999994 0.9321569683908045
0 0.3602505387931034 0.13855962643678155 0.40234374999999994 0.13968211206896544 0.39055765086206895 0.9198096264367815 0.340887661637931 0.9220545977011493
0 0.4107623922413793 0.13406968390804594 0.45369746767241376 0.13406968390804594 0.4351764547413793 0.9198096264367815 0.3888739224137931 0.9265445402298851
0 0.46043238146551724 0.16662176724137925 0.5235721982758621 0.17223419540229878 0.5025255926724138 0.9198096264367815 0.43601831896551724 0.9254220545977011
0 0.5353582974137931 0.10039511494252869 0.5715584590517242 0.1037625718390804 0.5429350754310345 0.9186871408045977 0.5050511853448276 0.9209321120689654
0 0.5690328663793104 0.24744073275862066 0.6069167564655172 0.25305316091954017 0.5892376077586208 0.8951149425287356 0.5530374461206897 0.8928699712643677
0 0.6203865840517242 0.13294719827586202 0.6616379310344828 0.13519216954022983 0.6456425107758621 0.9119522270114943 0.6035492995689655 0.9130747126436781
0 0.6633216594827587 0.2272359913793103 0.7045730064655172 0.2272359913793103 0.696154364224138 0.9085847701149424 0.6540611530172414 0.9063397988505747
0 0.7113079202586208 0.12957974137931028 0.7483499461206897 0.13070222701149423 0.7407731681034483 0.9119522270114943 0.6986799568965518 0.9097072557471263
0 0.7609779094827587 0.15427442528735627 0.79296875 0.1565193965517241 0.7837082435344828 0.9198096264367815 0.7517174030172414 0.9209321120689654
0 0.7980199353448276 0.13070222701149423 0.8569504310344828 0.13406968390804594 0.8375875538793104 0.9130747126436781 0.7837082435344828 0.9130747126436781
0 0.8636853448275863 0.15427442528735627 0.9007273706896552 0.1553969109195402 0.8872575431034483 0.9164421695402298 0.8502155172413793 0.9175646551724137
