0 0.03529094827586204 0.12733477011494246 0.06812365301724135 0.12845725574712638 0.1312634698275862 0.9344019396551725 0.09590517241379308 0.9377693965517241
0 0.07990975215517239 0.16774425287356318 0.11358432112068963 0.16774425287356318 0.1640961745689655 0.9388918821839081 0.12789601293103445 0.9411368534482758
0 0.12537042025862066 0.24519576149425282 0.16662176724137928 0.2463182471264367 0.20282192887931033 0.9433818247126436 0.1674636314655172 0.9433818247126436
0 0.16493803879310343 0.17560165229885052 0.20029633620689655 0.17447916666666663 0.23902209051724135 0.9388918821839081 0.20029633620689655 0.9456267959770114
0 0.21208243534482757 0.25305316091954017 0.2567012392241379 0.2508081896551724 0.2777478448275862 0.9411368534482758 0.2423895474137931 0.9433818247126436
0 0.25585937499999994 0.13631465517241373 0.31058054956896547 0.13855962643678155 0.32489224137931033 0.9456267959770114 0.2811153017241379 0.9433818247126436
0 0.3131061422413793 0.1408045977011494 0.36951104525862066 0.1408045977011494 0.3720366379310345 0.9489942528735632 0.3240503771551724 0.9433818247126436
0 0.37035290948275856 0.18121408045977005 0.438543911637931 0.18009159482758616 0.4377020474137931 0.951239224137931 0.36951104525862066 0.9489942528735632
0 0.44022764008620685 0.26091056034482757 0.4696928879310345 0.26203304597701144 0.4663254310344827 0.9400143678160919 0.438543911637931 0.9422593390804597
0 0.47221848060344823 0.25978807471264365 0.5025255926724138 0.26315553160919536 0.4932650862068965 0.9489942528735632 0.4654835668103448 0.9445043103448275
0 0.5075767780172414 0.15202945402298848 0.5353582974137931 0.1553969109195402 0.5202047413793104 0.951239224137931 0.49579067887931033 0.9478717672413793
0 0.5319908405172414 0.2541756465517241 0.5698747306034483 0.2586655890804597 0.5547211745689655 0.951239224137931 0.5193628771551725 0.9489942528735632
0 0.5757677801724138 0.14641702586206892 0.6506936961206897 0.14978448275862064 0.6170191271551725 0.9647090517241379 0.5538793103448276 0.9568516522988505
0 0.6633216594827587 0.15202945402298848 0.7348801185344828 0.15202945402298848 0.6894194504310345 0.96246408045977 0.6279633620689655 0.9602191091954023
0 0.7475080818965518 0.15315193965517238 0.7921268857758621 0.15315193965517238 0.7340382543103449 0.9534841954022988 0.6969962284482759 0.9546066810344828
0 0.806438577586207 0.1486619971264367 0.8527411099137931 0.15315193965517238 0.7845501077586208 0.951239224137931 0.7491918103448276 0.951239224137931
0 0.8737877155172414 0.14753951149425282 0.9251414331896552 0.14978448275862064 0.8476899245689655 0.9658315373563218 0.7997036637931035 0.9669540229885057
