0 0.11779364224137928 0.14641702586206892 0.1674636314655172 0.145294540229885 0.2423895474137931 0.9052173132183907 0.20029633620689655 0.8984823994252874
0 0.17672413793103448 0.08019037356321833 0.23397090517241378 0.08019037356321833 0.29626885775862066 0.8928699712643677 0.25249191810344823 0.8850125718390803
0 0.2348127693965517 0.05998563218390798 0.2895339439655172 0.05774066091954016 0.33920393318965514 0.9007273706896551 0.29626885775862066 0.8996048850574713
0 0.2987944504310344 0.05998563218390798 0.35014816810344823 0.06447557471264362 0.3863483297413793 0.890625 0.34509698275862066 0.8939924568965517
0 0.34930630387931033 0.008351293103448204 0.4065530711206896 0.009473778735632118 0.43265086206896547 0.9097072557471263 0.3855064655172413 0.9097072557471263
0 0.41160425646551724 0.05661817528735625 0.4621161099137931 0.05549568965517235 0.4789533943965517 0.9321569683908045 0.4410695043103448 0.9344019396551725
0 0.4663254310344827 0.0633530890804597 0.49999999999999994 0.061108117816091885 0.5446188038793104 0.9287895114942528 0.5193628771551725 0.9299119971264367
0 0.5159954202586208 0.2743803879310344 0.560614224137931 0.26876795977011486 0.6001818426724138 0.9332794540229884 0.560614224137931 0.9355244252873564
0 0.5555630387931035 0.06784303160919533 0.5875538793103449 0.06447557471264362 0.6330145474137931 0.9097072557471263 0.6043911637931035 0.915319683908046
0 0.5900794719827587 0.02743354885057465 0.6414331896551725 0.02182112068965511 0.6759496228448276 0.9007273706896551 0.633856411637931 0.8973599137931033
0 0.6506936961206897 0.16549928160919536 0.7037311422413793 0.1553969109195402 0.7256196120689655 0.9018498563218391 0.682684536637931 0.9085847701149424
0 0.7138335129310345 0.16437679597701146 0.7618197737068966 0.1553969109195402 0.7727640086206897 0.9175646551724137 0.7306707974137931 0.9220545977011493
0 0.7896012931034483 0.0633530890804597 0.853582974137931 0.054373204022988446 0.8384294181034483 0.9366469109195402 0.7828663793103449 0.9377693965517241
