0 0.010035021551724104 0.18009159482758616 0.04960264008620687 0.18233656609195395 0.06862973725292588 0.9996744791666666 0.03192349137931032 0.9996744791666666
0 0.04960264008620687 0.1845815373563218 0.08917025862068963 0.1845815373563218 0.10394039917698447 0.9996744791666666 0.07233297413793101 0.9996744791666666
0 0.09758890086206894 0.27662535919540227 0.14641702586206895 0.2777478448275862 0.15135421409083163 0.9996744791666666 0.1102168642241379 0.9996744791666666
0 0.14725889008620688 0.27887033045977005 0.19524515086206895 0.28111530172413784 0.19774014800596662 0.9996744791666666 0.1531519396551724 0.9996744791666666
0 0.19524515086206895 0.21264367816091947 0.22555226293103448 0.2137661637931034 0.22555226293103448 0.9996744791666666 0.1969288793103448 0.9996744791666666
0 0.22471039870689655 0.21601113505747124 0.2508081896551724 0.21601113505747124 0.24997686361828145 0.9996744791666666 0.22050107758620688 0.9996744791666666
0 0.25249191810344823 0.20927622126436776 0.29290140086206895 0.20815373563218387 0.2853763797087482 0.9996744791666669 0.24912446120689655 0.9996744791666666
0 0.2945851293103448 0.20815373563218387 0.33162715517241376 0.2137661637931034 0.324919545083877 0.9996744791666666 0.2886920797413793 0.9996744791666666
0 0.340887661637931 0.29346264367816083 0.4334927262931034 0.2979525862068965 0.4159774809458508 0.9996744791666669 0.32825969827586204 0.9995061063218391
0 0.44275323275862066 0.2968301005747126 0.5353582974137931 0.303565014367816 0.5093798944337397 0.9996744791666666 0.41918103448275856 0.9996744791666666
0 0.5429350754310345 0.3058099856321839 0.5926050646551725 0.3091774425287356 0.5627277890314158 0.9996744791666666 0.5143116918103449 0.9996744791666666
0 0.6052330280172414 0.19243893678160914 0.6751077586206897 0.19692887931034478 0.6282809319624042 0.9996744791666669 0.5690328663793104 0.9996744791666666
0 0.6784752155172414 0.1991738505747126 0.7458243534482759 0.20478627873563215 0.6944706357758621 0.9961386494252874 0.6271214978448276 0.9983836206896551
0 0.7500336745689655 0.26091056034482757 0.7988617995689655 0.26652298850574707 0.7393276935604096 0.9996744791666666 0.6995218211206897 0.9996744791666666
0 0.8039129849137931 0.25754310344827586 0.8451643318965518 0.26091056034482757 0.7768425559453591 0.9996744791666666 0.744140625 0.9996744791666666
0 0.8460061961206897 0.26315553160919536 0.8880994073275863 0.26540050287356315 0.8184607780352534 0.9996744791666669 0.7778151939655172 0.9996744791666666
0 0.891466864224138 0.24856321839080456 0.9899649784482759 0.2564206178160919 0.913420924070381 0.9996744791666666 0.8232758620689655 0.9996744791666666
