0 0.013841711956521757 0.20632359601449277 0.03825577445652176 0.20632359601449277 4.2459239130460125e-05 0.3903136322463768 0.0021654211956521896 0.2799196105072464
0 0.02445652173913046 0.26293591485507245 0.057362432065217434 0.261520606884058 0.0011039402173913249 0.560150588768116 4.2459239130460125e-05 0.3988054800724638
0 0.06797724184782614 0.20349298007246377 0.0 0.5564253266359247 0.0021654211956521896 0.7795233242753623 0.09982167119565219 0.2020776721014493
0 0.10512907608695657 0.15678781702898553 0.0021654211956521896 0.7752774003623188 0.0021654211956521896 0.8757642663043478 0.03188688858695654 0.8743489583333334 0.14334239130434787 0.16103374094202902
0 0.1380349864130435 0.19641644021739132 0.15714164402173916 0.19641644021739132 0.055239470108695704 0.8715183423913043 0.03507133152173916 0.8672724184782609
0 0.15714164402173916 0.19500113224637683 0.055239470108695704 0.8686877264492754 0.08071501358695657 0.8701030344202899 0.17518682065217392 0.1992470561594203
0 0.16457201086956522 0.2714277626811594 0.08389945652173916 0.8658571105072465 0.11574388586956522 0.8701030344202899 0.19004755434782608 0.2770889945652174
0 0.1942934782608696 0.26718183876811596 0.11574388586956522 0.8686877264492754 0.15395720108695657 0.8686877264492754 0.21764605978260873 0.27001245471014496
0 0.21764605978260873 0.3011492300724638 0.1592646059782609 0.8686877264492754 0.19641644021739132 0.8686877264492754 0.239937160326087 0.30539515398550726
0 0.24099864130434787 0.26718183876811596 0.19853940217391305 0.8701030344202899 0.24099864130434787 0.861611186594203 0.2717815896739131 0.26859714673913043
0 0.27284307065217395 0.25161345108695654 0.2622282608695652 0.8601958786231884 0.29088824728260865 0.8601958786231884 0.30256453804347827 0.2601052989130435
0 0.3015030570652174 0.258689990942029 0.30256453804347827 0.8587805706521738 0.34290081521739124 0.8573652626811593 0.33334748641304346 0.261520606884058
0 0.33653192934782605 0.25444406702898553 0.3482082201086957 0.8573652626811593 0.40234375 0.8559499547101449 0.37580672554347827 0.2601052989130435
0 0.38005264945652173 0.1850939764492754 0.40977411684782605 0.8601958786231884 0.4596637228260869 0.8545346467391304 0.4172044836956521 0.18933990036231885
0 0.41932744565217395 0.2374603713768116 0.46178668478260865 0.8545346467391304 0.49150815217391297 0.8502887228260869 0.4448029891304348 0.2374603713768116
0 0.44374150815217395 0.23179913949275363 0.4936311141304348 0.8517040307971014 0.5233525815217391 0.8517040307971014 0.46815557065217395 0.23179913949275363
0 0.4692170516304348 0.16811028079710147 0.5244140625 0.8502887228260869 0.5721807065217391 0.8460427989130435 0.5042459239130435 0.17235620471014493
0 0.5095533288043478 0.16103374094202902 0.5743036684782609 0.8502887228260869 0.6072095788043478 0.8502887228260869 0.5371518342391304 0.163864356884058
0 0.5360903532608695 0.15961843297101455 0.6103940217391304 0.847458106884058 0.6411769701086957 0.8460427989130435 0.5636888586956521 0.166694972826087
0 0.5658118206521738 0.16244904891304351 0.6411769701086957 0.8460427989130435 0.6719599184782609 0.8460427989130435 0.5849184782608695 0.16527966485507248
0 0.6029636548913043 0.16811028079710147 0.5859799592391304 0.166694972826087 0.6677139945652174 0.8446274909420289 0.6921280570652174 0.847458106884058
0 0.6029636548913043 0.16811028079710147 0.6953125 0.8460427989130435 0.7122961956521738 0.841796875 0.6178243885869565 0.16952558876811596
0 0.6210088315217391 0.1836786684782609 0.6432999320652174 0.18933990036231885 0.7462635869565217 0.836135643115942 0.7133576766304347 0.8389662590579711
0 0.6475458559782609 0.20490828804347827 0.6634680706521738 0.20490828804347827 0.7685546875 0.8403815670289855 0.7462635869565217 0.8389662590579711
0 0.6666525135869565 0.23462975543478262 0.6921280570652174 0.23462975543478262 0.8035835597826086 0.8403815670289855 0.7685546875 0.8389662590579711
0 0.7006199048913043 0.2827502264492754 0.7250339673913043 0.28133491847826086 0.8269361413043479 0.8375509510869565 0.8046450407608696 0.8375509510869565
0 0.7324643342391304 0.25444406702898553 0.840735394021739 0.8460427989130435 0.8778872282608696 0.8403815670289855 0.760062839673913 0.253028759057971
