0 0.026872306034482724 0.21264367816091947 0.07064924568965515 0.2137661637931034 0.16072871767241378 0.9108297413793104 0.12200296336206895 0.9175646551724137
0 0.07654229525862066 0.10600754310344822 0.11105872844827584 0.10600754310344822 0.20534752155172412 0.8928699712643677 0.17672413793103448 0.8984823994252874
0 0.11695177801724135 0.09815014367816084 0.16662176724137928 0.09702765804597695 0.25585937499999994 0.8861350574712644 0.21544989224137928 0.8951149425287356
0 0.19524515086206895 0.1441720545977011 0.24491514008620688 0.1419270833333333 0.31058054956896547 0.8737877155172414 0.26848733836206895 0.8760326867816092
0 0.2567012392241379 0.1441720545977011 0.2954269935344827 0.1441720545977011 0.3543574892241379 0.8681752873563218 0.3198410560344827 0.8726652298850573
0 0.30973868534482757 0.2137661637931034 0.3442551185344827 0.21264367816091947 0.39392510775862066 0.86480783045977 0.3627761314655172 0.8670528017241379
0 0.3442551185344827 0.13743714080459765 0.37456223060344823 0.13631465517241373 0.42591594827586204 0.877155172413793 0.39897629310344823 0.8794001436781609
0 0.3728785021551724 0.006106321839080386 0.513469827586207 0.006106321839080386 0.5429350754310345 0.9377693965517241 0.43180899784482757 0.9445043103448275
0 0.5715584590517242 0.07570043103448269 0.611126077586207 0.07345545977011488 0.5917632004310345 0.9299119971264367 0.5631398168103449 0.9445043103448275
0 0.611126077586207 0.06784303160919533 0.6481681034482759 0.06784303160919533 0.6220703125 0.9265445402298851 0.5926050646551725 0.9254220545977011
0 0.6532192887931035 0.10825251436781602 0.7045730064655172 0.11049748563218387 0.6641635237068966 0.9242995689655172 0.6288052262931035 0.9344019396551725
0 0.7113079202586208 0.0745779454022988 0.744140625 0.07570043103448269 0.6936287715517242 0.9265445402298851 0.6658472521551725 0.9299119971264367
0 0.744982489224138 0.19243893678160914 0.7794989224137931 0.19356142241379304 0.7357219827586208 0.9332794540229884 0.7028892780172414 0.9366469109195402
0 0.8039129849137931 0.05998563218390798 0.8653690732758621 0.061108117816091885 0.7879175646551725 0.9265445402298851 0.7458243534482759 0.9321569683908045
0 0.9074622844827587 0.05886314655172408 0.9428205818965518 0.062230603448275794 0.8232758620689655 0.9377693965517241 0.7921268857758621 0.9400143678160919
