0 0.0033001077586206555 0.18233656609195395 0.053811961206896526 0.18570402298850572 0.05297009698275859 0.9804238505747126 0.009193157327586172 0.98828125
0 0.057179418103448246 0.13294719827586202 0.13378906249999997 0.13968211206896544 0.13210533405172412 0.9849137931034483 0.053811961206896526 0.9950161637931033
0 0.1531519396551724 0.1553969109195402 0.1935614224137931 0.1565193965517241 0.18261718749999997 0.963586566091954 0.1447332974137931 0.9658315373563218
0 0.19861260775862066 0.1430495689655172 0.23902209051724135 0.14641702586206892 0.22218480603448273 0.9725664511494253 0.18261718749999997 0.9714439655172414
0 0.24407327586206895 0.1587643678160919 0.2895339439655172 0.1598868534482758 0.2710129310344827 0.9714439655172414 0.22050107758620688 0.974811422413793
0 0.29374326508620685 0.15427442528735627 0.3442551185344827 0.1553969109195402 0.3223666487068965 0.9781788793103448 0.27269665948275856 0.9781788793103448
0 0.3476225754310345 0.16213182471264365 0.40486934267241376 0.16774425287356318 0.3812971443965517 0.9770563936781609 0.3232085129310344 0.9815463362068965
0 0.41497171336206895 0.16325431034482754 0.4654835668103448 0.16662176724137925 0.43938577586206895 0.9736889367816092 0.3821390086206896 0.9793013649425287
0 0.47137661637931033 0.23509339080459765 0.5168372844827587 0.2395833333333333 0.4898976293103448 0.9658315373563218 0.4452788254310345 0.974811422413793
0 0.5193628771551725 0.2395833333333333 0.5580886314655172 0.2373383620689655 0.5353582974137931 0.9669540229885057 0.48821390086206895 0.9680765086206896
0 0.5665072737068966 0.17447916666666663 0.5926050646551725 0.17335668103448273 0.5656654094827587 0.9557291666666666 0.536200161637931 0.9546066810344828
0 0.5934469288793104 0.2418283045977011 0.6296470905172414 0.2418283045977011 0.6001818426724138 0.9523617097701149 0.5648235452586208 0.9523617097701149
0 0.635540140086207 0.16549928160919536 0.6675309806034483 0.16774425287356318 0.635540140086207 0.9489942528735632 0.6027074353448276 0.951239224137931
0 0.671740301724138 0.13743714080459765 0.7256196120689655 0.13743714080459765 0.6978380926724138 0.9489942528735632 0.6422750538793104 0.9501167385057471
0 0.7357219827586208 0.12957974137931028 0.7946524784482759 0.13294719827586202 0.7609779094827587 0.96246408045977 0.7020474137931035 0.9602191091954023
0 0.8030711206896552 0.1183548850574712 0.8384294181034483 0.11947737068965514 0.8005455280172414 0.9534841954022988 0.7660290948275863 0.9546066810344828
0 0.8485317887931035 0.09702765804597695 0.9125134698275863 0.09702765804597695 0.8847319504310346 0.9557291666666666 0.818224676724138 0.9602191091954023
0 0.9133553340517242 0.1486619971264367 0.952922952586207 0.1441720545977011 0.9352438038793104 0.9557291666666666 0.8948343211206897 0.9568516522988505
