0 0.06054687499999997 0.24856321839080456 0.0992726293103448 0.24856321839080456 0.0992726293103448 0.902972341954023 0.0639143318965517 0.9018498563218391
0 0.10853313577586204 0.2519306752873563 0.1430495689655172 0.2541756465517241 0.14641702586206895 0.8883800287356322 0.11190059267241377 0.8984823994252874
0 0.1640961745689655 0.2418283045977011 0.21881734913793102 0.2418283045977011 0.2179754849137931 0.8838900862068965 0.16325431034482757 0.8838900862068965
0 0.21965921336206895 0.2395833333333333 0.24407327586206895 0.2373383620689655 0.2423895474137931 0.8872575431034483 0.21629175646551724 0.8861350574712644
0 0.24491514008620688 0.23397090517241373 0.26848733836206895 0.23509339080459765 0.267645474137931 0.8928699712643677 0.24323141163793102 0.8928699712643677
0 0.2735385237068965 0.23060344827586202 0.31478987068965514 0.2272359913793103 0.3080549568965517 0.8996048850574713 0.267645474137931 0.902972341954023
0 0.31815732758620685 0.22948096264367812 0.36361799568965514 0.2272359913793103 0.35351562499999994 0.9040948275862069 0.3114224137931034 0.9040948275862069
0 0.3619342672413793 0.23060344827586202 0.40823679956896547 0.22835847701149423 0.3998181573275862 0.9052173132183907 0.3577249461206896 0.9074622844827586
0 0.4132879849137931 0.23060344827586202 0.4595905172413793 0.22835847701149423 0.45369746767241376 0.9052173132183907 0.40823679956896547 0.9085847701149424
0 0.4654835668103448 0.13182471264367812 0.4924232219827586 0.13070222701149423 0.4831627155172414 0.9052173132183907 0.4587486530172413 0.8996048850574713
0 0.49579067887931033 0.13294719827586202 0.5218884698275862 0.13182471264367812 0.5109442349137931 0.8996048850574713 0.48568830818965514 0.8973599137931033
0 0.5244140625 0.13519216954022983 0.5479862607758621 0.13406968390804594 0.5404094827586208 0.9052173132183907 0.5101023706896552 0.9063397988505747
0 0.5538793103448276 0.13294719827586202 0.5799771012931035 0.13294719827586202 0.5698747306034483 0.9141971982758621 0.5404094827586208 0.915319683908046
0 0.5799771012931035 0.2395833333333333 0.610284213362069 0.2373383620689655 0.6027074353448276 0.9074622844827586 0.5707165948275862 0.9063397988505747
0 0.6128098060344828 0.23397090517241373 0.6448006465517242 0.23621587643678155 0.6363820043103449 0.9108297413793104 0.598498114224138 0.9063397988505747
0 0.6481681034482759 0.1486619971264367 0.6885775862068966 0.1486619971264367 0.6793170797413793 0.9209321120689654 0.6405913254310345 0.9175646551724137
0 0.6944706357758621 0.1430495689655172 0.7323545258620691 0.1430495689655172 0.7222521551724138 0.9220545977011493 0.682684536637931 0.9231770833333334
0 0.7432987607758621 0.10825251436781602 0.7879175646551725 0.10937499999999996 0.7778151939655172 0.9175646551724137 0.7230940193965518 0.9231770833333334
0 0.7946524784482759 0.21264367816091947 0.8359038254310346 0.21152119252873558 0.8215921336206897 0.9299119971264367 0.7736058728448276 0.9242995689655172
0 0.8350619612068966 0.10825251436781602 0.8771551724137931 0.10825251436781602 0.8594760237068966 0.9321569683908045 0.8224339978448276 0.9265445402298851
0 0.8847319504310346 0.1037625718390804 0.9344019396551725 0.1037625718390804 0.9133553340517242 0.9299119971264367 0.8620016163793104 0.9321569683908045
0 0.9436624461206897 0.09815014367816084 0.9975417564655172 0.09478268678160913 0.9655509159482759 0.9388918821839081 0.9150390625000001 0.9344019396551725
