0 0.1800915948275862 0.21825610632183903 0.2078731142241379 0.2148886494252873 0.2625942887931034 0.9377693965517241 0.2348127693965517 0.9422593390804597
0 0.21460802801724135 0.22162356321839075 0.26596174568965514 0.21825610632183903 0.3114224137931034 0.9209321120689654 0.26596174568965514 0.9198096264367815
0 0.267645474137931 0.1441720545977011 0.3080549568965517 0.1419270833333333 0.35604121767241376 0.9085847701149424 0.3189991918103448 0.9164421695402298
0 0.3088968211206896 0.1015176005747126 0.3644598599137931 0.09927262931034475 0.40234374999999994 0.9052173132183907 0.3543574892241379 0.9119522270114943
0 0.37372036637931033 0.22274604885057467 0.41160425646551724 0.22274604885057467 0.44022764008620685 0.9052173132183907 0.4065530711206896 0.9141971982758621
0 0.41244612068965514 0.21937859195402296 0.44696255387931033 0.22274604885057467 0.47811153017241376 0.9108297413793104 0.4410695043103448 0.9119522270114943
0 0.4520137392241379 0.2148886494252873 0.4797952586206896 0.21152119252873558 0.5050511853448276 0.9097072557471263 0.48147898706896547 0.9119522270114943
0 0.4730603448275862 0.010596264367816022 0.5193628771551725 0.008351293103448204 0.5420932112068966 0.9310344827586207 0.5092605064655172 0.9287895114942528
0 0.5235721982758621 0.1015176005747126 0.5900794719827587 0.09927262931034475 0.6010237068965517 0.9108297413793104 0.5437769396551725 0.9085847701149424
0 0.5993399784482759 0.10825251436781602 0.684368265086207 0.1037625718390804 0.6810008081896552 0.9108297413793104 0.6052330280172414 0.9119522270114943
