0 0.12237189797794115 0.281039368872549 0.19920438878676466 0.2743374693627451 0.308349609375 0.8583601409313725 0.25736730238970584 0.8564453125
0 0.20710305606617646 0.2848690257352941 0.2645479090073529 0.28008195465686275 0.35789579503676466 0.8621897977941176 0.3133760340073529 0.8602749693627451
0 0.2760368795955882 0.33656939338235287 0.31840245863970584 0.3327397365196078 0.39236270680147056 0.8593175551470588 0.3586138556985294 0.8641046262254902
0 0.3148121553308823 0.2829541973039215 0.36938476562499994 0.27912454044117646 0.4340102251838235 0.8669768688725489 0.39451688878676466 0.8650620404411765
0 0.3736931295955882 0.3068895526960784 0.4218031939338235 0.30497472426470584 0.4663229549632353 0.8621897977941176 0.4340102251838235 0.8641046262254902
0 0.41462258731617646 0.21114813112745098 0.46991325827205876 0.20731847426470587 0.5050982306985293 0.8660194546568626 0.46919519761029405 0.8650620404411765
0 0.47350356158088236 0.28678385416666663 0.5338206571691176 0.2819967830882353 0.5496179917279411 0.8650620404411765 0.5065343520220588 0.8650620404411765
0 0.5323845358455882 0.21593520220588233 0.5747501148897058 0.2130629595588235 0.5776223575367646 0.8688916973039215 0.5517721737132353 0.8669768688725489
0 0.5761862362132353 0.3681640625 0.6372213924632353 0.36050474877450983 0.6393755744485293 0.8660194546568626 0.5905474494485293 0.8669768688725489
0 0.6537367876838235 0.2293390012254902 0.686767578125 0.22359451593137256 0.662353515625 0.8736787683823528 0.6415297564338235 0.8679342830882352
0 0.6838953354779411 0.29348575367647056 0.7355957031249999 0.2858264399509804 0.6961023667279411 0.8688916973039215 0.664507697610294 0.8650620404411765
0 0.749956916360294 0.19295726102941177 0.8784897748161764 0.19295726102941177 0.7686264935661764 0.8822954963235293 0.6961023667279411 0.8650620404411765
