0 0.02233355978260873 0.30539515398550726 0.0 0.31159892059178745 0.0 0.565811820652174 0.042501698369565216 0.8389662590579711 0.09557574728260873 0.8304744112318841
0 0.009595788043478298 0.8403815670289855 0.0 0.7950196599143609 0.0 0.5771342844202899 0.043563179347826136 0.836135643115942
0 0.01702615489130438 0.1086673460144928 0.0 0.1086673460144928 0.0021654211956521896 0.15254189311594207 0.117866847826087 0.8304744112318841
0 0.02233355978260873 0.11998980978260874 0.11255944293478262 0.8290591032608696 0.1380349864130435 0.8262284873188405 0.049932065217391325 0.11715919384057975
0 0.0584239130434783 0.11574388586956526 0.14652683423913046 0.8375509510869565 0.17412533967391305 0.8304744112318841 0.09239130434782614 0.11998980978260874
0 0.11680536684782614 0.255859375 0.1804942255434783 0.8233978713768115 0.21446161684782608 0.8177366394927535 0.15714164402173916 0.25161345108695654
0 0.15289572010869565 0.2204766757246377 0.2187075407608696 0.8333050271739131 0.25373641304347827 0.8290591032608696 0.1942934782608696 0.2204766757246377
0 0.20066236413043478 0.24736752717391305 0.25479789402173914 0.827643795289855 0.2961956521739131 0.8177366394927535 0.2526749320652174 0.24453691123188406
0 0.25373641304347827 0.2572746829710145 0.30256453804347827 0.821982563405797 0.3375934103260869 0.8191519474637681 0.2951341711956521 0.25444406702898553
0 0.29407269021739124 0.2204766757246377 0.33971637228260865 0.8191519474637681 0.3747452445652174 0.8163213315217391 0.33122452445652173 0.2190613677536232
0 0.3344089673913043 0.253028759057971 0.37686820652173914 0.8177366394927535 0.4076511548913043 0.8134907155797101 0.3747452445652174 0.24878283514492758
0 0.3694378396739131 0.15537250905797104 0.40658967391304346 0.8163213315217391 0.4352496603260869 0.8106600996376812 0.40340523097826086 0.15678781702898553
0 0.40340523097826086 0.15537250905797104 0.43737262228260865 0.8120754076086957 0.45329483695652173 0.8092447916666666 0.4235733695652174 0.15678781702898553
0 0.42251188858695654 0.15395720108695657 0.45541779891304346 0.8149060235507246 0.4851392663043478 0.8092447916666666 0.451171875 0.15395720108695657
0 0.4543563179347826 0.18650928442028988 0.4851392663043478 0.8078294836956522 0.5148607336956521 0.8021682518115942 0.4936311141304348 0.1836786684782609
0 0.4936311141304348 0.15254189311594207 0.5148607336956521 0.8049988677536232 0.5371518342391304 0.8021682518115942 0.5148607336956521 0.15537250905797104
0 0.5169836956521738 0.08036118659420294 0.5371518342391304 0.8078294836956522 0.564750339673913 0.7993376358695653 0.5477666440217391 0.08177649456521742
0 0.5498896059782609 0.15678781702898553 0.5838569972826086 0.15678781702898553 0.5987177309782609 0.7837692481884058 0.5668733016304348 0.7837692481884058
0 0.5849184782608695 0.17094089673913046 0.6157014266304348 0.17094089673913046 0.6316236413043478 0.7809386322463768 0.5987177309782609 0.7823539402173912
0 0.6125169836956521 0.2077389039855073 0.6634680706521738 0.20490828804347827 0.6751443614130435 0.7752774003623188 0.6326851222826086 0.7781080163043478
0 0.6666525135869565 0.16952558876811596 0.6762058423913043 0.7894304800724637 0.7303413722826086 0.7922610960144927 0.7303413722826086 0.166694972826087
0 0.7303413722826086 0.166694972826087 0.7335258152173912 0.7979223278985508 0.7791694972826086 0.7979223278985508 0.7897843070652174 0.16244904891304351
0 0.7897843070652174 0.16527966485507248 0.7812924592391304 0.7851845561594203 0.8279976222826086 0.7851845561594203 0.8460427989130435 0.16103374094202902
0 0.8471042798913042 0.14121942934782614 0.8301205842391304 0.7724467844202899 0.8693953804347825 0.7724467844202899 0.9044242527173914 0.13697350543478265
