0 0.07928825827205882 0.21402037377450978 0.12237189797794115 0.21976485906862744 0.11375517003676469 0.8803806678921569 0.06636316636029412 0.8861251531862745
0 0.12380801930147056 0.1728515625 0.17048196231617646 0.17859604779411764 0.1625832950367647 0.8765510110294117 0.11806353400735292 0.8803806678921569
0 0.17120002297794115 0.19199984681372548 0.19489602481617646 0.1948720894607843 0.19274184283088236 0.8765510110294117 0.1640194163602941 0.8784658394607843
0 0.19489602481617646 0.19295726102941177 0.21787396599264702 0.193914675245098 0.21859202665441174 0.8717639399509803 0.19417796415441174 0.8765510110294117
0 0.22074620863970584 0.19774433210784312 0.24659639246323528 0.19774433210784312 0.24803251378676466 0.8717639399509803 0.222900390625 0.8746361825980391
0 0.247314453125 0.14412913602941177 0.28034524356617646 0.1460439644607843 0.2832174862132353 0.8727213541666666 0.24875057444852938 0.8746361825980391
0 0.2810633042279412 0.08189721200980392 0.30691348805147056 0.08381204044117646 0.3133760340073529 0.8660194546568626 0.2832174862132353 0.870806525735294
0 0.3097857306985294 0.2015739889705882 0.3492790670955882 0.20061657475490194 0.3564596737132353 0.8631472120098039 0.3176843979779411 0.8650620404411765
0 0.3492790670955882 0.20731847426470587 0.3851821001838235 0.20731847426470587 0.3952349494485294 0.8602749693627451 0.3586138556985294 0.8621897977941176
0 0.3866182215073529 0.2848690257352941 0.41390452665441174 0.2848690257352941 0.4354463465073529 0.8602749693627451 0.40241555606617646 0.8612323835784313
0 0.41462258731617646 0.2877412683823529 0.454833984375 0.2877412683823529 0.479248046875 0.8583601409313725 0.4361644071691176 0.8621897977941176
0 0.45770622702205876 0.32795266544117646 0.49432732077205876 0.3260378370098039 0.5194594439338235 0.8526156556372548 0.4806841681985293 0.8574027267156862
0 0.5029440487132353 0.3116766237745098 0.5467457490808824 0.30976179534313725 0.5704417509191176 0.8535730698529411 0.5244858685661764 0.8554878982843137
0 0.5453096277573529 0.2973154105392157 0.5754681755514706 0.2963579963235294 0.6020364200367646 0.8478285845588235 0.5690056295955882 0.8516582414215685
0 0.5776223575367646 0.3164636948529412 0.6142434512867646 0.3145488664215686 0.6386575137867646 0.8439989276960783 0.6041906020220588 0.8478285845588235
0 0.6214240579044117 0.302102481617647 0.6803050321691176 0.3030598958333333 0.7032829733455882 0.8411266850490194 0.6386575137867646 0.8459137561274509
0 0.681741153492647 0.3030598958333333 0.7140538832720588 0.3040173100490196 0.7406221277573529 0.8401692708333334 0.7040010340073529 0.8411266850490194
0 0.7154900045955882 0.23125382965686272 0.7485207950367646 0.23508348651960784 0.7822696461397058 0.8372970281862745 0.7449304917279411 0.8401692708333334
0 0.7607278262867646 0.30497472426470584 0.798785041360294 0.3068895526960784 0.8267894071691175 0.8334673713235293 0.7844238281249999 0.8353821997549019
0 0.7980669806985293 0.23699831495098037 0.8318158318014706 0.23795572916666666 0.872027228860294 0.8325099571078431 0.8368422564338235 0.8353821997549019
0 0.8332519531249999 0.15849034926470587 0.8863884420955882 0.1642348345588235 0.933062385110294 0.8258080575980391 0.8763355928308822 0.8305951286764706
