0 0.0003015854779411728 0.44475719975490197 0.023279526654411756 0.44475719975490197 0.11447323069852941 0.8803806678921569 0.07067153033088233 0.8755935968137254 0.001737706801470583 0.5682636335784313
0 0.0003015854779411728 0.2657207414215686 0.009636374080882346 0.2657207414215686 0.1288344439338235 0.8794232536764706 0.11590935202205882 0.8794232536764706 0.0003015854779411728 0.3260378370098039
0 0.01394473805147059 0.27625229779411764 0.039794921874999986 0.2772097120098039 0.15396656709558823 0.8813380821078431 0.13098862591911764 0.8822954963235293
0 0.05128389246323528 0.27625229779411764 0.08718692555147059 0.2772097120098039 0.1869973575367647 0.8861251531862745 0.15827493106617646 0.8861251531862745
0 0.11375517003676469 0.40358838848039214 0.1518123851102941 0.40263097426470584 0.22074620863970584 0.8755935968137254 0.18771541819852938 0.8765510110294117
0 0.14822208180147056 0.38539751838235287 0.18556123621323528 0.3844401041666667 0.25521312040441174 0.8956992953431372 0.22074620863970584 0.8947418811274509
0 0.19561408547794118 0.40646063112745096 0.24516027113970584 0.40358838848039214 0.29686063878676466 0.8851677389705882 0.25736730238970584 0.8870825674019608
0 0.24875057444852938 0.4160347732843137 0.28968003216911764 0.4169921875 0.33276367187499994 0.8851677389705882 0.3004509420955882 0.8889973958333334
0 0.2868077895220588 0.3834826899509804 0.3248650045955882 0.3844401041666667 0.36292221966911764 0.8870825674019608 0.33132755055147056 0.8870825674019608
0 0.327737247242647 0.41794960171568624 0.36579446231617646 0.4150773590686274 0.3952349494485294 0.8889973958333334 0.3622041590073529 0.8889973958333334
0 0.36292221966911764 0.32795266544117646 0.39451688878676466 0.32795266544117646 0.4232393152573529 0.8880399816176471 0.3952349494485294 0.8880399816176471
0 0.3959530101102941 0.3308249080882353 0.4153406479779411 0.3308249080882353 0.43831858915441174 0.8928270526960783 0.4232393152573529 0.8937844669117646
0 0.41893095128676466 0.329867493872549 0.4469353170955882 0.3308249080882353 0.46201459099264697 0.8880399816176471 0.43903664981617646 0.8928270526960783
0 0.44837143841911764 0.361462162990196 0.4878647748161764 0.35954733455882354 0.49432732077205876 0.8909122242647057 0.46560489430147056 0.891869638480392
0 0.4885828354779411 0.3346545649509804 0.5137149586397058 0.3336971507352941 0.5129968979779411 0.8889973958333334 0.4957634420955882 0.8899548100490194
0 0.5144330193014706 0.26380591299019607 0.5503360523897058 0.25997625612745096 0.5410012637867646 0.8861251531862745 0.5151510799632353 0.8880399816176471
0 0.5481818704044117 0.3260378370098039 0.5826487821691176 0.3222081801470588 0.5747501148897058 0.8688916973039215 0.5417193244485293 0.8688916973039215
0 0.5833668428308824 0.34327129289215685 0.6142434512867646 0.33944163602941174 0.6020364200367646 0.8688916973039215 0.576904296875 0.8688916973039215
0 0.6149615119485293 0.38539751838235287 0.6601993336397058 0.3825252757352941 0.645120059742647 0.8717639399509803 0.6027544806985293 0.8688916973039215
0 0.6688160615808822 0.3643344056372549 0.7348776424632353 0.3624195772058823 0.6968204273897058 0.8947418811274509 0.6444019990808822 0.8861251531862745
0 0.7370318244485293 0.3662492340686274 0.7959127987132353 0.3662492340686274 0.7420582490808822 0.8995289522058822 0.6953843060661764 0.8956992953431372
0 0.7973489200367646 0.3662492340686274 0.8576660156249999 0.3662492340686274 0.7872960707720588 0.8976141237745098 0.749956916360294 0.8947418811274509
0 0.8612563189338235 0.33848422181372545 0.9244456571691175 0.33752680759803916 0.8303797104779411 0.8870825674019608 0.7894502527573529 0.8832529105392156
