0 0.07713407628676469 0.27050781249999994 0.11160098805147059 0.27146522671568624 0.03907686121323528 0.8564453125 0.0 0.8544921875
0 0.11590935202205882 0.23795572916666666 0.15253044577205882 0.23891314338235292 0.08503274356617646 0.8564453125 0.040512982536764705 0.8554878982843137
0 0.15253044577205882 0.24561504289215685 0.17407226562499997 0.2475298713235294 0.11160098805147059 0.8583601409313725 0.08216050091911764 0.8593175551470588
0 0.17335420496323528 0.24561504289215685 0.19489602481617646 0.242742800245098 0.1388872931985294 0.8526156556372548 0.11088292738970587 0.8535730698529411
0 0.19633214613970584 0.24465762867647056 0.21787396599264702 0.24657245710784312 0.16760971966911764 0.8545304840686274 0.13673311121323528 0.8554878982843137
0 0.22146426930147056 0.2034888174019608 0.24803251378676466 0.20540364583333334 0.19992244944852938 0.8526156556372548 0.16832778033088233 0.8526156556372548
0 0.2516228170955882 0.15466069240196076 0.2731646369485294 0.15466069240196076 0.23223517922794118 0.8507008272058822 0.20566693474264702 0.8516582414215685
0 0.26957433363970584 0.2398705575980392 0.30475930606617646 0.24082797181372548 0.278909122242647 0.8468711703431372 0.23438936121323528 0.8478285845588235
0 0.3054773667279411 0.23891314338235292 0.3320456112132353 0.2398705575980392 0.320556640625 0.8449563419117646 0.2781910615808823 0.8478285845588235
0 0.33060948988970584 0.2992302389705882 0.3543054917279411 0.29827282475490197 0.3600499770220588 0.8468711703431372 0.3270191865808823 0.8459137561274509
0 0.3600499770220588 0.2973154105392157 0.3981071920955882 0.2954005821078431 0.4103142233455882 0.843041513480392 0.3636402803308823 0.8468711703431372
0 0.3988252527573529 0.329867493872549 0.4347282858455882 0.32316559436274506 0.45770622702205876 0.8420840992647057 0.41390452665441174 0.843041513480392
0 0.442626953125 0.30880438112745096 0.479248046875 0.3068895526960784 0.5101246553308824 0.8401692708333334 0.4598604090073529 0.8420840992647057
0 0.48212028952205876 0.29444316789215685 0.5144330193014706 0.29444316789215685 0.5467457490808824 0.8372970281862745 0.510842715992647 0.8401692708333334
0 0.5151510799632353 0.3116766237745098 0.5517721737132353 0.3068895526960784 0.5919835707720588 0.8363396139705882 0.547463809742647 0.8392118566176471
0 0.5560805376838235 0.28965609681372545 0.6185518152573529 0.28965609681372545 0.6716883042279411 0.8334673713235293 0.5955738740808824 0.8382544424019608
0 0.620705997242647 0.28678385416666663 0.657327090992647 0.28678385416666663 0.718362247242647 0.8325099571078431 0.6716883042279411 0.8363396139705882
0 0.6551729090073529 0.2245519301470588 0.688921760110294 0.22263710171568626 0.7679084329044117 0.8267654718137254 0.7241067325367646 0.8325099571078431
0 0.7047190946691176 0.281039368872549 0.7492388556985293 0.27912454044117646 0.8253532858455882 0.8277228860294117 0.7736529181985293 0.8277228860294117
0 0.7434943704044117 0.2207222732843137 0.7822696461397058 0.21689261642156862 0.8849523207720588 0.8248506433823528 0.8339700137867646 0.828680300245098
0 0.7758071001838235 0.14891620710784312 0.8339700137867646 0.15083103553921567 0.9696834788602939 0.8162339154411765 0.8885426240808822 0.8238932291666666
