0 0.06636316636029412 0.08764169730392156 0.15540268841911764 0.08955652573529412 0.2027946920955882 0.9799517463235293 0.1259622012867647 0.9818665747549019
0 0.16042911305147056 0.10200291053921567 0.23008099724264702 0.10008808210784313 0.2738826976102941 0.9809091605392156 0.20710305606617646 0.9809091605392156
0 0.23295323988970584 0.16327742034313722 0.2868077895220588 0.16519224877450978 0.3219927619485294 0.9799517463235293 0.271728515625 0.9809091605392156
0 0.2832174862132353 0.10008808210784313 0.34353458180147056 0.1010454963235294 0.37800149356617646 0.9837814031862745 0.3234288832720588 0.9818665747549019
0 0.3464068244485294 0.13551240808823528 0.3981071920955882 0.13359757965686272 0.4239573759191176 0.9770795036764706 0.37728343290441174 0.9809091605392156
0 0.3952349494485294 0.026367187499999997 0.4541159237132353 0.027324601715686275 0.4785299862132353 0.9761220894607843 0.42611155790441174 0.9770795036764706
0 0.454833984375 0.1125344669117647 0.5187413832720588 0.11540670955882353 0.535256778492647 0.975164675245098 0.47781192555147056 0.9770795036764706
0 0.5201775045955882 0.03785615808823529 0.5625430836397058 0.038813572303921566 0.5754681755514706 0.9780369178921569 0.5381290211397058 0.9809091605392156
0 0.5639792049632353 0.2101907169117647 0.6321949678308822 0.20731847426470587 0.6530187270220588 0.9742072610294117 0.5898293887867646 0.9761220894607843
0 0.6415297564338235 0.048387714460784305 0.6752786075367646 0.04647288602941176 0.6874856387867646 0.9761220894607843 0.6587632123161764 0.9761220894607843
0 0.6759966681985293 0.12593826593137256 0.7262609145220588 0.12402343749999999 0.730569278492647 0.9742072610294117 0.6882036994485293 0.9722924325980391
0 0.737749885110294 0.024452359068627447 0.8591021369485293 0.018707873774509803 0.8260713465073529 0.978994332107843 0.7327234604779411 0.9703776041666666
