0 0.06779928768382351 0.21497778799019607 0.14894014246323528 0.21689261642156862 0.19633214613970584 0.9339958639705882 0.13386086856617646 0.9339958639705882
0 0.1518123851102941 0.24657245710784312 0.2394157858455882 0.21210554534313722 0.4469353170955882 0.898571537990196 0.38015567555147056 0.9339958639705882
0 0.3837459788602941 0.20636106004901958 0.4677590762867647 0.1948720894607843 0.5252039292279411 0.9158049938725489 0.4505256204044117 0.9205920649509803
0 0.4885828354779411 0.20444623161764705 0.5725959329044117 0.19965916053921565 0.5977280560661764 0.9129327512254902 0.5237678079044117 0.9205920649509803
0 0.6113712086397058 0.19774433210784312 0.6630715762867646 0.19774433210784312 0.6530187270220588 0.9110179227941176 0.6063447840073529 0.919634650735294
0 0.674560546875 0.1125344669117647 0.718362247242647 0.1125344669117647 0.6953843060661764 0.926336550245098 0.6551729090073529 0.9215494791666666
0 0.7262609145220588 0.1307253370098039 0.7592917049632353 0.1307253370098039 0.7298512178308822 0.9282513786764706 0.6961023667279411 0.9253791360294117
0 0.7628820082720588 0.11827895220588235 0.8030934053308822 0.12115119485294117 0.7643181295955882 0.9158049938725489 0.7320053998161764 0.9158049938725489
0 0.8217629825367646 0.10391773897058822 0.8691549862132353 0.10583256740196077 0.8203268612132353 0.9349532781862745 0.7772432215073529 0.9368681066176471
0 0.8727452895220588 0.19774433210784312 0.938088809742647 0.19678691789215685 0.8784897748161764 0.9454848345588235 0.8253532858455882 0.9378255208333334
