0 0.01592807112068962 0.0633530890804597 0.041183997844827555 0.06559806034482753 0.037816540948275836 0.9579741379310344 0.013402478448275829 0.9579741379310344
0 0.04202586206896549 0.13631465517241373 0.09253771551724135 0.13631465517241373 0.09337957974137928 0.963586566091954 0.038658405172413764 0.9579741379310344
0 0.10011449353448273 0.22835847701149423 0.15736126077586204 0.2272359913793103 0.1556775323275862 0.9647090517241379 0.09169585129310343 0.9647090517241379
0 0.16325431034482757 0.22948096264367812 0.2213429418103448 0.22499102011494246 0.2179754849137931 0.9647090517241379 0.16072871767241378 0.9658315373563218
0 0.2289197198275862 0.22386853448275856 0.32489224137931033 0.22274604885057467 0.31563173491379304 0.9736889367816092 0.2213429418103448 0.9680765086206896
0 0.3299434267241379 0.22162356321839075 0.42844154094827586 0.22162356321839075 0.41918103448275856 0.9703214798850573 0.3240503771551724 0.9714439655172414
0 0.4343345905172413 0.11610991379310338 0.5387257543103449 0.11610991379310338 0.5277815193965517 0.9804238505747126 0.4200228987068965 0.9770563936781609
0 0.5446188038793104 0.13968211206896544 0.6027074353448276 0.13519216954022983 0.5926050646551725 0.9837913074712644 0.5328327047413793 0.9815463362068965
0 0.6136516702586208 0.13631465517241373 0.6759496228448276 0.13406968390804594 0.6574286099137931 0.9905262212643677 0.5959725215517242 0.9849137931034483
0 0.6835264008620691 0.1408045977011494 0.7534011314655172 0.13855962643678155 0.7289870689655172 0.9849137931034483 0.6607960668103449 0.9793013649425287
0 0.7643453663793104 0.13743714080459765 0.8333782327586208 0.13406968390804594 0.8013873922413793 0.9826688218390803 0.7382475754310345 0.9781788793103448
0 0.8460061961206897 0.13406968390804594 0.9057785560344828 0.13070222701149423 0.8721039870689655 0.9871587643678161 0.8123316271551725 0.9826688218390803
