0 0.15755687040441174 0.18912760416666666 0.20853917738970584 0.183383118872549 0.22864487591911764 0.8727213541666666 0.18412511488970587 0.8583601409313725
0 0.20997529871323528 0.19199984681372548 0.2516228170955882 0.183383118872549 0.271728515625 0.8880399816176471 0.23295323988970584 0.8765510110294117
0 0.2501866957720588 0.232211243872549 0.28178136488970584 0.232211243872549 0.30691348805147056 0.8995289522058822 0.2710104549632353 0.8880399816176471
0 0.6458381204044117 0.05796185661764705 0.7643181295955882 0.027324601715686275 0.754150390625 0.9996744791666666 0.657958984375 0.9996744791666666
0 0.28249942555147056 0.1795534620098039 0.320556640625 0.1757238051470588 0.34353458180147056 0.9100605085784313 0.308349609375 0.9004863664215685
0 0.3227108226102941 0.20061657475490194 0.3607680376838235 0.19678691789215685 0.38015567555147056 0.9205920649509803 0.3464068244485294 0.9129327512254902
0 0.3593319163602941 0.1087048100490196 0.40169749540441174 0.10200291053921567 0.4232393152573529 0.9368681066176471 0.38230985753676466 0.9234643075980391
0 0.4052877987132353 0.1728515625 0.4512436810661764 0.16710707720588233 0.46991325827205876 0.9502719056372548 0.4225212545955882 0.9378255208333334
0 0.4476533777573529 0.1010454963235294 0.48499253216911764 0.09625842524509803 0.5007898667279411 0.9665479473039215 0.46991325827205876 0.9541015625
0 0.48642865349264697 0.24944469975490194 0.5467457490808824 0.24082797181372548 0.5747501148897058 0.9828239889705882 0.5173052619485293 0.9694201899509803
0 0.5488999310661764 0.09434359681372549 0.5812126608455882 0.08668428308823528 0.606201171875 0.9996744791666666 0.576904296875 0.9885684742647057
0 0.5833668428308824 0.16232000612745098 0.6357852711397058 0.1537032781862745 0.655029296875 0.9996744791666666 0.60693359375 0.9996744791666666
