0 0.25344669117647056 0.21880744485294115 0.2821691176470588 0.2207222732843137 0.2807329963235294 0.8621897977941176 0.25344669117647056 0.8621897977941176
0 0.2814510569852941 0.22263710171568626 0.3051470588235294 0.22550934436274508 0.3065831801470588 0.8612323835784313 0.2821691176470588 0.8612323835784313
0 0.3051470588235294 0.35476026348039214 0.335305606617647 0.35667509191176466 0.33889590992647056 0.8564453125 0.3073012408088235 0.8602749693627451
0 0.33674172794117646 0.35380284926470584 0.3669002757352941 0.35667509191176466 0.3676183363970588 0.8545304840686274 0.3417681525735294 0.8564453125
0 0.37049057904411764 0.2283815870098039 0.3941865808823529 0.23412607230392155 0.39777688419117646 0.8507008272058822 0.37264476102941174 0.8554878982843137
0 0.3956227022058823 0.23412607230392155 0.4200367647058823 0.23795572916666666 0.42219094669117646 0.8535730698529411 0.4006491268382353 0.8545304840686274
0 0.420754825367647 0.24561504289215685 0.4537856158088235 0.24848728553921565 0.45306755514705876 0.8459137561274509 0.4250631893382353 0.8478285845588235
0 0.4552217371323529 0.2475298713235294 0.4918428308823529 0.2513595281862745 0.4947150735294117 0.8449563419117646 0.46024816176470584 0.8487859987745098
0 0.49327895220588236 0.40550321691176466 0.5334903492647058 0.40837545955882354 0.5392348345588235 0.8401692708333334 0.4961511948529411 0.8468711703431372
0 0.5327722886029411 0.23891314338235292 0.5636488970588235 0.24082797181372548 0.572265625 0.8411266850490194 0.5449793198529411 0.8411266850490194
0 0.5636488970588235 0.2398705575980392 0.5923713235294117 0.242742800245098 0.6024241727941176 0.8363396139705882 0.5737017463235293 0.8420840992647057
0 0.5973977481617646 0.24657245710784312 0.6289924172794117 0.2475298713235294 0.6318646599264706 0.8325099571078431 0.603860294117647 0.8353821997549019
0 0.6318646599264706 0.24944469975490194 0.659869025735294 0.25231694240196073 0.6605870863970588 0.8315525428921569 0.63330078125 0.8325099571078431
0 0.6613051470588235 0.2666781556372549 0.6806927849264706 0.2695503982843137 0.6806927849264706 0.8267654718137254 0.6613051470588235 0.8267654718137254
0 0.6799747242647058 0.3222081801470588 0.7036707261029411 0.3260378370098039 0.701516544117647 0.8267654718137254 0.6806927849264706 0.8277228860294117
0 0.7043887867647058 0.32699525122549017 0.7237764246323529 0.32508042279411764 0.7252125459558822 0.8238932291666666 0.7022346047794117 0.8258080575980391
0 0.7244944852941176 0.2561465992647059 0.7460363051470588 0.2580614276960784 0.745318244485294 0.821978400735294 0.725930606617647 0.8229358149509803
0 0.7481904871323529 0.25901884191176466 0.7647058823529411 0.26093367034313725 0.7661420036764706 0.8181487438725489 0.7467543658088235 0.8229358149509803
0 0.7668600643382353 0.2580614276960784 0.7862477022058822 0.25710401348039214 0.7855296415441176 0.8143190870098039 0.7668600643382353 0.8191061580882352
0 0.7862477022058822 0.25901884191176466 0.8056353400735293 0.25901884191176466 0.8049172794117646 0.8104894301470588 0.7876838235294117 0.8143190870098039
0 0.8149701286764706 0.2657207414215686 0.8415383731617646 0.2657207414215686 0.8372300091911764 0.8114468443627451 0.811379825367647 0.8104894301470588
0 0.842974494485294 0.2685929840686274 0.8645163143382353 0.2676355698529412 0.8609260110294117 0.8104894301470588 0.8379480698529411 0.8114468443627451
