0 0.08829273897058823 0.19582950367647056 0.11773322610294118 0.19582950367647056 0.052389705882352935 0.8909122242647057 0.01505055147058823 0.8909122242647057
0 0.12994025735294115 0.17859604779411764 0.16225298713235292 0.1805108762254902 0.09475528492647058 0.8880399816176471 0.05741613051470587 0.8899548100490194
0 0.16368910845588233 0.1718941482843137 0.19671989889705882 0.17668121936274508 0.12778607536764705 0.8889973958333334 0.09547334558823528 0.8880399816176471
0 0.1974379595588235 0.17859604779411764 0.22831456801470584 0.18817018995098037 0.16799747242647056 0.8889973958333334 0.12994025735294115 0.8889973958333334
0 0.22328814338235292 0.23508348651960784 0.25129250919117646 0.23508348651960784 0.2096449908088235 0.8899548100490194 0.16943359374999997 0.8899548100490194
0 0.262063419117647 0.16806449142156862 0.28719554227941174 0.16614966299019607 0.24123965992647056 0.8870825674019608 0.21251723345588233 0.8870825674019608
0 0.29006778492647056 0.16614966299019607 0.3180721507352941 0.16327742034313722 0.2857594209558823 0.8880399816176471 0.2448299632352941 0.8851677389705882
0 0.3295611213235294 0.15753293504901958 0.3618738511029411 0.16327742034313722 0.3295611213235294 0.8909122242647057 0.2836052389705882 0.8899548100490194
0 0.3683363970588235 0.16327742034313722 0.40711167279411764 0.16902190563725492 0.3798253676470588 0.8909122242647057 0.3309972426470588 0.8909122242647057
0 0.41142003676470584 0.15657552083333331 0.45091337316176466 0.16040517769607843 0.4293715533088235 0.8947418811274509 0.3812614889705882 0.8899548100490194
0 0.45881204044117646 0.15561810661764705 0.4918428308823529 0.15753293504901958 0.47748161764705876 0.8909122242647057 0.432961856617647 0.8899548100490194
0 0.5004595588235293 0.15083103553921567 0.5349264705882353 0.15274586397058823 0.5263097426470588 0.8909122242647057 0.4789177389705882 0.8899548100490194
0 0.542825137867647 0.1470013786764706 0.5780101102941176 0.1498736213235294 0.5765739889705882 0.891869638480392 0.5313361672794117 0.8928270526960783
0 0.5837545955882353 0.1316827512254902 0.6261201746323529 0.1383846507352941 0.635454963235294 0.8928270526960783 0.5780101102941176 0.8909122242647057
0 0.6325827205882353 0.11636412377450979 0.6656135110294117 0.11540670955882353 0.6871553308823529 0.891869638480392 0.6368910845588235 0.8909122242647057
0 0.6742302389705882 0.11444929534313725 0.7094152113970588 0.11444929534313725 0.7395737591911764 0.8909122242647057 0.6907456341911764 0.8880399816176471
0 0.7130055147058822 0.09242876838235294 0.8034811580882353 0.09242876838235294 0.8465647977941175 0.8909122242647057 0.7424460018382353 0.8851677389705882
0 0.8085075827205882 0.0560470281862745 0.8379480698529411 0.05125995710784314 0.8932387408088235 0.8909122242647057 0.8494370404411764 0.8899548100490194
0 0.8465647977941175 0.10391773897058822 0.8810317095588235 0.10391773897058822 0.9413488051470588 0.8899548100490194 0.8975471047794117 0.8861251531862745
0 0.8910845588235293 0.19008501838235292 0.9233972886029411 0.1910424325980392 0.9887408088235294 0.8899548100490194 0.9420668658088235 0.8832529105392156
