0 0.17909869025735292 0.3222081801470588 0.22074620863970584 0.3183785232843137 0.2516228170955882 0.8200635723039215 0.21571978400735292 0.8114468443627451
0 0.222900390625 0.340399050245098 0.2746007582720588 0.31263403799019607 0.41390452665441174 0.8258080575980391 0.36507640165441174 0.8439989276960783
0 0.3614860983455882 0.3001876531862745 0.4203670726102941 0.29061351102941174 0.4713493795955882 0.8526156556372548 0.41893095128676466 0.8487859987745098
0 0.42898380055147056 0.29444316789215685 0.491455078125 0.28869868259803916 0.530230353860294 0.8631472120098039 0.4756577435661764 0.8564453125
0 0.5165872012867647 0.28008195465686275 0.5567985983455882 0.27816712622549017 0.571877872242647 0.8746361825980391 0.5323845358455882 0.8717639399509803
0 0.5560805376838235 0.20923330269607843 0.5883932674632353 0.20444623161764705 0.601318359375 0.8880399816176471 0.5733139935661764 0.8822954963235293
0 0.5927016314338235 0.21689261642156862 0.6250143612132353 0.21593520220588233 0.6321949678308822 0.8966567095588235 0.603472541360294 0.891869638480392
0 0.627886603860294 0.20731847426470587 0.6609173943014706 0.2015739889705882 0.6666618795955882 0.8937844669117646 0.6343491498161764 0.8880399816176471
0 0.662353515625 0.19008501838235292 0.7083093979779411 0.18721277573529413 0.7040010340073529 0.9215494791666666 0.6659438189338235 0.9148475796568626
0 0.7075913373161764 0.2628484987745098 0.762163947610294 0.25901884191176466 0.7571375229779411 0.9387829350490194 0.7040010340073529 0.9253791360294117
