0 0.0003015854779411728 0.2283815870098039 0.01681698069852941 0.2283815870098039 0.06995346966911764 0.8832529105392156 0.040512982536764705 0.8832529105392156 0.002455767463235288 0.43518305759803916
0 0.01681698069852941 0.2283815870098039 0.04984777113970587 0.23125382965686272 0.09508559283088233 0.8889973958333334 0.06995346966911764 0.8851677389705882
0 0.03907686121323528 0.03977098651960784 0.07713407628676469 0.042643229166666664 0.12811638327205882 0.891869638480392 0.09652171415441174 0.8899548100490194
0 0.08575080422794118 0.15753293504901958 0.12380801930147056 0.1613625919117647 0.1625832950367647 0.8956992953431372 0.1288344439338235 0.8937844669117646
0 0.13170668658088233 0.23412607230392155 0.16473747702205882 0.23316865808823528 0.19202378216911764 0.8947418811274509 0.16330135569852938 0.8956992953431372
0 0.16114717371323528 0.04072840073529411 0.19489602481617646 0.042643229166666664 0.222900390625 0.8956992953431372 0.19202378216911764 0.8947418811274509
0 0.2006405101102941 0.12306602328431371 0.23582548253676466 0.12210860906862743 0.254495059742647 0.898571537990196 0.2250545726102941 0.8966567095588235
0 0.24372414981617646 0.2283815870098039 0.2882439108455882 0.23316865808823528 0.28968003216911764 0.9024011948529411 0.25593118106617646 0.9004863664215685
0 0.2875258501838235 0.045515471813725485 0.320556640625 0.04934512867647058 0.315530215992647 0.9052734375 0.29183421415441174 0.9014437806372548
0 0.320556640625 0.13934206495098037 0.3808737362132353 0.14508655024509803 0.364358340992647 0.9091030943627451 0.315530215992647 0.9052734375
0 0.38446403952205876 0.04647288602941176 0.41893095128676466 0.047430300245098034 0.39451688878676466 0.9148475796568626 0.36507640165441174 0.9148475796568626
0 0.41605870863970584 0.23316865808823528 0.4469353170955882 0.23412607230392155 0.4225212545955882 0.919634650735294 0.3952349494485294 0.9177198223039215
0 0.45267980238970584 0.12498085171568628 0.4749396829044117 0.12593826593137256 0.44047277113970584 0.9167624080882352 0.4225212545955882 0.9186772365196078
0 0.4749396829044117 0.11732153799019607 0.5129968979779411 0.12019378063725489 0.4749396829044117 0.9292087928921569 0.4419088924632353 0.9272939644607843
0 0.5187413832720588 0.11540670955882353 0.564697265625 0.11732153799019607 0.5079704733455882 0.9320810355392156 0.4763758042279411 0.9330384497549019
0 0.5625430836397058 0.24944469975490194 0.5984461167279411 0.24944469975490194 0.559670840992647 0.9426125919117646 0.5316664751838235 0.9435700061274509
0 0.6006002987132353 0.2504021139705882 0.6314769071691176 0.25231694240196073 0.5876752068014706 0.9397403492647057 0.5618250229779411 0.9368681066176471
0 0.632913028492647 0.23891314338235292 0.6688160615808822 0.242742800245098 0.6235782398897058 0.947399662990196 0.591265510110294 0.9426125919117646
0 0.6724063648897058 0.24465762867647056 0.7018468520220588 0.24561504289215685 0.6487103630514706 0.940697763480392 0.6250143612132353 0.9359106924019608
0 0.7054371553308822 0.2398705575980392 0.7399040670955882 0.242742800245098 0.6846133961397058 0.9426125919117646 0.6544548483455882 0.9368681066176471
0 0.7463666130514706 0.16232000612745098 0.779397403492647 0.16806449142156862 0.713335822610294 0.9416551776960783 0.686767578125 0.9368681066176471
0 0.7829877068014706 0.1613625919117647 0.8188907398897058 0.16614966299019607 0.7456485523897058 0.9426125919117646 0.7147719439338235 0.9454848345588235
0 0.8425867417279411 0.02923943014705882 0.8741814108455882 0.030196844362745095 0.7765251608455882 0.9483570772058822 0.749956916360294 0.9397403492647057
0 0.8792078354779411 0.02923943014705882 0.9079302619485293 0.030196844362745095 0.8081198299632353 0.9464422487745097 0.7837057674632353 0.9435700061274509
0 0.889260684742647 0.242742800245098 0.9337804457720588 0.24561504289215685 0.8461770450367646 0.9454848345588235 0.8102740119485293 0.9426125919117646
0 0.9438332950367647 0.16232000612745098 0.986916934742647 0.16232000612745098 0.884234260110294 0.9531441482843137 0.8512034696691175 0.9483570772058822
