0 0.011460248161764705 0.19199984681372548 0.04090073529411764 0.1910424325980392 0.018640854779411763 0.8851677389705882 0.002125459558823529 0.8851677389705882 0.0 0.4853515625
0 0.040182674632352935 0.24848728553921565 0.07464958639705882 0.24561504289215685 0.058134191176470576 0.8851677389705882 0.020795036764705878 0.8880399816176471
0 0.07393152573529412 0.3164636948529412 0.10337201286764705 0.3145488664215686 0.10049977022058823 0.8889973958333334 0.06100643382352941 0.891869638480392
0 0.10768037683823528 0.14029947916666666 0.14430147058823528 0.13646982230392155 0.1471737132352941 0.8909122242647057 0.10624425551470587 0.8928270526960783
0 0.15076401654411764 0.20636106004901958 0.1837948069852941 0.2015739889705882 0.1837948069852941 0.8937844669117646 0.14932789522058823 0.891869638480392
0 0.1837948069852941 0.23795572916666666 0.22616038602941174 0.23508348651960784 0.22975068933823528 0.8976141237745098 0.18882123161764705 0.9014437806372548
0 0.22975068933823528 0.21785003063725486 0.27498851102941174 0.21785003063725486 0.28001493566176466 0.9024011948529411 0.23334099264705882 0.9024011948529411
0 0.28001493566176466 0.2504021139705882 0.29724839154411764 0.24657245710784312 0.30227481617647056 0.8928270526960783 0.28719554227941174 0.8928270526960783
0 0.2943761488970588 0.14891620710784312 0.3202263327205882 0.1470013786764706 0.32884306066176466 0.9091030943627451 0.3051470588235294 0.9052734375
0 0.32884306066176466 0.1537032781862745 0.3561293658088235 0.1537032781862745 0.36043772977941174 0.9129327512254902 0.3302791819852941 0.9148475796568626
0 0.359719669117647 0.07806755514705882 0.38700597426470584 0.07806755514705882 0.39777688419117646 0.9148475796568626 0.36259191176470584 0.9158049938725489
0 0.39705882352941174 0.23795572916666666 0.4150103400735294 0.23795572916666666 0.42147288602941174 0.9091030943627451 0.4028033088235294 0.9091030943627451
0 0.4178825827205882 0.23508348651960784 0.4444508272058823 0.23508348651960784 0.45091337316176466 0.9071882659313725 0.42362706801470584 0.9091030943627451
0 0.44660500919117646 0.14412913602941177 0.4753274356617647 0.1470013786764706 0.48178998161764697 0.9148475796568626 0.4545036764705882 0.9148475796568626
0 0.47676355698529405 0.2283815870098039 0.513384650735294 0.2293390012254902 0.5220013786764706 0.9205920649509803 0.4825080422794117 0.9205920649509803
0 0.518411075367647 0.21593520220588233 0.5449793198529411 0.21593520220588233 0.5543141084558824 0.9272939644607843 0.5227194393382353 0.9282513786764706
0 0.5456973805147058 0.21593520220588233 0.5823184742647058 0.21402037377450978 0.5959616268382353 0.9292087928921569 0.5571863511029411 0.930166207107843
0 0.5837545955882353 0.15561810661764705 0.6146312040441176 0.1537032781862745 0.6311465992647058 0.9282513786764706 0.598833869485294 0.926336550245098
0 0.6203756893382353 0.1498736213235294 0.6670496323529411 0.1470013786764706 0.689309512867647 0.9378255208333334 0.6347369025735293 0.9330384497549019
0 0.6814108455882353 0.14125689338235292 0.7151596966911764 0.1383846507352941 0.7345473345588235 0.9445274203431372 0.6943359375 0.9397403492647057
0 0.7266486672794117 0.13455499387254902 0.7718864889705882 0.13455499387254902 0.7876838235294117 0.9512293198529411 0.7359834558823529 0.9464422487745097
0 0.8142520680147058 0.27625229779411764 0.8515912224264706 0.27529488357843135 0.8709788602941175 0.9502719056372548 0.830767463235294 0.9502719056372548
