0 0.08829273897058823 0.302102481617647 0.10768037683823528 0.30114506740196073 0.10911649816176469 0.8258080575980391 0.08829273897058823 0.8229358149509803
0 0.11414292279411764 0.27912454044117646 0.1349666819852941 0.27912454044117646 0.1328125 0.828680300245098 0.11414292279411764 0.828680300245098
0 0.13568474264705882 0.27816712622549017 0.1579446231617647 0.27529488357843135 0.14789177389705882 0.8277228860294117 0.13209443933823528 0.8305951286764706
0 0.15220013786764705 0.29827282475490197 0.17446001838235292 0.2963579963235294 0.16727941176470587 0.8401692708333334 0.1486098345588235 0.8401692708333334
0 0.17230583639705882 0.33944163602941174 0.19025735294117646 0.33752680759803916 0.19169347426470587 0.843041513480392 0.16727941176470587 0.8401692708333334
0 0.19887408088235292 0.2647633272058823 0.21538947610294115 0.2628484987745098 0.21323529411764705 0.8420840992647057 0.19528377757352938 0.8401692708333334
0 0.21754365808823528 0.2647633272058823 0.23764935661764702 0.25710401348039214 0.23764935661764702 0.8478285845588235 0.21682559742647056 0.8449563419117646
0 0.24195772058823528 0.2561465992647059 0.2692440257352941 0.2551891850490196 0.26565372242647056 0.849743412990196 0.23908547794117646 0.8478285845588235
0 0.2713982077205882 0.2551891850490196 0.30155675551470584 0.253274356617647 0.29724839154411764 0.8545304840686274 0.2685259650735294 0.8526156556372548
0 0.30442899816176466 0.2475298713235294 0.3374597886029411 0.24465762867647056 0.32668887867647056 0.8621897977941176 0.2958122702205882 0.8593175551470588
0 0.3374597886029411 0.23891314338235292 0.3690544577205882 0.23699831495098037 0.3561293658088235 0.8669768688725489 0.328125 0.8631472120098039
0 0.37049057904411764 0.232211243872549 0.4006491268382353 0.23029641544117643 0.38700597426470584 0.8736787683823528 0.35828354779411764 0.8717639399509803
0 0.40136718749999994 0.2283815870098039 0.4279354319852941 0.22646675857843135 0.41644646139705876 0.8803806678921569 0.3862879136029411 0.8803806678921569
0 0.42865349264705876 0.21880744485294115 0.4659926470588235 0.21785003063725486 0.4523494944852941 0.891869638480392 0.4186006433823529 0.891869638480392
0 0.4674287683823529 0.20061657475490194 0.5004595588235293 0.1987017463235294 0.48681640625 0.9014437806372548 0.4537856158088235 0.8976141237745098
0 0.5018956801470588 0.1948720894607843 0.5399528952205882 0.1910424325980392 0.5234375 0.9081456801470588 0.4882525275735293 0.9014437806372548
0 0.5449793198529411 0.16040517769607843 0.6304285386029411 0.14891620710784312 0.6103228400735293 0.9234643075980391 0.5291819852941176 0.9110179227941176
0 0.6304285386029411 0.1125344669117647 0.6584329044117646 0.10583256740196077 0.6419175091911764 0.9292087928921569 0.6124770220588235 0.9272939644607843
0 0.6641773897058822 0.16614966299019607 0.7022346047794117 0.16232000612745098 0.6850011488970588 0.9359106924019608 0.6469439338235293 0.9282513786764706
0 0.7029526654411764 0.25997625612745096 0.7395737591911764 0.25997625612745096 0.725930606617647 0.9387829350490194 0.6885914522058822 0.9349532781862745
