0 0.037310431985294115 0.15274586397058823 0.06962316176470587 0.1537032781862745 0.06746897977941176 0.8727213541666666 0.0358743106617647 0.8736787683823528
0 0.08254825367647058 0.1307253370098039 0.11342486213235292 0.13264016544117646 0.10696231617647059 0.8727213541666666 0.07464958639705882 0.8746361825980391
0 0.11916934742647059 0.12881050857843138 0.15507238051470587 0.12881050857843138 0.14071116727941174 0.8755935968137254 0.10983455882352941 0.8784658394607843
0 0.15579044117647056 0.15274586397058823 0.19097541360294115 0.15561810661764705 0.1730238970588235 0.8861251531862745 0.14071116727941174 0.8880399816176471
0 0.18666704963235292 0.21497778799019607 0.2211339613970588 0.21497778799019607 0.21179917279411764 0.8870825674019608 0.17446001838235292 0.8880399816176471
0 0.22759650735294118 0.12881050857843138 0.2570369944852941 0.12689568014705882 0.24267578125 0.8861251531862745 0.21251723345588233 0.8851677389705882
0 0.2570369944852941 0.12785309436274508 0.28791360294117646 0.12785309436274508 0.2785788143382353 0.8880399816176471 0.2448299632352941 0.8861251531862745
0 0.30155675551470584 0.12498085171568628 0.3374597886029411 0.12976792279411764 0.3209443933823529 0.8851677389705882 0.2843232996323529 0.8880399816176471
0 0.3439223345588235 0.1307253370098039 0.38772403492647056 0.13646982230392155 0.3676183363970588 0.8880399816176471 0.323098575367647 0.8861251531862745
0 0.38987821691176466 0.12689568014705882 0.4351160386029411 0.1307253370098039 0.41429227941176466 0.8947418811274509 0.3697725183823529 0.8947418811274509
0 0.44086052389705876 0.12402343749999999 0.4789177389705882 0.12689568014705882 0.4559397977941176 0.8956992953431372 0.4171645220588235 0.8956992953431372
0 0.48681640625 0.12115119485294117 0.5263097426470588 0.12593826593137256 0.501177619485294 0.8995289522058822 0.45881204044117646 0.8956992953431372
0 0.5327722886029411 0.12306602328431371 0.5729836856617646 0.12881050857843138 0.5464154411764706 0.9024011948529411 0.5069221047794117 0.9043160232843137
0 0.579446231617647 0.11732153799019607 0.6261201746323529 0.12115119485294117 0.6024241727941176 0.9100605085784313 0.5478515625 0.9091030943627451
0 0.6325827205882353 0.10008808210784313 0.672076056985294 0.10200291053921567 0.6469439338235293 0.9167624080882352 0.6052964154411764 0.9148475796568626
0 0.6799747242647058 0.10008808210784313 0.7173138786764706 0.10008808210784313 0.6928998161764706 0.9215494791666666 0.6505342371323529 0.9186772365196078
0 0.7244944852941176 0.0713656556372549 0.8271771599264706 0.07328048406862744 0.7927102481617646 0.9253791360294117 0.6972081801470588 0.9138901654411763
0 0.8343577665441176 0.03498391544117647 0.8688246783088235 0.03211167279411765 0.8329216452205882 0.930166207107843 0.7984547334558822 0.9311236213235293
0 0.8702607996323529 0.09721583946078431 0.9097541360294117 0.09913066789215685 0.8774414062499999 0.930166207107843 0.8365119485294117 0.926336550245098
0 0.9068818933823529 0.20540364583333334 0.9435029871323529 0.20923330269607843 0.9190889246323529 0.9320810355392156 0.879595588235294 0.9311236213235293
