0 0.0006893382352941152 0.23412607230392155 0.008588005514705878 0.23412607230392155 0.08972886029411764 0.9100605085784313 0.06459673713235294 0.9091030943627451 0.002125459558823529 0.4332682291666667
0 0.009306066176470583 0.2245519301470588 0.038746553308823525 0.2245519301470588 0.11988740808823528 0.9081456801470588 0.08901079963235294 0.9100605085784313
0 0.048081341911764705 0.2293390012254902 0.07680376838235294 0.23029641544117643 0.1457375919117647 0.9062308517156862 0.12060546875 0.9071882659313725
0 0.07752182904411764 0.2245519301470588 0.11198874080882351 0.2245519301470588 0.1730238970588235 0.9129327512254902 0.1471737132352941 0.9138901654411763
0 0.11198874080882351 0.2245519301470588 0.15579044117647056 0.2245519301470588 0.21036305147058823 0.9148475796568626 0.17446001838235292 0.9158049938725489
0 0.15579044117647056 0.22550934436274508 0.20605468749999997 0.2245519301470588 0.25057444852941174 0.9186772365196078 0.21323529411764705 0.9205920649509803
0 0.20605468749999997 0.22550934436274508 0.2541647518382353 0.22359451593137256 0.28719554227941174 0.919634650735294 0.25129250919117646 0.919634650735294
0 0.2548828125 0.2437002144607843 0.29222196691176466 0.242742800245098 0.3252527573529411 0.9205920649509803 0.2907858455882353 0.9215494791666666
0 0.2979664522058823 0.242742800245098 0.3345875459558823 0.24178538602941177 0.359719669117647 0.9186772365196078 0.328125 0.919634650735294
0 0.33817784926470584 0.242742800245098 0.3762350643382353 0.24082797181372548 0.3920323988970588 0.9148475796568626 0.36043772977941174 0.9177198223039215
0 0.3783892463235294 0.31071920955882354 0.4042394301470588 0.31071920955882354 0.4128561580882353 0.9215494791666666 0.3934685202205882 0.9186772365196078
0 0.4063936121323529 0.31071920955882354 0.4300896139705882 0.31071920955882354 0.4351160386029411 0.9225068933823528 0.41429227941176466 0.9215494791666666
0 0.432961856617647 0.17859604779411764 0.4595301011029411 0.17859604779411764 0.46024816176470584 0.926336550245098 0.4351160386029411 0.926336550245098
0 0.46312040441176466 0.1805108762254902 0.49256089154411764 0.1805108762254902 0.48466222426470584 0.9234643075980391 0.4638384650735294 0.926336550245098
0 0.4990234375 0.17859604779411764 0.5291819852941176 0.1795534620098039 0.5119485294117647 0.9186772365196078 0.48897058823529405 0.926336550245098
0 0.530618106617647 0.17476639093137256 0.555032169117647 0.17668121936274508 0.5363625919117647 0.926336550245098 0.513384650735294 0.9272939644607843
0 0.5571863511029411 0.23029641544117643 0.6103228400735293 0.23316865808823528 0.5787281709558824 0.926336550245098 0.537798713235294 0.9282513786764706
0 0.6175034466911764 0.232211243872549 0.6684857536764706 0.232211243872549 0.6261201746323529 0.9225068933823528 0.5837545955882353 0.9215494791666666
0 0.6713579963235293 0.2245519301470588 0.7165958180147058 0.2293390012254902 0.664895450367647 0.9215494791666666 0.6289924172794117 0.9205920649509803
0 0.7201861213235293 0.22359451593137256 0.7661420036764706 0.22550934436274508 0.7036707261029411 0.9244217218137254 0.6663315716911764 0.9225068933823528
0 0.7726045496323529 0.22359451593137256 0.8171243106617646 0.22550934436274508 0.7446001838235293 0.926336550245098 0.7072610294117646 0.926336550245098
0 0.8164062499999999 0.29444316789215685 0.8472828584558822 0.29827282475490197 0.7733226102941176 0.9320810355392156 0.750344669117647 0.9292087928921569
0 0.8487189797794117 0.2992302389705882 0.8781594669117646 0.2954005821078431 0.8020450367647058 0.9292087928921569 0.7790670955882353 0.9292087928921569
0 0.8874942555147058 0.2130629595588235 0.9348862591911764 0.21497778799019607 0.8609260110294117 0.930166207107843 0.8228687959558822 0.930166207107843
0 0.9413488051470588 0.2130629595588235 0.9873046875 0.2130629595588235 0.9047277113970588 0.9339958639705882 0.860207950367647 0.9282513786764706
