0 0.002125459558823529 0.22550934436274508 0.03802849264705882 0.22359451593137256 0.0976275275735294 0.926336550245098 0.06746897977941176 0.9292087928921569
0 0.038746553308823525 0.17763863357843135 0.06100643382352941 0.17763863357843135 0.11916934742647059 0.9272939644607843 0.09906364889705882 0.9292087928921569
0 0.06387867647058823 0.18434053308823528 0.09260110294117646 0.18434053308823528 0.1457375919117647 0.9234643075980391 0.12132352941176469 0.9272939644607843
0 0.09690946691176469 0.2015739889705882 0.12060546875 0.2034888174019608 0.1708697150735294 0.9177198223039215 0.14789177389705882 0.9225068933823528
0 0.12132352941176469 0.183383118872549 0.1701516544117647 0.18625536151960784 0.21682559742647056 0.9148475796568626 0.16943359374999997 0.9119753370098039
0 0.17948644301470587 0.21785003063725486 0.2096449908088235 0.21689261642156862 0.24411190257352938 0.9119753370098039 0.21610753676470587 0.9158049938725489
0 0.21323529411764705 0.2561465992647059 0.23764935661764702 0.25710401348039214 0.26780790441176466 0.9110179227941176 0.24554802389705882 0.9129327512254902
0 0.23621323529411764 0.18912760416666666 0.262063419117647 0.18912760416666666 0.2929400275735294 0.9119753370098039 0.2706801470588235 0.9138901654411763
0 0.26708984375 0.2130629595588235 0.3065831801470588 0.21114813112745098 0.328125 0.9100605085784313 0.2943761488970588 0.9119753370098039
0 0.3073012408088235 0.1795534620098039 0.33817784926470584 0.1795534620098039 0.35828354779411764 0.9081456801470588 0.3274069393382353 0.9100605085784313
0 0.34105009191176466 0.28008195465686275 0.3740808823529411 0.281039368872549 0.3862879136029411 0.9033586090686274 0.3575654871323529 0.9033586090686274
0 0.3762350643382353 0.183383118872549 0.43152573529411764 0.1805108762254902 0.4394244025735294 0.9014437806372548 0.38772403492647056 0.9071882659313725
0 0.43583409926470584 0.17668121936274508 0.4595301011029411 0.17668121936274508 0.46312040441176466 0.9004863664215685 0.4415785845588235 0.9004863664215685
0 0.4645565257352941 0.17668121936274508 0.5176930147058824 0.17668121936274508 0.5119485294117647 0.8966567095588235 0.4667107077205882 0.8995289522058822
0 0.5191291360294117 0.2963579963235294 0.58447265625 0.29827282475490197 0.5758559283088235 0.8937844669117646 0.5162568933823529 0.8956992953431372
0 0.5873448988970588 0.1757238051470588 0.6268382352941176 0.17380897671568626 0.6131950827205882 0.8889973958333334 0.5801642922794117 0.8947418811274509
0 0.6275562959558824 0.17093673406862744 0.6548426011029411 0.17093673406862744 0.6383272058823529 0.8899548100490194 0.6146312040441176 0.8909122242647057
0 0.6562787224264706 0.16614966299019607 0.6828469669117646 0.16806449142156862 0.6562787224264706 0.8851677389705882 0.6376091452205882 0.8870825674019608
0 0.68212890625 0.20923330269607843 0.708697150735294 0.20923330269607843 0.6835650275735293 0.8794232536764706 0.6569967830882353 0.8822954963235293
0 0.7101332720588235 0.14317172181372548 0.757525275735294 0.1460439644607843 0.71875 0.8784658394607843 0.684283088235294 0.8813380821078431
0 0.757525275735294 0.16806449142156862 0.7927102481617646 0.16614966299019607 0.7481904871323529 0.877508425245098 0.7237764246323529 0.8765510110294117
0 0.7876838235294117 0.2580614276960784 0.811379825367647 0.2580614276960784 0.7740406709558822 0.8746361825980391 0.750344669117647 0.8755935968137254
0 0.8135340073529411 0.23795572916666666 0.8386661305147058 0.23795572916666666 0.7970186121323529 0.870806525735294 0.7733226102941176 0.8746361825980391
0 0.8401022518382353 0.23891314338235292 0.8681066176470588 0.23795572916666666 0.823586856617647 0.8669768688725489 0.799172794117647 0.8631472120098039
0 0.8831858915441175 0.19965916053921565 0.9255514705882353 0.20061657475490194 0.8573357077205882 0.870806525735294 0.8264590992647058 0.8698491115196078
