0 0.0006893382352941152 0.2743374693627451 0.019358915441176468 0.2772097120098039 0.021513097426470583 0.8976141237745098 0.0014073988970588203 0.9004863664215685
0 0.020795036764705878 0.27912454044117646 0.04879940257352941 0.28008195465686275 0.04592715992647059 0.8966567095588235 0.022949218749999993 0.8976141237745098
0 0.05023552389705882 0.28008195465686275 0.07536764705882353 0.28008195465686275 0.07536764705882353 0.8956992953431372 0.04592715992647059 0.898571537990196
0 0.07823988970588235 0.253274356617647 0.11127068014705882 0.25901884191176466 0.1083984375 0.8937844669117646 0.07680376838235294 0.898571537990196
0 0.11127068014705882 0.25710401348039214 0.13855698529411764 0.25710401348039214 0.13783892463235292 0.891869638480392 0.10911649816176469 0.8928270526960783
0 0.14071116727941174 0.1948720894607843 0.1715877757352941 0.20061657475490194 0.16656135110294115 0.891869638480392 0.13855698529411764 0.8937844669117646
0 0.1730238970588235 0.34710094975490197 0.19671989889705882 0.34710094975490197 0.19528377757352938 0.8880399816176471 0.16799747242647056 0.891869638480392
0 0.1974379595588235 0.34901577818627444 0.2204159007352941 0.3518880208333333 0.2211339613970588 0.8842103247549019 0.19528377757352938 0.8861251531862745
0 0.22472426470588236 0.35380284926470584 0.24913832720588236 0.35284543504901955 0.2469841452205882 0.8784658394607843 0.22328814338235292 0.8794232536764706
0 0.25057444852941174 0.33752680759803916 0.27570657169117646 0.340399050245098 0.27283432904411764 0.8765510110294117 0.24842026654411764 0.877508425245098
0 0.2764246323529412 0.2858264399509804 0.30442899816176466 0.2848690257352941 0.29724839154411764 0.8698491115196078 0.274270450367647 0.8727213541666666
0 0.3051470588235294 0.28678385416666663 0.3309972426470588 0.28678385416666663 0.3223805147058823 0.8765510110294117 0.2943761488970588 0.8765510110294117
0 0.3309972426470588 0.2858264399509804 0.3525390625 0.2858264399509804 0.3446403952205882 0.8736787683823528 0.3252527573529411 0.8736787683823528
0 0.35325712316176466 0.2848690257352941 0.3740808823529411 0.2858264399509804 0.36330997242647056 0.8736787683823528 0.3453584558823529 0.8755935968137254
0 0.37479894301470584 0.2848690257352941 0.3934685202205882 0.2877412683823529 0.38485179227941174 0.8736787683823528 0.3640280330882353 0.8736787683823528
0 0.39777688419117646 0.2848690257352941 0.4186006433823529 0.28678385416666663 0.4056755514705882 0.8727213541666666 0.3862879136029411 0.8736787683823528
0 0.4186006433823529 0.2858264399509804 0.4401424632352941 0.28678385416666663 0.42649931066176466 0.8688916973039215 0.408547794117647 0.870806525735294
0 0.44086052389705876 0.28678385416666663 0.45881204044117646 0.2877412683823529 0.445168887867647 0.8660194546568626 0.42649931066176466 0.8679342830882352
0 0.45881204044117646 0.2676355698529412 0.4832261029411764 0.2676355698529412 0.4659926470588235 0.8660194546568626 0.4473230698529411 0.8669768688725489
0 0.48178998161764697 0.2666781556372549 0.5018956801470588 0.2695503982843137 0.4882525275735293 0.8660194546568626 0.4674287683823529 0.8679342830882352
0 0.5018956801470588 0.27050781249999994 0.5270278033088235 0.27242264093137253 0.5126665900735293 0.8631472120098039 0.4911247702205882 0.8641046262254902
0 0.5334903492647058 0.26189108455882354 0.5571863511029411 0.26189108455882354 0.5413890165441176 0.8660194546568626 0.5155388327205882 0.8688916973039215
0 0.5579044117647058 0.26380591299019607 0.5816004136029411 0.2676355698529412 0.5665211397058824 0.8669768688725489 0.5449793198529411 0.8669768688725489
0 0.5823184742647058 0.2676355698529412 0.6031422334558824 0.2666781556372549 0.586626838235294 0.8631472120098039 0.5686753216911764 0.8660194546568626
0 0.6031422334558824 0.2877412683823529 0.6196576286764706 0.28869868259803916 0.6024241727941176 0.8612323835784313 0.5894990808823529 0.8612323835784313
0 0.6218118106617646 0.2858264399509804 0.6390452665441176 0.2877412683823529 0.6225298713235293 0.8574027267156862 0.6045783547794117 0.8583601409313725
0 0.6411994485294117 0.28965609681372545 0.6591509650735293 0.29061351102941174 0.6368910845588235 0.8516582414215685 0.623247931985294 0.8535730698529411
0 0.6627412683823529 0.2216796875 0.6936178768382353 0.22646675857843135 0.6785386029411764 0.8516582414215685 0.640481387867647 0.8526156556372548
0 0.6943359375 0.22646675857843135 0.733111213235294 0.23029641544117643 0.713723575367647 0.8478285845588235 0.6799747242647058 0.8478285845588235
0 0.7417279411764706 0.2666781556372549 0.7740406709558822 0.2666781556372549 0.7524988511029411 0.849743412990196 0.7151596966911764 0.8487859987745098
0 0.7769129136029411 0.27050781249999994 0.8056353400735293 0.27242264093137253 0.7826573988970588 0.8459137561274509 0.7532169117647058 0.8459137561274509
0 0.8120978860294117 0.20540364583333334 0.8314855238970588 0.20923330269607843 0.8041992187499999 0.8459137561274509 0.7848115808823529 0.8459137561274509
0 0.8336397058823529 0.20731847426470587 0.8530273437499999 0.20827588848039214 0.8257410386029411 0.8449563419117646 0.8056353400735293 0.8459137561274509
0 0.8537454044117646 0.2101907169117647 0.8702607996323529 0.21402037377450978 0.8415383731617646 0.8382544424019608 0.8278952205882353 0.8401692708333334
0 0.8688246783088235 0.27146522671568624 0.8889303768382353 0.27912454044117646 0.8659524356617646 0.8344247855392156 0.8436925551470588 0.8372970281862745
0 0.8932387408088235 0.27146522671568624 0.9169347426470588 0.27625229779411764 0.8910845588235293 0.8315525428921569 0.8681066176470588 0.8334673713235293
0 0.9226792279411764 0.23412607230392155 0.9427849264705882 0.23316865808823528 0.9111902573529411 0.8334673713235293 0.8925206801470588 0.8344247855392156
0 0.9420668658088235 0.23316865808823528 0.9614545036764706 0.23125382965686272 0.9320140165441175 0.8315525428921569 0.9126263786764706 0.8305951286764706
0 0.9621725643382352 0.23412607230392155 0.9786879595588234 0.23699831495098037 0.9499655330882352 0.8296377144607843 0.933450137867647 0.828680300245098
