0 0.002125459558823529 0.34327129289215685 0.02438534007352941 0.34327129289215685 0.13783892463235292 0.9368681066176471 0.11127068014705882 0.9387829350490194 0.0 0.3893229166666667
0 0.03156594669117647 0.3451861213235294 0.060288373161764705 0.3451861213235294 0.16009880514705882 0.9311236213235293 0.1364028033088235 0.9311236213235293
0 0.060288373161764705 0.34327129289215685 0.09475528492647058 0.340399050245098 0.18882123161764705 0.9397403492647057 0.16440716911764705 0.9416551776960783
0 0.09906364889705882 0.3451861213235294 0.14071116727941174 0.340399050245098 0.22328814338235292 0.9397403492647057 0.19025735294117646 0.9416551776960783
0 0.1435834099264706 0.34710094975490197 0.18810317095588233 0.3461435355392157 0.2591911764705882 0.940697763480392 0.22687844669117646 0.9464422487745097
0 0.18953929227941174 0.34805836397058826 0.2347771139705882 0.34422870710784315 0.2958122702205882 0.9445274203431372 0.26134535845588236 0.9454848345588235
0 0.23980353860294118 0.3633769914215686 0.2764246323529412 0.35954733455882354 0.3295611213235294 0.9426125919117646 0.2965303308823529 0.9445274203431372
0 0.2821691176470588 0.361462162990196 0.3180721507352941 0.3624195772058823 0.35828354779411764 0.9397403492647057 0.3295611213235294 0.9426125919117646
0 0.32453469669117646 0.3652918198529411 0.35828354779411764 0.361462162990196 0.3905962775735294 0.9397403492647057 0.36115579044117646 0.9397403492647057
0 0.36474609374999994 0.4265663296568627 0.3884420955882353 0.42465150122549017 0.40926585477941174 0.9464422487745097 0.3913143382352941 0.9464422487745097
0 0.3920323988970588 0.4284811580882353 0.4171645220588235 0.427523743872549 0.4293715533088235 0.9493144914215685 0.41142003676470584 0.9483570772058822
0 0.4157284007352941 0.3040173100490196 0.4415785845588235 0.30497472426470584 0.45019531249999994 0.947399662990196 0.4300896139705882 0.9483570772058822
0 0.445168887867647 0.30784696691176466 0.4738913143382353 0.3068895526960784 0.474609375 0.9454848345588235 0.45306755514705876 0.9493144914215685
0 0.48107192095588236 0.31071920955882354 0.5097943474264706 0.30593213848039214 0.4983053768382353 0.9426125919117646 0.47676355698529405 0.9493144914215685
0 0.51123046875 0.30593213848039214 0.53564453125 0.3040173100490196 0.5227194393382353 0.9493144914215685 0.501177619485294 0.9541015625
0 0.5392348345588235 0.35667509191176466 0.5880629595588235 0.35667509191176466 0.5607766544117647 0.9445274203431372 0.5241555606617647 0.9531441482843137
0 0.5995519301470588 0.35763250612745096 0.647661994485294 0.35858992034313725 0.603860294117647 0.9464422487745097 0.5665211397058824 0.9483570772058822
0 0.6519703584558824 0.34901577818627444 0.696490119485294 0.34901577818627444 0.6383272058823529 0.9464422487745097 0.6081686580882353 0.9464422487745097
0 0.6979262408088235 0.34805836397058826 0.7431640625 0.34901577818627444 0.6735121783088235 0.9483570772058822 0.6411994485294117 0.9483570772058822
0 0.7510627297794117 0.34805836397058826 0.7912741268382353 0.34805836397058826 0.7108513327205882 0.9493144914215685 0.6749482996323529 0.947399662990196
0 0.7905560661764706 0.40837545955882354 0.8207146139705882 0.4131625306372549 0.7374195772058822 0.9531441482843137 0.7158777573529411 0.9531441482843137
0 0.823586856617647 0.4131625306372549 0.8515912224264706 0.4131625306372549 0.7632697610294117 0.9493144914215685 0.7431640625 0.9493144914215685
0 0.8630801930147058 0.33752680759803916 0.9068818933823529 0.33944163602941174 0.8156881893382353 0.9502719056372548 0.7805032169117646 0.9502719056372548
0 0.9119083180147058 0.34231387867647056 0.9600183823529411 0.33848422181372545 0.8508731617647058 0.9550589767156862 0.8171243106617646 0.9502719056372548
