0 0.006433823529411763 0.17859604779411764 0.05167164522058823 0.18434053308823528 0.06316061580882353 0.9043160232843137 0.017922794117647058 0.9062308517156862
0 0.05310776654411764 0.18529794730392157 0.08829273897058823 0.19008501838235292 0.09116498161764705 0.9091030943627451 0.06316061580882353 0.9071882659313725
0 0.09116498161764705 0.14029947916666666 0.11486098345588233 0.14412913602941177 0.10983455882352941 0.9177198223039215 0.09188304227941176 0.9158049938725489
0 0.11486098345588233 0.15274586397058823 0.14286534926470587 0.1537032781862745 0.13855698529411764 0.9158049938725489 0.11342486213235292 0.9158049938725489
0 0.1471737132352941 0.17380897671568626 0.1708697150735294 0.1757238051470588 0.16225298713235292 0.919634650735294 0.14142922794117646 0.9186772365196078
0 0.1715877757352941 0.15849034926470587 0.21754365808823528 0.15849034926470587 0.20749080882352938 0.9215494791666666 0.16584329044117646 0.9129327512254902
0 0.22616038602941174 0.19582950367647056 0.2541647518382353 0.1987017463235294 0.2347771139705882 0.9282513786764706 0.2082088694852941 0.9234643075980391
0 0.2541647518382353 0.2398705575980392 0.2821691176470588 0.24082797181372548 0.26062729779411764 0.9272939644607843 0.23693129595588236 0.9272939644607843
0 0.286477481617647 0.17380897671568626 0.310891544117647 0.17380897671568626 0.286477481617647 0.9330384497549019 0.26062729779411764 0.930166207107843
0 0.31160960477941174 0.19965916053921565 0.35325712316176466 0.2025314031862745 0.32166245404411764 0.9368681066176471 0.28791360294117646 0.9349532781862745
0 0.3554113051470588 0.16902190563725492 0.38916015624999994 0.1718941482843137 0.3539751838235294 0.9416551776960783 0.3223805147058823 0.9387829350490194
0 0.38485179227941174 0.27816712622549017 0.4186006433823529 0.2819967830882353 0.38556985294117646 0.9416551776960783 0.35325712316176466 0.9397403492647057
0 0.42649931066176466 0.17763863357843135 0.48466222426470584 0.18146829044117643 0.43798828124999994 0.9541015625 0.3862879136029411 0.9512293198529411
0 0.48968864889705876 0.17859604779411764 0.518411075367647 0.1805108762254902 0.4659926470588235 0.9598460477941176 0.44086052389705876 0.9579312193627451
0 0.5198471966911764 0.1805108762254902 0.5780101102941176 0.18721277573529413 0.5205652573529411 0.9655905330882352 0.4667107077205882 0.9608034620098039
0 0.5729836856617646 0.3135914522058823 0.6411994485294117 0.32316559436274506 0.5880629595588235 0.9732498468137254 0.525591681985294 0.9617608762254902
0 0.6519703584558824 0.19295726102941177 0.6972081801470588 0.19678691789215685 0.6268382352941176 0.9761220894607843 0.5902171415441176 0.9694201899509803
0 0.7000804227941176 0.19008501838235292 0.73095703125 0.19199984681372548 0.6569967830882353 0.9770795036764706 0.6318646599264706 0.9722924325980391
0 0.7338292738970588 0.19199984681372548 0.7611155790441176 0.19199984681372548 0.6814108455882353 0.9770795036764706 0.6591509650735293 0.975164675245098
0 0.7596794577205882 0.2398705575980392 0.786965762867647 0.24465762867647056 0.7094152113970588 0.9818665747549019 0.68212890625 0.9770795036764706
0 0.794146369485294 0.16997931985294115 0.848000919117647 0.1795534620098039 0.7524988511029411 0.9837814031862745 0.713723575367647 0.9809091605392156
0 0.8465647977941175 0.20061657475490194 0.8839039522058822 0.20540364583333334 0.7862477022058822 0.9866536458333334 0.7546530330882353 0.9818665747549019
0 0.8745691636029411 0.30593213848039214 0.9025735294117646 0.30880438112745096 0.8149701286764706 0.9904833026960783 0.7876838235294117 0.9856962316176471
0 0.9075999540441175 0.2839116115196078 0.9377585018382352 0.29061351102941174 0.8444106158088235 0.9904833026960783 0.8156881893382353 0.9856962316176471
0 0.9384765624999999 0.2877412683823529 0.9715073529411764 0.29444316789215685 0.8731330422794117 0.9971852022058822 0.8451286764705882 0.9923981311274509
