0 0.003561580882352939 0.4686925551470588 0.14214728860294115 0.9014437806372548 0.12132352941176469 0.9004863664215685 0.0 0.5403645833333334
0 0.002125459558823529 0.3777382046568627 0.16368910845588233 0.8995289522058822 0.14214728860294115 0.9014437806372548 0.0006893382352941152 0.44475719975490197
0 0.025103400735294115 0.43614047181372545 0.04736328125 0.438055300245098 0.17948644301470587 0.8995289522058822 0.16297104779411764 0.8995289522058822
0 0.04879940257352941 0.438055300245098 0.06244255514705882 0.43614047181372545 0.1960018382352941 0.9004863664215685 0.17948644301470587 0.9004863664215685
0 0.06890510110294117 0.4323108149509804 0.10552619485294118 0.4323108149509804 0.2218520220588235 0.898571537990196 0.19528377757352938 0.9024011948529411
0 0.1083984375 0.4323108149509804 0.14214728860294115 0.4313534007352941 0.24913832720588236 0.8947418811274509 0.22257008272058823 0.8947418811274509
0 0.1313763786764706 0.3777382046568627 0.16799747242647056 0.37582337622549017 0.2764246323529412 0.8966567095588235 0.25057444852941174 0.8966567095588235
0 0.17230583639705882 0.37582337622549017 0.20892693014705882 0.37582337622549017 0.3051470588235294 0.8966567095588235 0.28001493566176466 0.8947418811274509
0 0.21395335477941174 0.3719937193627451 0.25560087316176466 0.3672066482843137 0.3396139705882353 0.898571537990196 0.3065831801470588 0.8995289522058822
0 0.2591911764705882 0.3672066482843137 0.29940257352941174 0.3672066482843137 0.3740808823529411 0.8956992953431372 0.34105009191176466 0.8995289522058822
0 0.31376378676470584 0.427523743872549 0.33817784926470584 0.4284811580882353 0.3920323988970588 0.8966567095588235 0.37551700367647056 0.8947418811274509
0 0.34033203125 0.4236940870098039 0.3640280330882353 0.427523743872549 0.4107019761029411 0.8947418811274509 0.3934685202205882 0.8928270526960783
0 0.3539751838235294 0.2561465992647059 0.39490464154411764 0.25710401348039214 0.4430147058823529 0.8947418811274509 0.41213809742647056 0.8937844669117646
0 0.39993106617647056 0.24848728553921565 0.44086052389705876 0.2561465992647059 0.4717371323529411 0.8956992953431372 0.44588694852941174 0.8928270526960783
0 0.45306755514705876 0.36050474877450983 0.4796357996323529 0.35954733455882354 0.49758731617647056 0.8909122242647057 0.47748161764705876 0.8899548100490194
0 0.48681640625 0.35667509191176466 0.5191291360294117 0.35667509191176466 0.518411075367647 0.8937844669117646 0.49758731617647056 0.8947418811274509
0 0.5212833180147058 0.4045458026960784 0.5751378676470588 0.4045458026960784 0.5607766544117647 0.8899548100490194 0.5248736213235293 0.8928270526960783
0 0.58447265625 0.23029641544117643 0.6268382352941176 0.23412607230392155 0.5952435661764706 0.8880399816176471 0.5658030790441176 0.8880399816176471
0 0.628274356617647 0.3155062806372549 0.6878733915441176 0.3164636948529412 0.63330078125 0.8880399816176471 0.5973977481617646 0.8870825674019608
0 0.6907456341911764 0.3183785232843137 0.750344669117647 0.3183785232843137 0.6749482996323529 0.8889973958333334 0.6340188419117646 0.8889973958333334
0 0.7417279411764706 0.40263097426470584 0.7797851562499999 0.40358838848039214 0.7043887867647058 0.8909122242647057 0.6792566636029411 0.8880399816176471
0 0.7826573988970588 0.4150773590686274 0.8171243106617646 0.410290287990196 0.7295209099264706 0.891869638480392 0.7072610294117646 0.8889973958333334
0 0.8372300091911764 0.34997319240196073 0.8867761948529411 0.34901577818627444 0.7682961856617646 0.8880399816176471 0.7367015165441176 0.8880399816176471
0 0.8932387408088235 0.34231387867647056 0.9420668658088235 0.3451861213235294 0.8034811580882353 0.8899548100490194 0.7726045496323529 0.8899548100490194
0 0.933450137867647 0.4217792585784313 0.957864200367647 0.4217792585784313 0.818560431985294 0.8889973958333334 0.806353400735294 0.8832529105392156
