0 0.02725758272058823 0.03306908700980392 0.06387867647058823 0.038813572303921566 0.08901079963235294 0.9215494791666666 0.056698069852941166 0.9234643075980391
0 0.06962316176470587 0.11732153799019607 0.10480813419117646 0.12115119485294117 0.11701516544117646 0.9234643075980391 0.09044692095588235 0.9234643075980391
0 0.10911649816176469 0.06083409926470588 0.16584329044117646 0.06657858455882353 0.1701516544117647 0.9244217218137254 0.12347771139705882 0.919634650735294
0 0.1701516544117647 0.19678691789215685 0.23118681066176466 0.2015739889705882 0.22903262867647056 0.9244217218137254 0.17948644301470587 0.9225068933823528
0 0.23836741727941174 0.1910424325980392 0.27570657169117646 0.1948720894607843 0.2663717830882353 0.9292087928921569 0.2326229319852941 0.9253791360294117
0 0.27714269301470584 0.12593826593137256 0.34105009191176466 0.1307253370098039 0.3195082720588235 0.9292087928921569 0.2699620863970588 0.9225068933823528
0 0.3424862132352941 0.15466069240196076 0.3690544577205882 0.15944776348039216 0.3453584558823529 0.9330384497549019 0.323098575367647 0.9330384497549019
0 0.3690544577205882 0.1613625919117647 0.39705882352941174 0.16519224877450978 0.3683363970588235 0.9359106924019608 0.3453584558823529 0.9359106924019608
0 0.39777688419117646 0.1718941482843137 0.4322437959558823 0.17380897671568626 0.40136718749999994 0.9378255208333334 0.3697725183823529 0.9330384497549019
0 0.4351160386029411 0.1718941482843137 0.47245519301470584 0.1757238051470588 0.43367991727941174 0.940697763480392 0.4049574908088235 0.9416551776960783
0 0.4760454963235293 0.23029641544117643 0.5198471966911764 0.23412607230392155 0.4781996783088235 0.9464422487745097 0.43655215992647056 0.9454848345588235
0 0.5205652573529411 0.28965609681372545 0.5521599264705882 0.2925283394607843 0.5119485294117647 0.9493144914215685 0.4875344669117647 0.9493144914215685
0 0.562212775735294 0.18721277573529413 0.5894990808823529 0.1910424325980392 0.5392348345588235 0.9531441482843137 0.5191291360294117 0.9541015625
0 0.5930893841911764 0.2293390012254902 0.62109375 0.23316865808823528 0.5701114430147058 0.9550589767156862 0.5464154411764706 0.9569738051470588
0 0.6289924172794117 0.19774433210784312 0.684283088235294 0.2034888174019608 0.6246840533088235 0.9608034620098039 0.574419806985294 0.9579312193627451
0 0.6871553308823529 0.24082797181372548 0.725930606617647 0.242742800245098 0.6641773897058822 0.9627182904411763 0.63330078125 0.9608034620098039
0 0.733111213235294 0.2130629595588235 0.7726045496323529 0.21497778799019607 0.6993623621323529 0.9646331188725489 0.6684857536764706 0.9627182904411763
0 0.7726045496323529 0.2542317708333333 0.8099437040441176 0.25710401348039214 0.7316750919117646 0.9665479473039215 0.7029526654411764 0.9627182904411763
0 0.8171243106617646 0.2207222732843137 0.848000919117647 0.22646675857843135 0.7596794577205882 0.968462775735294 0.7338292738970588 0.968462775735294
0 0.8530273437499999 0.2283815870098039 0.8803136488970588 0.23125382965686272 0.7862477022058822 0.9732498468137254 0.7611155790441176 0.9713350183823528
0 0.8824678308823529 0.23029641544117643 0.9147805606617646 0.23508348651960784 0.818560431985294 0.9732498468137254 0.7905560661764706 0.9713350183823528
0 0.9183708639705882 0.23412607230392155 0.945657169117647 0.2398705575980392 0.8415383731617646 0.9770795036764706 0.8207146139705882 0.9770795036764706
0 0.9478113511029411 0.23699831495098037 0.9851505055147058 0.24082797181372548 0.8738511029411764 0.9818665747549019 0.8422564338235293 0.9799517463235293
0 0.9736615349264706 0.32316559436274506 0.9987936580882353 0.3260378370098039 0.9987936580882353 0.5146484374999999 0.9198069852941175 0.9828239889705882 0.8767233455882353 0.9809091605392156
