0 0.0006893382352941152 0.0005170036764705876 0.048081341911764705 0.001474417892156862 0.13999310661764705 0.8842103247549019 0.07752182904411764 0.8870825674019608 0.0 0.2197265625
0 0.058852251838235295 0.085726868872549 0.08613855698529412 0.085726868872549 0.16368910845588233 0.8889973958333334 0.14430147058823528 0.8889973958333334
0 0.08398437499999999 0.07615272671568626 0.11342486213235292 0.07232306985294117 0.19025735294117646 0.8947418811274509 0.16656135110294115 0.8909122242647057
0 0.1313763786764706 0.07711014093137254 0.18666704963235292 0.07615272671568626 0.24842026654411764 0.8889973958333334 0.19887408088235292 0.8928270526960783
0 0.21036305147058823 0.11444929534313725 0.26708984375 0.11444929534313725 0.3058651194852941 0.8727213541666666 0.26062729779411764 0.8746361825980391
0 0.27283432904411764 0.1125344669117647 0.323098575367647 0.1125344669117647 0.3554113051470588 0.8660194546568626 0.31160960477941174 0.8688916973039215
0 0.3331514246323529 0.18625536151960784 0.3676183363970588 0.18721277573529413 0.3905962775735294 0.8621897977941176 0.3590016084558823 0.8631472120098039
0 0.3669002757352941 0.18146829044117643 0.4063936121323529 0.18146829044117643 0.4308076746323529 0.8822954963235293 0.3941865808823529 0.8803806678921569
0 0.4063936121323529 0.17476639093137256 0.45019531249999994 0.17380897671568626 0.47245519301470584 0.8794232536764706 0.4322437959558823 0.8784658394607843
0 0.457375919117647 0.1795534620098039 0.48968864889705876 0.1757238051470588 0.5047679227941176 0.8794232536764706 0.4753274356617647 0.8794232536764706
0 0.4961511948529411 0.10583256740196077 0.5385167738970588 0.10296032475490195 0.5421070772058824 0.8861251531862745 0.5069221047794117 0.8803806678921569
0 0.5406709558823529 0.2034888174019608 0.5780101102941176 0.19774433210784312 0.5801642922794117 0.8851677389705882 0.5456973805147058 0.8851677389705882
0 0.58447265625 0.19678691789215685 0.6218118106617646 0.1987017463235294 0.6175034466911764 0.8889973958333334 0.5801642922794117 0.8870825674019608
0 0.6239659926470588 0.19582950367647056 0.6634593290441176 0.19582950367647056 0.6555606617647058 0.8947418811274509 0.6203756893382353 0.891869638480392
0 0.677102481617647 0.07998238357843136 0.7230583639705882 0.0790249693627451 0.7036707261029411 0.9014437806372548 0.6670496323529411 0.9024011948529411
0 0.7280847886029411 0.08189721200980392 0.7682961856617646 0.08093979779411764 0.7474724264705882 0.9062308517156862 0.713723575367647 0.9062308517156862
0 0.7711684283088235 0.06849341299019608 0.8350758272058822 0.061791513480392156 0.8034811580882353 0.9043160232843137 0.750344669117647 0.9062308517156862
0 0.8329216452205882 0.14508655024509803 0.8716969209558822 0.14508655024509803 0.8372300091911764 0.9100605085784313 0.8041992187499999 0.9071882659313725
0 0.884622012867647 0.0560470281862745 0.9104721966911764 0.05317478553921568 0.8688246783088235 0.9129327512254902 0.8422564338235293 0.9138901654411763
0 0.909036075367647 0.16710707720588233 0.9470932904411764 0.16902190563725492 0.9018554687499999 0.9148475796568626 0.8709788602941175 0.9148475796568626
0 0.9492474724264706 0.16902190563725492 0.9865866268382353 0.16806449142156862 0.9356043198529411 0.9158049938725489 0.9018554687499999 0.9148475796568626
