0 0.032948369565217406 0.925300045289855 0.0011039402173913249 0.922469429347826 0.0011039402173913249 0.8587805706521738 0.0011039402173913249 0.6634680706521738
0 0.03719429347826089 0.9281306612318841 0.069038722826087 0.9323765851449276 0.0021654211956521896 0.35493093297101447 0.0011039402173913249 0.6592221467391304
0 0.004288383152173947 0.027994791666666703 0.10937500000000003 0.9465296648550724 0.07116168478260873 0.945114356884058 0.0011039402173913249 0.3478543931159421
0 0.052055027173913054 0.18226336050724637 0.12848165760869565 0.9139775815217391 0.16351052989130435 0.919638813405797 0.09239130434782614 0.1794327445652174
0 0.09132982336956522 0.1808480525362319 0.12317425271739132 0.1836786684782609 0.191109035326087 0.9309612771739131 0.16457201086956522 0.925300045289855
0 0.12211277173913046 0.18650928442028988 0.19535495923913046 0.9295459692028986 0.23038383152173916 0.933791893115942 0.16457201086956522 0.18650928442028988
0 0.1560801630434783 0.09309895833333337 0.23144531250000003 0.9592674365942028 0.2611667798913043 0.9677592844202899 0.19535495923913046 0.09309895833333337
0 0.18898607336956522 0.03931725543478265 0.26010529891304346 0.9705899003623188 0.29407269021739124 0.9889889039855072 0.2325067934782609 0.04356317934782613
0 0.239937160326087 0.17518682065217395 0.2898267663043479 0.17518682065217395 0.33653192934782605 0.9946501358695653 0.2961956521739131 0.9861582880434782
0 0.29088824728260865 0.15112658514492758 0.3407778532608695 0.9974807518115942 0.3779296875 0.9988960597826088 0.33971637228260865 0.15254189311594207
0 0.3386548913043478 0.030825407608695694 0.38005264945652173 0.9974807518115942 0.41614300271739124 0.9960654438405797 0.3811141304347826 0.03224071557971019
0 0.3864215353260869 0.16952558876811596 0.4150108466025676 0.9996744791666666 0.4724014945652174 0.9996744791666666 0.45011039402173914 0.16952558876811596
0 0.45223335597826086 0.16952558876811596 0.4817310322868388 0.9996744791666666 0.5254755434782609 0.9996744791666666 0.5021229619565217 0.16811028079710147
0 0.5010614809782609 0.0478091032608696 0.5222911005434783 0.9988960597826088 0.5445822010869565 0.9988960597826088 0.5212296195652174 0.0492244112318841
0 0.5233525815217391 0.01808763586956526 0.5444771190388934 0.9996744791666666 0.5955332880434783 0.9996744791666666 0.5817340353260869 0.012426403985507288
0 0.5902258831521738 0.17660212862318844 0.653914741847826 0.17094089673913046 0.6496793061625065 0.9996744791666666 0.5944718070652174 0.9996744791666666
0 0.6581606657608695 0.07328464673913047 0.6518251729859091 0.9996744791666666 0.6889436141304347 0.9974807518115942 0.6984969429347826 0.07045403079710148
0 0.6995584239130435 0.2884114583333333 0.744140625 0.2855808423913044 0.7335979039846157 0.9996744791666666 0.6878821331521738 0.9996744791666666
0 0.7452021059782609 0.16244904891304351 0.7314133425576986 0.9996744791666669 0.7685546875 0.9988960597826088 0.7897843070652174 0.16811028079710147
0 0.7876613451086956 0.17377151268115942 0.7718056994210473 0.9996744791666666 0.8067680027173914 0.9988960597826088 0.8364894701086956 0.16952558876811596
0 0.8375509510869565 0.163864356884058 0.8068434001416074 0.9996744791666666 0.8449813179347825 0.9996744791666666 0.8778872282608696 0.15961843297101455
0 0.8821331521739131 0.16244904891304351 0.8471309065678704 0.9996744791666669 0.8938094429347825 0.9996744791666666 0.9341457201086956 0.15820312500000003
