0 0.0006893382352941152 0.07615272671568626 0.017204733455882353 0.07328048406862744 0.12850413602941174 0.8947418811274509 0.09619140624999999 0.8928270526960783 0.0006893382352941152 0.18529794730392157
0 0.030129825367647058 0.11732153799019607 0.046645220588235295 0.11540670955882353 0.15076401654411764 0.8947418811274509 0.1335305606617647 0.8947418811274509
0 0.07752182904411764 0.1987017463235294 0.11773322610294118 0.19199984681372548 0.1960018382352941 0.8861251531862745 0.15650850183823528 0.8880399816176471
0 0.11342486213235292 0.09721583946078431 0.1572265625 0.09530101102941176 0.23549517463235292 0.8861251531862745 0.19815602022058823 0.8861251531862745
0 0.16009880514705882 0.07806755514705882 0.1945657169117647 0.0790249693627451 0.26708984375 0.8861251531862745 0.23621323529411764 0.8870825674019608
0 0.2096449908088235 0.14412913602941177 0.24985638786764702 0.1383846507352941 0.3073012408088235 0.8861251531862745 0.2713982077205882 0.8861251531862745
0 0.26278147977941174 0.19295726102941177 0.2929400275735294 0.18912760416666666 0.33817784926470584 0.8909122242647057 0.3101734834558823 0.8899548100490194
0 0.28934972426470584 0.07328048406862744 0.32453469669117646 0.0713656556372549 0.37336282169117646 0.8889973958333334 0.3396139705882353 0.891869638480392
0 0.33674172794117646 0.22263710171568626 0.3783892463235294 0.21880744485294115 0.41142003676470584 0.8889973958333334 0.37264476102941174 0.8899548100490194
0 0.3805434283088235 0.21880744485294115 0.42649931066176466 0.21880744485294115 0.45091337316176466 0.8947418811274509 0.41357421874999994 0.8937844669117646
0 0.42865349264705876 0.21976485906862744 0.4738913143382353 0.21785003063725486 0.49327895220588236 0.891869638480392 0.4537856158088235 0.8880399816176471
0 0.48178998161764697 0.21785003063725486 0.5342084099264706 0.21689261642156862 0.5406709558823529 0.8937844669117646 0.49399701286764697 0.8937844669117646
0 0.5349264705882353 0.17380897671568626 0.5873448988970588 0.17093673406862744 0.5859087775735293 0.898571537990196 0.5406709558823529 0.8947418811274509
0 0.5873448988970588 0.19582950367647056 0.6426355698529411 0.19295726102941177 0.63330078125 0.8995289522058822 0.5909352022058824 0.8956992953431372
0 0.6469439338235293 0.193914675245098 0.7000804227941176 0.193914675245098 0.6785386029411764 0.8995289522058822 0.63330078125 0.8976141237745098
0 0.7122874540441176 0.11444929534313725 0.7539349724264706 0.11349188112745097 0.7165958180147058 0.9052734375 0.6785386029411764 0.8976141237745098
0 0.7568072150735293 0.11827895220588235 0.7876838235294117 0.11827895220588235 0.7460363051470588 0.9014437806372548 0.7201861213235293 0.8995289522058822
0 0.7919921874999999 0.19295726102941177 0.8286132812499999 0.1948720894607843 0.7826573988970588 0.8995289522058822 0.750344669117647 0.8966567095588235
0 0.8257410386029411 0.29444316789215685 0.8616440716911764 0.29444316789215685 0.8171243106617646 0.898571537990196 0.786965762867647 0.898571537990196
0 0.8788775275735293 0.193914675245098 0.9327320772058822 0.1910424325980392 0.8666704963235293 0.9024011948529411 0.8178423713235293 0.8966567095588235
