0 0.004279641544117644 0.19295726102941177 0.037310431985294115 0.19008501838235292 0.02869370404411764 0.9081456801470588 0.0 0.90625
0 0.03946461397058823 0.09530101102941176 0.061724494485294115 0.09147135416666667 0.05023552389705882 0.9138901654411763 0.02869370404411764 0.9110179227941176
0 0.06244255514705882 0.18817018995098037 0.0976275275735294 0.18721277573529413 0.08901079963235294 0.9186772365196078 0.050953584558823525 0.9167624080882352
0 0.10265395220588233 0.12019378063725489 0.13783892463235292 0.11732153799019607 0.1227596507352941 0.926336550245098 0.08901079963235294 0.9234643075980391
0 0.1471737132352941 0.07423789828431372 0.1852309283088235 0.0713656556372549 0.16656135110294115 0.9320810355392156 0.12634995404411764 0.9292087928921569
0 0.1837948069852941 0.17380897671568626 0.2211339613970588 0.17380897671568626 0.20318244485294115 0.9387829350490194 0.16871553308823528 0.9368681066176471
0 0.22544232536764702 0.17093673406862744 0.26780790441176466 0.16997931985294115 0.24913832720588236 0.9454848345588235 0.20749080882352938 0.9397403492647057
0 0.26780790441176466 0.183383118872549 0.2950942095588235 0.17668121936274508 0.2785788143382353 0.9435700061274509 0.2520105698529412 0.940697763480392
0 0.2965303308823529 0.17668121936274508 0.3252527573529411 0.17476639093137256 0.3058651194852941 0.9512293198529411 0.2785788143382353 0.9464422487745097
0 0.335305606617647 0.16614966299019607 0.37264476102941174 0.1642348345588235 0.3546932444852941 0.9541015625 0.31376378676470584 0.9483570772058822
0 0.37479894301470584 0.15753293504901958 0.41357421874999994 0.15657552083333331 0.39921300551470584 0.9560163909313725 0.35828354779411764 0.9512293198529411
0 0.41931870404411764 0.1642348345588235 0.4516314338235294 0.16710707720588233 0.432961856617647 0.9598460477941176 0.39993106617647056 0.9560163909313725
0 0.4595301011029411 0.05317478553921568 0.49758731617647056 0.04934512867647058 0.47748161764705876 0.9627182904411763 0.4372702205882353 0.9588886335784313
0 0.5004595588235293 0.15561810661764705 0.537798713235294 0.15274586397058823 0.5198471966911764 0.9665479473039215 0.48035386029411764 0.9617608762254902
0 0.5406709558823529 0.1642348345588235 0.5801642922794117 0.16232000612745098 0.5679572610294117 0.9665479473039215 0.5248736213235293 0.9617608762254902
0 0.5887810202205882 0.05508961397058823 0.6347369025735293 0.05317478553921568 0.6167853860294117 0.9636757046568626 0.5693933823529411 0.9598460477941176
0 0.6490981158088235 0.035941329656862746 0.6972081801470588 0.03689874387254902 0.6727941176470588 0.9713350183823528 0.6254021139705882 0.968462775735294
0 0.6993623621323529 0.14412913602941177 0.7316750919117646 0.14317172181372548 0.7094152113970588 0.9722924325980391 0.6763844209558822 0.9675053615196078
0 0.7316750919117646 0.24082797181372548 0.7582433363970588 0.23699831495098037 0.7402918198529411 0.9761220894607843 0.7101332720588235 0.9732498468137254
0 0.7589613970588235 0.24178538602941177 0.7970186121323529 0.24178538602941177 0.7833754595588235 0.9780369178921569 0.7510627297794117 0.975164675245098
0 0.8077895220588235 0.027324601715686275 0.8537454044117646 0.023494944852941176 0.8422564338235293 0.9856962316176471 0.7898380055147058 0.978994332107843
0 0.8623621323529411 0.05700444240196078 0.9054457720588235 0.05413219975490196 0.8939568014705882 0.9876110600490194 0.8487189797794117 0.9837814031862745
0 0.9104721966911764 0.01775045955882353 0.9470932904411764 0.011048560049019607 0.9442210477941175 0.9914407169117646 0.9025735294117646 0.9876110600490194
