0 0.004279641544117644 0.29348575367647056 0.04520909926470587 0.2925283394607843 0.139892578125 0.9996744791666666 0.099609375 0.9996744791666666
0 0.020076976102941173 0.06753599877450979 0.06531479779411764 0.06466375612745097 0.17805032169117646 0.9981426164215685 0.14214728860294115 0.9981426164215685
0 0.07034122242647058 0.06657858455882353 0.11629710477941174 0.06562117034313725 0.224365234375 0.9996744791666666 0.17876838235294115 0.996227787990196
0 0.1608168658088235 0.27816712622549017 0.20605468749999997 0.27529488357843135 0.27786075367647056 0.996227787990196 0.239501953125 0.9996744791666666
0 0.21036305147058823 0.27912454044117646 0.24052159926470584 0.2772097120098039 0.3080193014705882 0.9971852022058822 0.2807329963235294 0.9981426164215685
0 0.24123965992647056 0.27625229779411764 0.2936580882352941 0.27242264093137253 0.3561293658088235 0.9876110600490194 0.3065831801470588 0.996227787990196
0 0.2886316636029412 0.19199984681372548 0.3331514246323529 0.18529794730392157 0.39453125 0.9996744791666666 0.357421875 0.9996744791666666
0 0.3345875459558823 0.1460439644607843 0.3791073069852941 0.13742723651960784 0.434326171875 0.9996744791666666 0.3955078125 0.9996744791666666
0 0.38772403492647056 0.2647633272058823 0.4293715533088235 0.2628484987745098 0.47245519301470584 0.9981426164215685 0.4384765625 0.9996744791666666
0 0.43439797794117646 0.23795572916666666 0.48107192095588236 0.23604090073529407 0.513916015625 0.9996744791666666 0.4760454963235293 0.9991000306372548
0 0.4875344669117647 0.13359757965686272 0.5270278033088235 0.13264016544117646 0.5514418658088235 0.9991000306372548 0.518411075367647 0.9971852022058822
0 0.5320542279411764 0.2551891850490196 0.5837545955882353 0.2513595281862745 0.603515625 0.9996744791666666 0.55712890625 0.9996744791666666
0 0.586626838235294 0.2551891850490196 0.6261201746323529 0.2513595281862745 0.6505342371323529 0.9991000306372548 0.6153492647058824 0.9971852022058822
0 0.6311465992647058 0.1460439644607843 0.6498161764705882 0.14508655024509803 0.6677676930147058 0.996227787990196 0.652688419117647 0.9991000306372548
0 0.652688419117647 0.12210860906862743 0.6979262408088235 0.11636412377450979 0.7099609375 0.9996744791666666 0.667724609375 0.9996744791666666
0 0.7079790900735293 0.24944469975490194 0.7510627297794117 0.24561504289215685 0.7553710937499999 0.9818665747549019 0.7173138786764706 0.9866536458333334
0 0.7510627297794117 0.16232000612745098 0.7840935202205882 0.16040517769607843 0.7840935202205882 0.9627182904411763 0.7553710937499999 0.9655905330882352
0 0.786965762867647 0.3356119791666667 0.8171243106617646 0.3346545649509804 0.8164062499999999 0.9512293198529411 0.7862477022058822 0.9512293198529411
0 0.8156881893382353 0.23699831495098037 0.8436925551470588 0.23508348651960784 0.8444106158088235 0.940697763480392 0.8171243106617646 0.9426125919117646
0 0.8530273437499999 0.24082797181372548 0.8889303768382353 0.23795572916666666 0.8767233455882353 0.9445274203431372 0.8465647977941175 0.9435700061274509
0 0.8896484374999999 0.232211243872549 0.9205250459558822 0.2293390012254902 0.9068818933823529 0.9426125919117646 0.8788775275735293 0.9435700061274509
0 0.9205250459558822 0.2293390012254902 0.9571461397058822 0.22263710171568626 0.9420668658088235 0.9435700061274509 0.9075999540441175 0.9435700061274509
