0 0.0014073988970588203 0.018707873774509803 0.03515624999999999 0.02062270220588235 0.10121783088235292 0.9033586090686274 0.0595703125 0.9081456801470588
0 0.04377297794117646 0.031154258578431373 0.08183019301470587 0.02923943014705882 0.1364028033088235 0.9014437806372548 0.10265395220588233 0.9014437806372548
0 0.08901079963235294 0.07519531249999999 0.13712086397058823 0.07519531249999999 0.17948644301470587 0.9004863664215685 0.13783892463235292 0.9014437806372548
0 0.13712086397058823 0.07519531249999999 0.18810317095588233 0.07519531249999999 0.22400620404411764 0.9052734375 0.1823586856617647 0.9052734375
0 0.19097541360294115 0.15178844975490194 0.22903262867647056 0.15083103553921567 0.26134535845588236 0.9052734375 0.22472426470588236 0.9052734375
0 0.22831456801470584 0.06849341299019608 0.2692440257352941 0.0713656556372549 0.2943761488970588 0.9100605085784313 0.262063419117647 0.9071882659313725
0 0.2692440257352941 0.06753599877450979 0.3087373621323529 0.06466375612745097 0.34033203125 0.9138901654411763 0.2950942095588235 0.9129327512254902
0 0.32381663602941174 0.1316827512254902 0.41357421874999994 0.12881050857843138 0.420754825367647 0.9119753370098039 0.3496668198529411 0.9110179227941176
0 0.4157284007352941 0.028282015931372546 0.45019531249999994 0.027324601715686275 0.4595301011029411 0.9100605085784313 0.42362706801470584 0.9138901654411763
0 0.4494772518382353 0.15178844975490194 0.513384650735294 0.1537032781862745 0.5155388327205882 0.9014437806372548 0.4616842830882353 0.8995289522058822
0 0.518411075367647 0.04647288602941176 0.550005744485294 0.044558057598039214 0.5507238051470588 0.9330384497549019 0.5191291360294117 0.9320810355392156
0 0.5535960477941176 0.0560470281862745 0.591653262867647 0.0560470281862745 0.5830365349264706 0.9311236213235293 0.5492876838235293 0.9320810355392156
0 0.5981158088235293 0.061791513480392156 0.672076056985294 0.05987668504901961 0.6562787224264706 0.9349532781862745 0.586626838235294 0.9311236213235293
0 0.6799747242647058 0.021580116421568624 0.713723575367647 0.0225375306372549 0.6900275735294117 0.940697763480392 0.6620232077205882 0.9359106924019608
0 0.7165958180147058 0.023494944852941176 0.7826573988970588 0.0225375306372549 0.7510627297794117 0.940697763480392 0.6928998161764706 0.9397403492647057
0 0.7826573988970588 0.12785309436274508 0.8393841911764706 0.12881050857843138 0.8041992187499999 0.9464422487745097 0.7510627297794117 0.9416551776960783
0 0.8408203124999999 0.012963388480392156 0.9320140165441175 0.008176317401960785 0.8774414062499999 0.9426125919117646 0.8056353400735293 0.9368681066176471
0 0.9320140165441175 0.15083103553921567 0.9801240808823528 0.14891620710784312 0.9262695312499999 0.9569738051470588 0.8839039522058822 0.9502719056372548
