0 0.011460248161764705 0.27816712622549017 0.040182674632352935 0.27912454044117646 0.09690946691176469 0.8650620404411765 0.06818704044117646 0.8679342830882352
0 0.04520909926470587 0.2848690257352941 0.07393152573529412 0.2839116115196078 0.12204159007352941 0.8650620404411765 0.09619140624999999 0.8669768688725489
0 0.07680376838235294 0.31263403799019607 0.10983455882352941 0.31263403799019607 0.14932789522058823 0.8660194546568626 0.12347771139705882 0.8660194546568626
0 0.1105526194852941 0.31071920955882354 0.1435834099264706 0.3116766237745098 0.17805032169117646 0.8669768688725489 0.15076401654411764 0.8660194546568626
0 0.1435834099264706 0.3633769914215686 0.1708697150735294 0.3633769914215686 0.20461856617647056 0.8727213541666666 0.18020450367647056 0.870806525735294
0 0.16656135110294115 0.31263403799019607 0.19384765624999997 0.31071920955882354 0.22903262867647056 0.8727213541666666 0.20461856617647056 0.8746361825980391
0 0.19384765624999997 0.30976179534313725 0.22472426470588236 0.30784696691176466 0.2584731158088235 0.8803806678921569 0.22975068933823528 0.8794232536764706
0 0.23334099264705882 0.34805836397058826 0.29222196691176466 0.34710094975490197 0.31160960477941174 0.877508425245098 0.2642176011029412 0.8755935968137254
0 0.29150390625 0.27912454044117646 0.3187902113970588 0.281039368872549 0.33889590992647056 0.8794232536764706 0.31663602941176466 0.877508425245098
0 0.31376378676470584 0.37007889093137253 0.35828354779411764 0.36912147671568624 0.3783892463235294 0.8727213541666666 0.3439223345588235 0.870806525735294
0 0.35828354779411764 0.29827282475490197 0.3791073069852941 0.29827282475490197 0.39921300551470584 0.8956992953431372 0.3805434283088235 0.8976141237745098
0 0.3812614889705882 0.30593213848039214 0.40998391544117646 0.30497472426470584 0.42219094669117646 0.8966567095588235 0.40136718749999994 0.8956992953431372
0 0.41142003676470584 0.31071920955882354 0.46527458639705876 0.30880438112745096 0.47101907169117646 0.9004863664215685 0.42434512867647056 0.8956992953431372
0 0.4659926470588235 0.2829541973039215 0.48897058823529405 0.281039368872549 0.4947150735294117 0.9052734375 0.4753274356617647 0.9043160232843137
0 0.49256089154411764 0.2848690257352941 0.5342084099264706 0.2829541973039215 0.5363625919117647 0.9091030943627451 0.4954331341911764 0.9062308517156862
0 0.5370806525735293 0.35476026348039214 0.5801642922794117 0.3557176776960784 0.5729836856617646 0.9119753370098039 0.537798713235294 0.9081456801470588
0 0.5787281709558824 0.27146522671568624 0.6426355698529411 0.2695503982843137 0.6289924172794117 0.9091030943627451 0.5751378676470588 0.9052734375
0 0.640481387867647 0.37007889093137253 0.6727941176470588 0.3710363051470588 0.65771484375 0.9205920649509803 0.6311465992647058 0.919634650735294
0 0.6785386029411764 0.21880744485294115 0.7122874540441176 0.2207222732843137 0.6878733915441176 0.9244217218137254 0.6591509650735293 0.9234643075980391
0 0.713723575367647 0.2207222732843137 0.745318244485294 0.2216796875 0.7201861213235293 0.9234643075980391 0.6900275735294117 0.9234643075980391
0 0.7410098805147058 0.3681640625 0.7704503676470588 0.3681640625 0.7474724264705882 0.9110179227941176 0.7230583639705882 0.9100605085784313
0 0.774758731617647 0.3710363051470588 0.7977366727941176 0.3710363051470588 0.7726045496323529 0.9129327512254902 0.7539349724264706 0.9129327512254902
0 0.7984547334558822 0.37007889093137253 0.8401022518382353 0.37007889093137253 0.8135340073529411 0.9138901654411763 0.7740406709558822 0.9138901654411763
0 0.848000919117647 0.31263403799019607 0.8860581341911764 0.3145488664215686 0.8501551011029411 0.9311236213235293 0.8156881893382353 0.9272939644607843
0 0.8932387408088235 0.28678385416666663 0.9291417738970588 0.2858264399509804 0.8860581341911764 0.9454848345588235 0.855181525735294 0.9397403492647057
0 0.9255514705882353 0.3748659620098039 0.957864200367647 0.3739085477941176 0.9190889246323529 0.9483570772058822 0.8896484374999999 0.9445274203431372
0 0.9607364430147058 0.35667509191176466 0.9966394761029411 0.35954733455882354 0.9506835937499999 0.9454848345588235 0.9219611672794117 0.9435700061274509
