0 0.008534307065217406 0.15254189311594207 0.11362092391304349 0.8658571105072465 0.14758831521739132 0.861611186594203 0.049932065217391325 0.15537250905797104
0 0.054177989130434784 0.16103374094202902 0.14971127717391305 0.8601958786231884 0.17412533967391305 0.8601958786231884 0.08602241847826089 0.16244904891304351
0 0.09982167119565219 0.1992470561594203 0.17412533967391305 0.861611186594203 0.21021569293478262 0.861611186594203 0.14121942934782614 0.20349298007246377
0 0.1454653532608696 0.20349298007246377 0.2080927309782609 0.8658571105072465 0.2463060461956522 0.8701030344202899 0.18580163043478262 0.20632359601449277
0 0.19217051630434787 0.2714277626811594 0.2463060461956522 0.8743489583333334 0.27602751358695654 0.8743489583333334 0.22613790760869565 0.2742583786231884
0 0.22083050271739132 0.20632359601449277 0.2749660326086957 0.8771795742753623 0.30574898097826086 0.8771795742753623 0.26010529891304346 0.20632359601449277
0 0.2611667798913043 0.20632359601449277 0.3046875 0.8885020380434782 0.3386548913043478 0.8870867300724637 0.30362601902173914 0.21340013586956522
0 0.3110563858695652 0.26293591485507245 0.39491338315217395 0.2657665307971015 0.40446671195652173 0.8913326539855072 0.3439622961956521 0.8842561141304347
0 0.3938519021739131 0.17094089673913046 0.40446671195652173 0.8885020380434782 0.4352496603260869 0.8885020380434782 0.42888077445652173 0.16811028079710147
0 0.4235733695652174 0.3011492300724638 0.43737262228260865 0.8785948822463768 0.48301630434782605 0.8828408061594203 0.48938519021739124 0.30539515398550726
0 0.4872622282608695 0.2020776721014493 0.4819548233695652 0.9139775815217391 0.5095533288043478 0.9139775815217391 0.5212296195652174 0.20632359601449277
0 0.5201681385869565 0.2190613677536232 0.507430366847826 0.9139775815217391 0.5360903532608695 0.9168081974637681 0.5594429347826086 0.21764605978260873
0 0.5605044157608695 0.22472259963768118 0.5339673913043478 0.9139775815217391 0.5944718070652174 0.9281306612318841 0.6369310461956521 0.22896852355072464
0 0.6422384510869565 0.18933990036231885 0.5987177309782609 0.9309612771739131 0.6199473505434783 0.9323765851449276 0.6730213994565217 0.19217051630434787
0 0.678328804347826 0.1992470561594203 0.6231317934782609 0.9323765851449276 0.6677139945652174 0.939453125 0.7388332201086956 0.1978317481884058
0 0.7292798913043478 0.2940726902173913 0.7876613451086956 0.30397984601449274 0.7122961956521738 0.9422837409420289 0.6708984375 0.9352072010869565
0 0.7993376358695652 0.1850939764492754 0.7154806385869565 0.9436990489130435 0.7738620923913043 0.9521908967391304 0.8863790760869565 0.19217051630434787
0 0.865149456521739 0.3280400815217392 0.9171620244565217 0.3337013134057971 0.8120754076086956 0.9663439764492754 0.7781080163043478 0.9578521286231884
0 0.9521908967391304 0.12282042572463771 0.816321331521739 0.9663439764492754 0.8502887228260869 0.9705899003623188 0.9978345788043479 0.1284816576086957
0 0.8524116847826086 0.9663439764492754 0.8831946331521738 0.9705899003623188 0.999755859375 0.3857388354548057 0.999755859375 0.13838881340579715
0 0.9161005434782608 0.9436990489130435 0.889563519021739 0.939453125 0.999755859375 0.4035335522342993 0.999755859375 0.5304291213768116
