0 0.02869370404411764 0.14412913602941177 0.07321346507352941 0.14029947916666666 0.1486098345588235 0.9177198223039215 0.10983455882352941 0.9148475796568626
0 0.07321346507352941 0.1422143075980392 0.11916934742647059 0.13934206495098037 0.18953929227941174 0.9225068933823528 0.1486098345588235 0.9186772365196078
0 0.11916934742647059 0.14125689338235292 0.16871553308823528 0.14125689338235292 0.23118681066176466 0.926336550245098 0.18953929227941174 0.9244217218137254
0 0.16368910845588233 0.028282015931372546 0.21682559742647056 0.0225375306372549 0.2807329963235294 0.930166207107843 0.23334099264705882 0.9253791360294117
0 0.2189797794117647 0.002431832107843137 0.27570657169117646 0.002431832107843137 0.3252527573529411 0.9349532781862745 0.2828871783088235 0.9339958639705882
0 0.27714269301470584 0.0033892463235294114 0.32884306066176466 0.002431832107843137 0.3697725183823529 0.9416551776960783 0.32597081801470584 0.9368681066176471
0 0.32884306066176466 0.002431832107843137 0.3740808823529411 0.001474417892156862 0.41429227941176466 0.9502719056372548 0.37049057904411764 0.9426125919117646
0 0.3819795496323529 0.002431832107843137 0.421875 0.0 0.45019531249999994 0.9579312193627451 0.41429227941176466 0.9502719056372548
0 0.4250631893382353 0.0033892463235294114 0.4674287683823529 0.0005170036764705876 0.48968864889705876 0.9627182904411763 0.4516314338235294 0.9598460477941176
0 0.47748161764705876 0.14795879289215685 0.5385167738970588 0.14412913602941177 0.5514418658088235 0.9703776041666666 0.4983053768382353 0.9665479473039215
0 0.5435431985294117 0.14317172181372548 0.6074505974264706 0.1422143075980392 0.6074505974264706 0.9703776041666666 0.555032169117647 0.968462775735294
0 0.6117589613970588 0.14125689338235292 0.6727941176470588 0.14317172181372548 0.6613051470588235 0.9722924325980391 0.6103228400735293 0.968462775735294
0 0.6749482996323529 0.002431832107843137 0.7668600643382353 0.001474417892156862 0.7388556985294117 0.9818665747549019 0.6656135110294117 0.9713350183823528
0 0.774758731617647 0.08476945465686274 0.8322035845588235 0.08189721200980392 0.7912741268382353 0.9866536458333334 0.745318244485294 0.9847388174019608
0 0.8343577665441176 0.08189721200980392 0.879595588235294 0.08189721200980392 0.8336397058823529 0.989525888480392 0.7955824908088235 0.9847388174019608
0 0.8939568014705882 0.05125995710784314 0.9370404411764706 0.05125995710784314 0.8666704963235293 0.9943129595588235 0.8350758272058822 0.9904833026960783
