0 0.0014073988970588203 0.1805108762254902 0.03946461397058823 0.183383118872549 0.11127068014705882 0.898571537990196 0.07680376838235294 0.9004863664215685
0 0.048081341911764705 0.24944469975490194 0.09331916360294117 0.24944469975490194 0.15363625919117646 0.9081456801470588 0.11127068014705882 0.9062308517156862
0 0.09331916360294117 0.24465762867647056 0.1335305606617647 0.24561504289215685 0.1830767463235294 0.9062308517156862 0.15291819852941174 0.9081456801470588
0 0.12994025735294115 0.33752680759803916 0.16727941176470587 0.3356119791666667 0.21108111213235292 0.9186772365196078 0.18164062499999997 0.9158049938725489
0 0.1579446231617647 0.13455499387254902 0.20390050551470587 0.13551240808823528 0.25344669117647056 0.9244217218137254 0.21179917279411764 0.926336550245098
0 0.20533662683823528 0.11827895220588235 0.2469841452205882 0.11923636642156861 0.29006778492647056 0.9253791360294117 0.2541647518382353 0.9244217218137254
0 0.31448184742647056 0.15466069240196076 0.359719669117647 0.15657552083333331 0.37336282169117646 0.9311236213235293 0.34033203125 0.9282513786764706
0 0.3640280330882353 0.11061963848039215 0.4128561580882353 0.11444929534313725 0.41213809742647056 0.9320810355392156 0.37695312499999994 0.9311236213235293
0 0.4128561580882353 0.11349188112745097 0.457375919117647 0.11349188112745097 0.4523494944852941 0.9359106924019608 0.41429227941176466 0.9368681066176471
0 0.45809397977941174 0.11444929534313725 0.4961511948529411 0.11540670955882353 0.48681640625 0.9349532781862745 0.4537856158088235 0.9320810355392156
0 0.5069221047794117 0.2293390012254902 0.5485696231617647 0.23316865808823528 0.5277458639705882 0.9349532781862745 0.4911247702205882 0.930166207107843
0 0.550005744485294 0.22359451593137256 0.5894990808823529 0.22646675857843135 0.5650850183823529 0.9464422487745097 0.5313361672794117 0.9435700061274509
0 0.5923713235294117 0.21210554534313722 0.63330078125 0.21402037377450978 0.6024241727941176 0.9617608762254902 0.567239200367647 0.9588886335784313
0 0.6447897518382353 0.08764169730392156 0.696490119485294 0.08764169730392156 0.6440716911764706 0.9598460477941176 0.6052964154411764 0.9560163909313725
0 0.6943359375 0.1805108762254902 0.7568072150735293 0.1805108762254902 0.6972081801470588 0.9617608762254902 0.6498161764705882 0.9579312193627451
0 0.7661420036764706 0.12019378063725489 0.8099437040441176 0.12019378063725489 0.7345473345588235 0.9665479473039215 0.7007984834558822 0.9627182904411763
0 0.8056353400735293 0.20540364583333334 0.8530273437499999 0.20636106004901958 0.774758731617647 0.9617608762254902 0.7402918198529411 0.9608034620098039
0 0.8580537683823529 0.19965916053921565 0.9140624999999999 0.2034888174019608 0.8300494025735293 0.9646331188725489 0.7805032169117646 0.9598460477941176
0 0.921243106617647 0.2015739889705882 0.9959214154411764 0.2025314031862745 0.8882123161764706 0.9722924325980391 0.8329216452205882 0.9608034620098039
0 0.2735523897058823 0.23795572916666666 0.3187902113970588 0.23508348651960784 0.33817784926470584 0.8995289522058822 0.3073012408088235 0.8995289522058822
