0 0.0006893382352941152 0.05508961397058823 0.04592715992647059 0.04072840073529411 0.06890510110294117 0.8372970281862745 0.016486672794117647 0.8315525428921569
0 0.049517463235294115 0.17668121936274508 0.07536764705882353 0.17093673406862744 0.09403722426470587 0.843041513480392 0.06818704044117646 0.843041513480392
0 0.07608570772058823 0.16997931985294115 0.09834558823529412 0.16519224877450978 0.11988740808823528 0.8459137561274509 0.09619140624999999 0.8459137561274509
0 0.09690946691176469 0.15657552083333331 0.11557904411764705 0.15083103553921567 0.1364028033088235 0.8526156556372548 0.12060546875 0.8507008272058822
0 0.11414292279411764 0.1498736213235294 0.1335305606617647 0.14317172181372548 0.1572265625 0.8564453125 0.13783892463235292 0.8545304840686274
0 0.14142922794117646 0.18625536151960784 0.16440716911764705 0.18242570465686272 0.1837948069852941 0.8583601409313725 0.1579446231617647 0.8545304840686274
0 0.16368910845588233 0.1383846507352941 0.19169347426470587 0.1316827512254902 0.21251723345588233 0.8631472120098039 0.18594898897058823 0.8602749693627451
0 0.1960018382352941 0.2216796875 0.22257008272058823 0.21402037377450978 0.24195772058823528 0.8660194546568626 0.21538947610294115 0.8660194546568626
0 0.22328814338235292 0.2130629595588235 0.25344669117647056 0.20923330269607843 0.2706801470588235 0.8736787683823528 0.24195772058823528 0.870806525735294
0 0.25272863051470584 0.11827895220588235 0.279296875 0.11061963848039215 0.30442899816176466 0.8794232536764706 0.27283432904411764 0.8784658394607843
0 0.2821691176470588 0.10678998161764706 0.30227481617647056 0.09721583946078431 0.32668887867647056 0.8851677389705882 0.3058651194852941 0.8813380821078431
0 0.31376378676470584 0.1316827512254902 0.35110294117647056 0.12210860906862743 0.3683363970588235 0.8889973958333334 0.3324333639705882 0.8822954963235293
0 0.35828354779411764 0.1795534620098039 0.38987821691176466 0.17476639093137256 0.4042394301470588 0.8956992953431372 0.37049057904411764 0.8899548100490194
0 0.3913143382352941 0.17380897671568626 0.4200367647058823 0.16997931985294115 0.43439797794117646 0.898571537990196 0.4049574908088235 0.8966567095588235
0 0.42362706801470584 0.1948720894607843 0.4559397977941176 0.18817018995098037 0.47317325367647056 0.9014437806372548 0.43655215992647056 0.8956992953431372
0 0.45881204044117646 0.16232000612745098 0.4860983455882353 0.15657552083333331 0.5054859834558824 0.9062308517156862 0.4753274356617647 0.9024011948529411
0 0.48681640625 0.15561810661764705 0.5205652573529411 0.1498736213235294 0.5385167738970588 0.9129327512254902 0.5076401654411764 0.9071882659313725
0 0.5234375 0.042643229166666664 0.5679572610294117 0.031154258578431373 0.5902171415441176 0.9205920649509803 0.5385167738970588 0.9110179227941176
0 0.574419806985294 0.07040824142156862 0.6067325367647058 0.06274892769607843 0.6289924172794117 0.9244217218137254 0.5902171415441176 0.9186772365196078
0 0.6139131433823529 0.025409773284313722 0.6613051470588235 0.01200597426470588 0.6871553308823529 0.9282513786764706 0.6311465992647058 0.9177198223039215
0 0.6735121783088235 0.04168581495098039 0.7101332720588235 0.031154258578431373 0.7280847886029411 0.9378255208333334 0.689309512867647 0.930166207107843
0 0.7165958180147058 0.0033892463235294114 0.769732306985294 0.002431832107843137 0.7891199448529411 0.9502719056372548 0.73095703125 0.9387829350490194
0 0.7769129136029411 0.031154258578431373 0.8207146139705882 0.023494944852941176 0.8379480698529411 0.9541015625 0.7927102481617646 0.9464422487745097
