0 0.017922794117647058 0.18912760416666666 0.05741613051470587 0.19295726102941177 0.09331916360294117 0.9225068933823528 0.05741613051470587 0.9253791360294117
0 0.06890510110294117 0.19295726102941177 0.11198874080882351 0.19965916053921565 0.1335305606617647 0.9043160232843137 0.10337201286764705 0.9091030943627451
0 0.11270680147058823 0.12785309436274508 0.17876838235294115 0.13742723651960784 0.18666704963235292 0.9119753370098039 0.13568474264705882 0.9100605085784313
0 0.17876838235294115 0.12976792279411764 0.23334099264705882 0.13455499387254902 0.2326229319852941 0.9091030943627451 0.19025735294117646 0.9100605085784313
0 0.24123965992647056 0.09434359681372549 0.28001493566176466 0.10008808210784313 0.2692440257352941 0.9129327512254902 0.2326229319852941 0.9119753370098039
0 0.2828871783088235 0.23891314338235292 0.3209443933823529 0.2437002144607843 0.30945542279411764 0.9091030943627451 0.274270450367647 0.9100605085784313
0 0.3331514246323529 0.23604090073529407 0.37049057904411764 0.23795572916666666 0.3467945772058823 0.9081456801470588 0.31591796875 0.9119753370098039
0 0.3798253676470588 0.15561810661764705 0.43870634191176466 0.16614966299019607 0.3984949448529411 0.9119753370098039 0.3432042738970588 0.9110179227941176
0 0.4430147058823529 0.15178844975490194 0.48466222426470584 0.15944776348039216 0.43655215992647056 0.9158049938725489 0.39921300551470584 0.9148475796568626
0 0.4911247702205882 0.15944776348039216 0.5342084099264706 0.16614966299019607 0.48035386029411764 0.9119753370098039 0.4401424632352941 0.9129327512254902
0 0.5327722886029411 0.23412607230392155 0.5808823529411764 0.242742800245098 0.5263097426470588 0.9148475796568626 0.4860983455882353 0.9158049938725489
0 0.5808823529411764 0.23604090073529407 0.6203756893382353 0.24178538602941177 0.5636488970588235 0.9158049938725489 0.5263097426470588 0.9158049938725489
0 0.6182215073529411 0.3317823223039216 0.6519703584558824 0.3336971507352941 0.6002699908088235 0.9225068933823528 0.5665211397058824 0.9225068933823528
0 0.669921875 0.14317172181372548 0.7173138786764706 0.15083103553921567 0.6433536305147058 0.930166207107843 0.6009880514705882 0.926336550245098
0 0.7244944852941176 0.13551240808823528 0.762551700367647 0.1383846507352941 0.6799747242647058 0.9244217218137254 0.6469439338235293 0.926336550245098
0 0.7517807904411764 0.2542317708333333 0.7919921874999999 0.26093367034313725 0.713723575367647 0.9014437806372548 0.6828469669117646 0.9004863664215685
0 0.8178423713235293 0.18817018995098037 0.8544634650735293 0.19008501838235292 0.7632697610294117 0.926336550245098 0.7280847886029411 0.9253791360294117
0 0.8594898897058822 0.1537032781862745 0.8975471047794117 0.16040517769607843 0.7955824908088235 0.9225068933823528 0.7632697610294117 0.9225068933823528
0 0.9169347426470588 0.16327742034313722 0.9492474724264706 0.16806449142156862 0.8336397058823529 0.926336550245098 0.8041992187499999 0.930166207107843
0 0.9492474724264706 0.16902190563725492 0.9808421415441175 0.1757238051470588 0.8645163143382353 0.9215494791666666 0.8336397058823529 0.9215494791666666
0 0.9657628676470588 0.2772097120098039 0.999755859375 0.2809244791666667 0.9004193474264706 0.9205920649509803 0.8681066176470588 0.9177198223039215
