0 0.0014073988970588203 0.2437002144607843 0.08039407169117646 0.2398705575980392 0.12994025735294115 0.8631472120098039 0.05454388786764705 0.8631472120098039 0.0006893382352941152 0.39784390318627444
0 0.07680376838235294 0.2685929840686274 0.10552619485294118 0.2676355698529412 0.1586626838235294 0.8679342830882352 0.12778607536764705 0.8650620404411765
0 0.11270680147058823 0.27529488357843135 0.13783892463235292 0.27529488357843135 0.1852309283088235 0.870806525735294 0.1586626838235294 0.870806525735294
0 0.14071116727941174 0.2743374693627451 0.17374195772058823 0.27242264093137253 0.21538947610294115 0.8736787683823528 0.1852309283088235 0.8755935968137254
0 0.17661420036764705 0.27146522671568624 0.2189797794117647 0.2695503982843137 0.2548828125 0.8794232536764706 0.2189797794117647 0.8794232536764706
0 0.2218520220588235 0.2858264399509804 0.2642176011029412 0.2819967830882353 0.2950942095588235 0.8794232536764706 0.2548828125 0.8803806678921569
0 0.26349954044117646 0.27050781249999994 0.3037109375 0.27050781249999994 0.328125 0.877508425245098 0.29940257352941174 0.8765510110294117
0 0.3073012408088235 0.27242264093137253 0.34033203125 0.2695503982843137 0.3640280330882353 0.8736787683823528 0.3324333639705882 0.877508425245098
0 0.3446403952205882 0.2685929840686274 0.3805434283088235 0.2685929840686274 0.3956227022058823 0.8832529105392156 0.3669002757352941 0.8822954963235293
0 0.3819795496323529 0.27529488357843135 0.40926585477941174 0.27529488357843135 0.42362706801470584 0.8813380821078431 0.396340762867647 0.8832529105392156
0 0.41213809742647056 0.27050781249999994 0.44086052389705876 0.27050781249999994 0.44875919117647056 0.8813380821078431 0.42362706801470584 0.8822954963235293
0 0.4430147058823529 0.27050781249999994 0.47748161764705876 0.27146522671568624 0.4789177389705882 0.8861251531862745 0.45019531249999994 0.8861251531862745
0 0.47676355698529405 0.2973154105392157 0.513384650735294 0.2973154105392157 0.5119485294117647 0.8928270526960783 0.4825080422794117 0.8909122242647057
0 0.5141027113970588 0.27146522671568624 0.5485696231617647 0.2695503982843137 0.5464154411764706 0.8937844669117646 0.513384650735294 0.8909122242647057
0 0.5492876838235293 0.3001876531862745 0.586626838235294 0.29827282475490197 0.5837545955882353 0.8937844669117646 0.550005744485294 0.891869638480392
0 0.591653262867647 0.2685929840686274 0.6311465992647058 0.2685929840686274 0.6203756893382353 0.8899548100490194 0.5880629595588235 0.8899548100490194
0 0.6311465992647058 0.2685929840686274 0.6684857536764706 0.2666781556372549 0.652688419117647 0.8928270526960783 0.6218118106617646 0.8928270526960783
0 0.669921875 0.281039368872549 0.7058249080882353 0.28008195465686275 0.6878733915441176 0.8947418811274509 0.6555606617647058 0.8947418811274509
0 0.7122874540441176 0.26380591299019607 0.750344669117647 0.2657207414215686 0.7252125459558822 0.8956992953431372 0.6914636948529411 0.8976141237745098
0 0.7524988511029411 0.2954005821078431 0.786965762867647 0.2973154105392157 0.757525275735294 0.8995289522058822 0.7316750919117646 0.8976141237745098
0 0.7934283088235293 0.2666781556372549 0.8243049172794117 0.2666781556372549 0.7876838235294117 0.9052734375 0.757525275735294 0.9033586090686274
0 0.8250229779411764 0.27146522671568624 0.8580537683823529 0.27050781249999994 0.8156881893382353 0.9052734375 0.7912741268382353 0.9052734375
0 0.8580537683823529 0.2685929840686274 0.891802619485294 0.2695503982843137 0.8465647977941175 0.9091030943627451 0.8199965533088235 0.9071882659313725
0 0.896829044117647 0.27242264093137253 0.9291417738970588 0.27242264093137253 0.8781594669117646 0.9014437806372548 0.8508731617647058 0.9014437806372548
0 0.928423713235294 0.38539751838235287 0.9542738970588235 0.3844401041666667 0.9075999540441175 0.9024011948529411 0.8824678308823529 0.9014437806372548
0 0.9549919577205882 0.3844401041666667 0.9794060202205881 0.38539751838235287 0.9356043198529411 0.9052734375 0.9111902573529411 0.9043160232843137
