0 0.0014073988970588203 0.11349188112745097 0.058134191176470576 0.1125344669117647 0.21538947610294115 0.8459137561274509 0.1579446231617647 0.8439989276960783 0.0014073988970588203 0.20923330269607843
0 0.08326631433823528 0.18721277573529413 0.12419577205882351 0.18434053308823528 0.2469841452205882 0.8449563419117646 0.2189797794117647 0.8439989276960783
0 0.12922219669117646 0.18529794730392157 0.1701516544117647 0.18721277573529413 0.27786075367647056 0.8478285845588235 0.2469841452205882 0.8459137561274509
0 0.17948644301470587 0.1910424325980392 0.22903262867647056 0.18721277573529413 0.3187902113970588 0.8487859987745098 0.28504136029411764 0.8487859987745098
0 0.2347771139705882 0.19008501838235292 0.28001493566176466 0.18912760416666666 0.3568474264705882 0.849743412990196 0.3202263327205882 0.8487859987745098
0 0.2907858455882353 0.18912760416666666 0.3209443933823529 0.18912760416666666 0.3819795496323529 0.8526156556372548 0.3561293658088235 0.8516582414215685
0 0.3302791819852941 0.19582950367647056 0.3640280330882353 0.19774433210784312 0.40998391544117646 0.8468711703431372 0.3834156709558823 0.8468711703431372
0 0.3697725183823529 0.22550934436274508 0.4186006433823529 0.22550934436274508 0.445168887867647 0.8507008272058822 0.41142003676470584 0.8507008272058822
0 0.42362706801470584 0.2245519301470588 0.4753274356617647 0.2207222732843137 0.4839441636029411 0.8459137561274509 0.4494772518382353 0.8449563419117646
0 0.4760454963235293 0.22263710171568626 0.5248736213235293 0.2216796875 0.5198471966911764 0.8468711703431372 0.4860983455882353 0.8468711703431372
0 0.5399528952205882 0.18625536151960784 0.5995519301470588 0.18242570465686272 0.567239200367647 0.8516582414215685 0.5227194393382353 0.849743412990196
0 0.6060144761029411 0.18721277573529413 0.6663315716911764 0.18529794730392157 0.616067325367647 0.849743412990196 0.5751378676470588 0.8516582414215685
0 0.6727941176470588 0.18912760416666666 0.7266486672794117 0.18434053308823528 0.6562787224264706 0.8449563419117646 0.6218118106617646 0.8535730698529411
0 0.7302389705882353 0.18625536151960784 0.7812212775735293 0.18146829044117643 0.6900275735294117 0.8411266850490194 0.6584329044117646 0.8449563419117646
0 0.7704503676470588 0.29827282475490197 0.8027630974264706 0.2973154105392157 0.720904181985294 0.8487859987745098 0.6936178768382353 0.8507008272058822
0 0.8085075827205882 0.2992302389705882 0.8408203124999999 0.2992302389705882 0.7446001838235293 0.8507008272058822 0.720904181985294 0.8487859987745098
0 0.8465647977941175 0.3030598958333333 0.8781594669117646 0.2992302389705882 0.7726045496323529 0.8535730698529411 0.7496266084558822 0.8507008272058822
0 0.896829044117647 0.183383118872549 0.9341681985294117 0.183383118872549 0.7977366727941176 0.8468711703431372 0.7769129136029411 0.8449563419117646
0 0.9413488051470588 0.18529794730392157 0.9801240808823528 0.18529794730392157 0.8271771599264706 0.8487859987745098 0.8006089154411764 0.8459137561274509
