0 0.011718750000000028 0.1808480525362319 0.10194463315217392 0.9408684329710145 0.06585427989130435 0.9408684329710145 4.2459239130460125e-05 0.4313575634057971
0 0.02233355978260873 0.17660212862318844 0.10937500000000003 0.9352072010869565 0.14440387228260873 0.933791893115942 0.069038722826087 0.17094089673913046
0 0.08177649456521743 0.30822576992753625 0.11255944293478262 0.30397984601449274 0.17837126358695657 0.9352072010869565 0.1454653532608696 0.9352072010869565
0 0.11255944293478262 0.31105638586956524 0.1454653532608696 0.3096410778985507 0.2080927309782609 0.9352072010869565 0.17730978260869565 0.9366225090579711
0 0.12954313858695657 0.16244904891304351 0.21446161684782608 0.939453125 0.25161345108695654 0.9380378170289855 0.17943274456521743 0.15820312500000003
0 0.19004755434782608 0.29265738224637683 0.21658457880434787 0.2969033061594203 0.27815047554347827 0.9479449728260869 0.25373641304347827 0.9479449728260869
0 0.2112771739130435 0.15678781702898553 0.27921195652173914 0.9550215126811593 0.30893342391304346 0.9521908967391304 0.2463060461956522 0.15678781702898553
0 0.24736752717391305 0.15537250905797104 0.3131793478260869 0.9606827445652174 0.3662533967391304 0.9592674365942028 0.3131793478260869 0.1482959692028986
0 0.3142408288043478 0.15112658514492758 0.36731487771739124 0.9592674365942028 0.41614300271739124 0.9550215126811593 0.3694378396739131 0.1426347373188406
0 0.38005264945652173 0.2572746829710145 0.4172044836956521 0.9592674365942028 0.4543563179347826 0.9550215126811593 0.42251188858695654 0.264351222826087
0 0.42463485054347827 0.13697350543478265 0.45541779891304346 0.9564368206521738 0.5 0.9521908967391304 0.4787703804347826 0.13414288949275366
0 0.48301630434782605 0.255859375 0.5031844429347826 0.9550215126811593 0.5254755434782609 0.9606827445652174 0.5095533288043478 0.253028759057971
0 0.5106148097826086 0.1780174365942029 0.5265370244565217 0.9592674365942028 0.5668733016304348 0.9578521286231884 0.5626273777173912 0.17518682065217395
0 0.5668733016304348 0.13272758152173916 0.5700577445652174 0.9592674365942028 0.6167629076086957 0.9606827445652174 0.6188858695652174 0.13131227355072467
0 0.6220703125 0.1454653532608696 0.6178243885869565 0.9507755887681159 0.6507302989130435 0.9521908967391304 0.6655910326086957 0.14405004528985513
0 0.6740828804347826 0.1284816576086957 0.6570991847826086 0.9578521286231884 0.7048658288043478 0.9507755887681159 0.7229110054347826 0.1256510416666667
0 0.7229110054347826 0.16103374094202902 0.702742866847826 0.9493602807971014 0.7377717391304347 0.945114356884058 0.7664317255434783 0.15961843297101455
0 0.7696161684782609 0.11432857789855076 0.7409561820652174 0.9521908967391304 0.7887228260869565 0.9536062047101449 0.8290591032608696 0.11857450181159424
0 0.8343665081521738 0.11008265398550728 0.79296875 0.9479449728260869 0.8439198369565217 0.9479449728260869 0.9033627717391304 0.11291326992753627
0 0.9044242527173914 0.11008265398550728 0.8471042798913042 0.9479449728260869 0.8821331521739131 0.9521908967391304 0.9458220108695652 0.11149796195652178
0 0.9490064538043479 0.11008265398550728 0.8853175951086956 0.9479449728260869 0.9182235054347825 0.9507755887681159 0.9914656929347825 0.10725203804347831
