0 0.020076976102941173 0.11349188112745097 0.05598000919117646 0.11732153799019607 0.02869370404411764 0.9071882659313725 0.0 0.9069010416666666 0.0 0.5393880208333334
0 0.05741613051470587 0.11540670955882353 0.10552619485294118 0.12019378063725489 0.08039407169117646 0.9052734375 0.030847886029411763 0.9081456801470588
0 0.10480813419117646 0.11827895220588235 0.14932789522058823 0.12593826593137256 0.13209443933823528 0.9014437806372548 0.08326631433823528 0.9081456801470588
0 0.15004595588235292 0.1537032781862745 0.18666704963235292 0.15561810661764705 0.17230583639705882 0.9071882659313725 0.1328125 0.9071882659313725
0 0.18666704963235292 0.15466069240196076 0.22616038602941174 0.15849034926470587 0.21610753676470587 0.9091030943627451 0.17589613970588233 0.9110179227941176
0 0.22831456801470584 0.1316827512254902 0.26780790441176466 0.13551240808823528 0.262063419117647 0.9071882659313725 0.2189797794117647 0.9100605085784313
0 0.26780790441176466 0.13551240808823528 0.30945542279411764 0.13742723651960784 0.3087373621323529 0.9052734375 0.26134535845588236 0.9081456801470588
0 0.3080193014705882 0.2475298713235294 0.359719669117647 0.2504021139705882 0.3669002757352941 0.9062308517156862 0.3101734834558823 0.9100605085784313
0 0.359719669117647 0.2513595281862745 0.41357421874999994 0.25231694240196073 0.42219094669117646 0.9091030943627451 0.3669002757352941 0.9071882659313725
0 0.4157284007352941 0.1383846507352941 0.4473230698529411 0.13646982230392155 0.46527458639705876 0.9119753370098039 0.42865349264705876 0.9129327512254902
0 0.4494772518382353 0.14029947916666666 0.48178998161764697 0.14125689338235292 0.5047679227941176 0.9100605085784313 0.4674287683823529 0.9148475796568626
0 0.48538028492647056 0.13934206495098037 0.518411075367647 0.1422143075980392 0.5421070772058824 0.9148475796568626 0.5076401654411764 0.919634650735294
0 0.5198471966911764 0.14125689338235292 0.5535960477941176 0.14412913602941177 0.5830365349264706 0.9138901654411763 0.5442612591911764 0.9148475796568626
0 0.5571863511029411 0.14317172181372548 0.5902171415441176 0.14125689338235292 0.6239659926470588 0.9205920649509803 0.5830365349264706 0.9225068933823528
0 0.5966796875 0.14891620710784312 0.635454963235294 0.14891620710784312 0.6670496323529411 0.9234643075980391 0.6268382352941176 0.9253791360294117
0 0.6419175091911764 0.14891620710784312 0.6785386029411764 0.1470013786764706 0.7144416360294117 0.9234643075980391 0.672076056985294 0.9253791360294117
0 0.6885914522058822 0.13646982230392155 0.720904181985294 0.1383846507352941 0.7568072150735293 0.9234643075980391 0.7201861213235293 0.9292087928921569
0 0.7230583639705882 0.14029947916666666 0.7546530330882353 0.1422143075980392 0.7955824908088235 0.9234643075980391 0.7589613970588235 0.926336550245098
0 0.7632697610294117 0.23316865808823528 0.7919921874999999 0.23316865808823528 0.830767463235294 0.9225068933823528 0.7970186121323529 0.9244217218137254
0 0.7934283088235293 0.0033892463235294114 0.8716969209558822 0.001474417892156862 0.9219611672794117 0.930166207107843 0.8300494025735293 0.9253791360294117
0 0.8946748621323529 0.14795879289215685 0.9262695312499999 0.14795879289215685 0.9671989889705882 0.9311236213235293 0.9327320772058822 0.9330384497549019
0 0.9341681985294117 0.14891620710784312 0.9636086856617646 0.1498736213235294 0.999755859375 0.7877604166666666 0.9980755974264706 0.9320810355392156 0.9765337775735294 0.9320810355392156
