0 0.027640964673913082 0.006765172101449317 0.142280910326087 0.8913326539855072 0.06160835597826089 0.8941632699275363 -6.938893903907228e-18 0.4723026628899531 0.0 0.0039345561594203325
0 0.05948539402173916 0.18226336050724637 0.142280910326087 0.9012398097826088 0.17837126358695657 0.9012398097826088 0.09876019021739132 0.1794327445652174
0 0.09982167119565219 0.18226336050724637 0.17730978260869565 0.9012398097826088 0.20915421195652176 0.8998245018115942 0.1380349864130435 0.1850939764492754
0 0.13909646739130435 0.17518682065217395 0.20915421195652176 0.9054857336956522 0.23462975543478262 0.9040704257246377 0.16881793478260873 0.16811028079710147
0 0.16881793478260873 0.17235620471014493 0.23675271739130435 0.9097316576086957 0.2622282608695652 0.9040704257246377 0.19641644021739132 0.17235620471014493
0 0.20384680706521743 0.22896852355072464 0.24099864130434787 0.22755321557971017 0.2930112092391304 0.9026551177536232 0.2622282608695652 0.9040704257246377
0 0.2356912364130435 0.17518682065217395 0.29407269021739124 0.9026551177536232 0.32804008152173914 0.9026551177536232 0.2802734375 0.17235620471014493
0 0.2855808423913043 0.28133491847826086 0.32697860054347827 0.28699615036231885 0.3598845108695652 0.9054857336956522 0.3291015625 0.9054857336956522
0 0.32697860054347827 0.28416553442028986 0.3715608016304348 0.28416553442028986 0.3959748641304348 0.9097316576086957 0.35776154891304346 0.9111469655797101
0 0.3651919157608695 0.1836786684782609 0.39491338315217395 0.9125622735507246 0.42888077445652173 0.9139775815217391 0.40658967391304346 0.1808480525362319
0 0.4087126358695652 0.1780174365942029 0.4299422554347826 0.9139775815217391 0.45860224184782605 0.9139775815217391 0.44055706521739124 0.17660212862318844
0 0.44055706521739124 0.21198482789855075 0.45541779891304346 0.9125622735507246 0.49787703804347827 0.9139775815217391 0.4936311141304348 0.21198482789855075
0 0.49787703804347827 0.2799196105072464 0.5031844429347826 0.919638813405797 0.5297214673913043 0.919638813405797 0.5360903532608695 0.28133491847826086
0 0.5371518342391304 0.28699615036231885 0.5329059103260869 0.9083163496376812 0.5626273777173912 0.9083163496376812 0.5711192255434783 0.2827502264492754
0 0.5721807065217391 0.3096410778985507 0.564750339673913 0.9153928894927535 0.5965947690217391 0.9139775815217391 0.6072095788043478 0.3124716938405797
0 0.6146399456521738 0.28416553442028986 0.5955332880434783 0.919638813405797 0.6252547554347826 0.9168081974637681 0.6475458559782609 0.28699615036231885
0 0.6475458559782609 0.2884114583333333 0.6252547554347826 0.9182235054347826 0.6507302989130435 0.9153928894927535 0.678328804347826 0.2884114583333333
0 0.686820652173913 0.17660212862318844 0.653914741847826 0.9182235054347826 0.6942510190217391 0.919638813405797 0.7335258152173912 0.1780174365942029
0 0.7345872961956521 0.21623075181159424 0.7674932065217391 0.21623075181159424 0.7260954483695652 0.9139775815217391 0.6953125 0.9139775815217391
0 0.7706776494565217 0.17377151268115942 0.7282184103260869 0.9097316576086957 0.7685546875 0.9111469655797101 0.8184442934782608 0.17660212862318844
0 0.8237516983695652 0.21340013586956522 0.7717391304347826 0.9182235054347826 0.8014605978260869 0.9168081974637681 0.8609035326086956 0.21198482789855075
0 0.8683338994565217 0.1836786684782609 0.8014605978260869 0.9238847373188405 0.8428583559782608 0.9210541213768115 0.9203464673913042 0.18933990036231885
0 0.9182235054347825 0.23038383152173914 0.8449813179347825 0.919638813405797 0.8778872282608696 0.919638813405797 0.9564368206521738 0.23038383152173914
