0 0.022231158088235288 0.1048751531862745 0.06100643382352941 0.10583256740196077 0.056698069852941166 0.9617608762254902 0.012896369485294115 0.9646331188725489
0 0.06675091911764705 0.10583256740196077 0.10193589154411764 0.10678998161764706 0.09619140624999999 0.9636757046568626 0.058134191176470576 0.9655905330882352
0 0.10409007352941174 0.09242876838235294 0.1328125 0.09242876838235294 0.12922219669117646 0.9569738051470588 0.09978170955882351 0.9655905330882352
0 0.1313763786764706 0.09147135416666667 0.16153492647058823 0.09147135416666667 0.16368910845588233 0.9675053615196078 0.12994025735294115 0.9675053615196078
0 0.16871553308823528 0.14317172181372548 0.20318244485294115 0.14508655024509803 0.20318244485294115 0.9617608762254902 0.16656135110294115 0.9646331188725489
0 0.2067727481617647 0.09434359681372549 0.2469841452205882 0.09338618259803921 0.24913832720588236 0.9617608762254902 0.20246438419117646 0.9636757046568626
0 0.24842026654411764 0.1948720894607843 0.2907858455882353 0.19582950367647056 0.2929400275735294 0.9598460477941176 0.25344669117647056 0.9617608762254902
0 0.29006778492647056 0.19582950367647056 0.3302791819852941 0.193914675245098 0.34105009191176466 0.9598460477941176 0.2929400275735294 0.9627182904411763
0 0.3317153033088235 0.09721583946078431 0.3712086397058823 0.09530101102941176 0.38269761029411764 0.9627182904411763 0.3417681525735294 0.9655905330882352
0 0.37336282169117646 0.0905139399509804 0.40208524816176466 0.08859911151960782 0.4178825827205882 0.9627182904411763 0.3862879136029411 0.9646331188725489
0 0.40926585477941174 0.12402343749999999 0.457375919117647 0.12593826593137256 0.47317325367647056 0.9608034620098039 0.41931870404411764 0.9636757046568626
0 0.4688648897058823 0.18625536151960784 0.5018956801470588 0.18817018995098037 0.5126665900735293 0.9598460477941176 0.47676355698529405 0.9608034620098039
0 0.5069221047794117 0.18912760416666666 0.5392348345588235 0.18912760416666666 0.5464154411764706 0.9550589767156862 0.513384650735294 0.9579312193627451
0 0.5421070772058824 0.21593520220588233 0.5758559283088235 0.21880744485294115 0.591653262867647 0.9521867340686274 0.550005744485294 0.9531441482843137
0 0.5816004136029411 0.19295726102941177 0.6146312040441176 0.1910424325980392 0.6318646599264706 0.9541015625 0.598833869485294 0.9531441482843137
0 0.616067325367647 0.18912760416666666 0.6498161764705882 0.18912760416666666 0.6663315716911764 0.9550589767156862 0.6340188419117646 0.9550589767156862
0 0.6498161764705882 0.08955652573529412 0.6957720588235293 0.08859911151960782 0.720904181985294 0.9521867340686274 0.6692038143382353 0.9521867340686274
0 0.7007984834558822 0.12689568014705882 0.73095703125 0.12689568014705882 0.7589613970588235 0.9512293198529411 0.720904181985294 0.9531441482843137
0 0.73095703125 0.09721583946078431 0.7769129136029411 0.09338618259803921 0.8128159466911764 0.9493144914215685 0.7618336397058822 0.9464422487745097
0 0.7891199448529411 0.12402343749999999 0.8243049172794117 0.12019378063725489 0.8523092830882353 0.9493144914215685 0.8171243106617646 0.9512293198529411
0 0.8293313419117646 0.09817325367647058 0.879595588235294 0.09625842524509803 0.9075999540441175 0.9493144914215685 0.8580537683823529 0.947399662990196
0 0.879595588235294 0.13646982230392155 0.9169347426470588 0.13646982230392155 0.9492474724264706 0.947399662990196 0.9104721966911764 0.9454848345588235
