0 0.03156594669117647 0.07998238357843136 0.09260110294117646 0.07806755514705882 0.12060546875 0.9004863664215685 0.06818704044117646 0.8947418811274509
0 0.10265395220588233 0.12593826593137256 0.15363625919117646 0.1307253370098039 0.16871553308823528 0.9043160232843137 0.12850413602941174 0.9043160232843137
0 0.15435431985294115 0.13264016544117646 0.1974379595588235 0.13264016544117646 0.20749080882352938 0.9110179227941176 0.1701516544117647 0.9071882659313725
0 0.20390050551470587 0.08285462622549018 0.26565372242647056 0.08668428308823528 0.26493566176470584 0.9129327512254902 0.21467141544117646 0.9138901654411763
0 0.26780790441176466 0.21210554534313722 0.32381663602941174 0.21402037377450978 0.32453469669117646 0.9244217218137254 0.2663717830882353 0.926336550245098
0 0.32597081801470584 0.21497778799019607 0.384133731617647 0.21880744485294115 0.3812614889705882 0.9368681066176471 0.3252527573529411 0.9359106924019608
0 0.3927504595588235 0.10583256740196077 0.42434512867647056 0.10583256740196077 0.4157284007352941 0.9416551776960783 0.3862879136029411 0.9397403492647057
0 0.43583409926470584 0.10966222426470588 0.4882525275735293 0.1125344669117647 0.4667107077205882 0.9426125919117646 0.42147288602941174 0.9387829350490194
0 0.4904067095588235 0.11061963848039215 0.5442612591911764 0.11349188112745097 0.5176930147058824 0.947399662990196 0.47101907169117646 0.947399662990196
0 0.5535960477941176 0.11061963848039215 0.5959616268382353 0.11444929534313725 0.5607766544117647 0.947399662990196 0.5263097426470588 0.9464422487745097
0 0.6002699908088235 0.11349188112745097 0.6433536305147058 0.1125344669117647 0.6045783547794117 0.9541015625 0.567239200367647 0.9560163909313725
0 0.652688419117647 0.11349188112745097 0.6850011488970588 0.11349188112745097 0.6390452665441176 0.9588886335784313 0.611040900735294 0.9588886335784313
0 0.689309512867647 0.12019378063725489 0.7230583639705882 0.11923636642156861 0.6727941176470588 0.9627182904411763 0.6397633272058824 0.9608034620098039
0 0.7280847886029411 0.12402343749999999 0.7726045496323529 0.12402343749999999 0.7130055147058822 0.9665479473039215 0.6763844209558822 0.9627182904411763
0 0.7754767922794117 0.11827895220588235 0.8401022518382353 0.11827895220588235 0.7726045496323529 0.9722924325980391 0.71875 0.9675053615196078
0 0.8422564338235293 0.12498085171568628 0.904009650735294 0.12498085171568628 0.8329216452205882 0.9770795036764706 0.7776309742647058 0.9713350183823528
0 0.8946748621323529 0.24561504289215685 0.9262695312499999 0.24561504289215685 0.8637982536764706 0.968462775735294 0.835793887867647 0.9646331188725489
0 0.9506835937499999 0.12306602328431371 0.9980755974264706 0.12593826593137256 0.9987936580882353 0.23795572916666666 0.9255514705882353 0.9799517463235293 0.8738511029411764 0.9809091605392156
