0 0.04879940257352941 0.21880744485294115 0.10337201286764705 0.22359451593137256 0.0976275275735294 0.8765510110294117 0.03659237132352941 0.8717639399509803
0 0.1083984375 0.03306908700980392 0.14286534926470587 0.035941329656862746 0.14932789522058823 0.8784658394607843 0.11270680147058823 0.877508425245098
0 0.1464556525735294 0.16997931985294115 0.18092256433823528 0.16997931985294115 0.19169347426470587 0.8784658394607843 0.15291819852941174 0.8784658394607843
0 0.1830767463235294 0.17859604779411764 0.21969784007352938 0.17763863357843135 0.23693129595588236 0.8765510110294117 0.19959214154411764 0.8803806678921569
0 0.2218520220588235 0.1383846507352941 0.26780790441176466 0.13742723651960784 0.3008386948529412 0.8698491115196078 0.25560087316176466 0.8755935968137254
0 0.27570657169117646 0.14891620710784312 0.3223805147058823 0.14891620710784312 0.3525390625 0.8736787683823528 0.3037109375 0.8784658394607843
0 0.32597081801470584 0.11923636642156861 0.37336282169117646 0.11923636642156861 0.42219094669117646 0.8660194546568626 0.37049057904411764 0.8736787683823528
0 0.37264476102941174 0.08476945465686274 0.4128561580882353 0.08189721200980392 0.4674287683823529 0.8717639399509803 0.4300896139705882 0.8765510110294117
0 0.4186006433823529 0.12019378063725489 0.4494772518382353 0.12115119485294117 0.5069221047794117 0.8717639399509803 0.47245519301470584 0.8765510110294117
0 0.4552217371323529 0.16902190563725492 0.5837545955882353 0.15849034926470587 0.6368910845588235 0.8593175551470588 0.5126665900735293 0.8727213541666666
0 0.5923713235294117 0.17476639093137256 0.71875 0.16710707720588233 0.7654239430147058 0.8688916973039215 0.6411994485294117 0.8794232536764706
0 0.7216222426470588 0.19678691789215685 0.8336397058823529 0.18912760416666666 0.8831858915441175 0.8679342830882352 0.7668600643382353 0.8717639399509803
0 0.8329216452205882 0.15561810661764705 0.8609260110294117 0.1460439644607843 0.999755859375 0.8330078125 0.999755859375 0.8707682291666666 0.9779698988970587 0.877508425245098
0 0.8716969209558822 0.15849034926470587 0.8989832261029411 0.1498736213235294 0.9987936580882353 0.6458141850490196 0.99951171875 0.8028301164215685
0 0.9054457720588235 0.17380897671568626 0.9226792279411764 0.16519224877450978 0.999755859375 0.5319010416666666 0.99951171875 0.6419845281862745
