0 0.0014073988970588203 0.25901884191176466 0.02582146139705882 0.26189108455882354 0.09331916360294117 0.926336550245098 0.038746553308823525 0.9339958639705882 0.0014073988970588203 0.6084750306372548
0 0.020076976102941173 0.15274586397058823 0.05741613051470587 0.1537032781862745 0.12419577205882351 0.9253791360294117 0.09331916360294117 0.9282513786764706
0 0.058134191176470576 0.15466069240196076 0.09260110294117646 0.15561810661764705 0.15650850183823528 0.926336550245098 0.12419577205882351 0.9253791360294117
0 0.09834558823529412 0.15083103553921567 0.14501953125 0.14891620710784312 0.1960018382352941 0.9225068933823528 0.1572265625 0.9282513786764706
0 0.1471737132352941 0.1498736213235294 0.19169347426470587 0.14891620710784312 0.23980353860294118 0.9215494791666666 0.19959214154411764 0.9272939644607843
0 0.20533662683823528 0.26189108455882354 0.25057444852941174 0.26189108455882354 0.28719554227941174 0.9186772365196078 0.24411190257352938 0.919634650735294
0 0.2469841452205882 0.16997931985294115 0.3087373621323529 0.1642348345588235 0.359719669117647 0.9138901654411763 0.3058651194852941 0.9215494791666666
0 0.3274069393382353 0.26380591299019607 0.3791073069852941 0.25997625612745096 0.40711167279411764 0.9100605085784313 0.3661822150735294 0.9167624080882352
0 0.38485179227941174 0.26189108455882354 0.43583409926470584 0.26093367034313725 0.4552217371323529 0.9119753370098039 0.4128561580882353 0.9158049938725489
0 0.43870634191176466 0.2551891850490196 0.48968864889705876 0.2561465992647059 0.5018956801470588 0.9052734375 0.4566578584558823 0.9138901654411763
0 0.48968864889705876 0.2580614276960784 0.5399528952205882 0.2551891850490196 0.5485696231617647 0.8976141237745098 0.5054859834558824 0.9052734375
0 0.5521599264705882 0.18625536151960784 0.5830365349264706 0.18434053308823528 0.5780101102941176 0.8937844669117646 0.5507238051470588 0.8956992953431372
0 0.58447265625 0.18529794730392157 0.6167853860294117 0.18721277573529413 0.60888671875 0.8928270526960783 0.5808823529411764 0.8956992953431372
0 0.6203756893382353 0.19678691789215685 0.6505342371323529 0.19582950367647056 0.6397633272058824 0.8880399816176471 0.6096047794117646 0.8956992953431372
0 0.6634593290441176 0.16327742034313722 0.7007984834558822 0.1642348345588235 0.6792566636029411 0.8851677389705882 0.6483800551470588 0.8851677389705882
0 0.7108513327205882 0.1642348345588235 0.7474724264705882 0.1642348345588235 0.7194680606617646 0.8851677389705882 0.6864372702205882 0.8889973958333334
0 0.7517807904411764 0.14891620710784312 0.7898380055147058 0.14891620710784312 0.7510627297794117 0.8803806678921569 0.7216222426470588 0.8803806678921569
0 0.8006089154411764 0.2504021139705882 0.8365119485294117 0.25231694240196073 0.7927102481617646 0.8861251531862745 0.7654239430147058 0.891869638480392
0 0.8372300091911764 0.25231694240196073 0.8688246783088235 0.25231694240196073 0.823586856617647 0.8755935968137254 0.7955824908088235 0.8813380821078431
0 0.8824678308823529 0.2561465992647059 0.9226792279411764 0.25901884191176466 0.8681066176470588 0.8688916973039215 0.830767463235294 0.8698491115196078
