0 0.016486672794117647 0.16902190563725492 0.06244255514705882 0.16710707720588233 0.05454388786764705 0.8717639399509803 0.004997702205882349 0.870806525735294
0 0.06316061580882353 0.16519224877450978 0.11198874080882351 0.16232000612745098 0.10624425551470587 0.877508425245098 0.055261948529411756 0.8746361825980391
0 0.11988740808823528 0.16232000612745098 0.16225298713235292 0.15944776348039216 0.15363625919117646 0.8794232536764706 0.11127068014705882 0.8784658394607843
0 0.16440716911764705 0.16327742034313722 0.20246438419117646 0.16232000612745098 0.19241153492647056 0.8822954963235293 0.15363625919117646 0.8842103247549019
0 0.20318244485294115 0.18817018995098037 0.24770220588235292 0.18529794730392157 0.24052159926470584 0.8861251531862745 0.1974379595588235 0.8851677389705882
0 0.24770220588235292 0.24178538602941177 0.2943761488970588 0.23699831495098037 0.29150390625 0.891869638480392 0.24123965992647056 0.8899548100490194
0 0.30227481617647056 0.15561810661764705 0.3374597886029411 0.15561810661764705 0.33386948529411764 0.8870825674019608 0.2979664522058823 0.8870825674019608
0 0.3417681525735294 0.12689568014705882 0.38700597426470584 0.12593826593137256 0.384133731617647 0.891869638480392 0.33674172794117646 0.8928270526960783
0 0.39490464154411764 0.17668121936274508 0.44373276654411764 0.1757238051470588 0.43870634191176466 0.8909122242647057 0.38772403492647056 0.8909122242647057
0 0.4473230698529411 0.14508655024509803 0.5155388327205882 0.14317172181372548 0.5090762867647058 0.9033586090686274 0.4401424632352941 0.9014437806372548
0 0.5234375 0.10008808210784313 0.6045783547794117 0.09530101102941176 0.5981158088235293 0.9081456801470588 0.5141027113970588 0.9014437806372548
0 0.6117589613970588 0.1498736213235294 0.6462258731617646 0.1498736213235294 0.6390452665441176 0.9043160232843137 0.603860294117647 0.9071882659313725
0 0.6498161764705882 0.1316827512254902 0.6835650275735293 0.1316827512254902 0.6763844209558822 0.9081456801470588 0.6390452665441176 0.9062308517156862
0 0.6864372702205882 0.17476639093137256 0.7359834558823529 0.17380897671568626 0.7266486672794117 0.9110179227941176 0.6785386029411764 0.9081456801470588
0 0.7438821231617646 0.12785309436274508 0.7833754595588235 0.12785309436274508 0.7718864889705882 0.9129327512254902 0.7302389705882353 0.9119753370098039
0 0.786965762867647 0.19582950367647056 0.8501551011029411 0.19582950367647056 0.8314855238970588 0.9148475796568626 0.7740406709558822 0.9119753370098039
0 0.8594898897058822 0.11061963848039215 0.8903664981617646 0.11061963848039215 0.8774414062499999 0.9234643075980391 0.8422564338235293 0.9234643075980391
0 0.8910845588235293 0.20636106004901958 0.9470932904411764 0.20444623161764705 0.9391946231617646 0.930166207107843 0.8860581341911764 0.9282513786764706
