0 0.014332490808823525 0.12019378063725489 0.07105928308823528 0.12019378063725489 0.09260110294117646 0.9052734375 0.04233685661764705 0.9004863664215685
0 0.07034122242647058 0.0905139399509804 0.10768037683823528 0.09338618259803921 0.12778607536764705 0.9167624080882352 0.09475528492647058 0.9186772365196078
0 0.11198874080882351 0.16902190563725492 0.17374195772058823 0.1728515625 0.1852309283088235 0.9100605085784313 0.1328125 0.9148475796568626
0 0.17446001838235292 0.17859604779411764 0.23836741727941174 0.18146829044117643 0.24554802389705882 0.9129327512254902 0.19097541360294115 0.9110179227941176
0 0.24123965992647056 0.1125344669117647 0.3051470588235294 0.11732153799019607 0.3037109375 0.9292087928921569 0.24626608455882348 0.9292087928921569
0 0.3080193014705882 0.1422143075980392 0.35828354779411764 0.14317172181372548 0.35110294117647056 0.930166207107843 0.30442899816176466 0.930166207107843
0 0.3590016084558823 0.21497778799019607 0.4056755514705882 0.21976485906862744 0.3941865808823529 0.9387829350490194 0.3539751838235294 0.9378255208333334
0 0.4078297334558823 0.20636106004901958 0.469582950367647 0.2130629595588235 0.4545036764705882 0.9454848345588235 0.3956227022058823 0.940697763480392
0 0.4760454963235293 0.18625536151960784 0.518411075367647 0.18912760416666666 0.4997414981617647 0.9387829350490194 0.45881204044117646 0.940697763480392
0 0.518411075367647 0.2283815870098039 0.5492876838235293 0.2283815870098039 0.5320542279411764 0.9435700061274509 0.501177619485294 0.9397403492647057
0 0.56005859375 0.12115119485294117 0.5923713235294117 0.12210860906862743 0.5658030790441176 0.9579312193627451 0.53564453125 0.9569738051470588
0 0.5945255055147058 0.09434359681372549 0.6684857536764706 0.09721583946078431 0.6318646599264706 0.9646331188725489 0.5715475643382353 0.9588886335784313
0 0.6828469669117646 0.05413219975490196 0.7194680606617646 0.05891927083333332 0.6706399356617646 0.9713350183823528 0.6376091452205882 0.968462775735294
0 0.7130055147058822 0.24944469975490194 0.7661420036764706 0.25231694240196073 0.7280847886029411 0.9809091605392156 0.6792566636029411 0.9780369178921569
0 0.7783490349264706 0.17476639093137256 0.8343577665441176 0.17476639093137256 0.786965762867647 0.9876110600490194 0.7323931525735293 0.9809091605392156
0 0.835793887867647 0.17859604779411764 0.8889303768382353 0.18146829044117643 0.835793887867647 0.9799517463235293 0.7927102481617646 0.9732498468137254
0 0.891802619485294 0.2676355698529412 0.9600183823529411 0.2685929840686274 0.9025735294117646 0.9914407169117646 0.8365119485294117 0.9780369178921569
0 0.9715073529411764 0.1460439644607843 0.9987936580882353 0.14891620710784312 0.9973575367647058 0.48401118259803916 0.9607364430147058 0.9866536458333334 0.9061638327205882 0.9799517463235293
