0 0.08398437499999999 0.35667509191176466 0.11845128676470587 0.350930606617647 0.22759650735294118 0.8382544424019608 0.20031020220588233 0.8439989276960783
0 0.12132352941176469 0.350930606617647 0.1572265625 0.3461435355392157 0.2563189338235294 0.8353821997549019 0.22831456801470584 0.8420840992647057
0 0.16009880514705882 0.34997319240196073 0.19528377757352938 0.3461435355392157 0.28504136029411764 0.8315525428921569 0.2591911764705882 0.8382544424019608
0 0.20174632352941174 0.3672066482843137 0.23118681066176466 0.35954733455882354 0.31160960477941174 0.8258080575980391 0.28791360294117646 0.8344247855392156
0 0.23118681066176466 0.34710094975490197 0.2663717830882353 0.34327129289215685 0.33889590992647056 0.8325099571078431 0.31448184742647056 0.8382544424019608
0 0.2699620863970588 0.34231387867647056 0.3029928768382353 0.33944163602941174 0.3690544577205882 0.828680300245098 0.3374597886029411 0.8353821997549019
0 0.31160960477941174 0.33656939338235287 0.3417681525735294 0.3327397365196078 0.396340762867647 0.8181487438725489 0.371926700367647 0.8229358149509803
0 0.3496668198529411 0.33752680759803916 0.3819795496323529 0.3346545649509804 0.42578124999999994 0.821978400735294 0.3984949448529411 0.8267654718137254
0 0.3884420955882353 0.3346545649509804 0.42219094669117646 0.329867493872549 0.4537856158088235 0.8162339154411765 0.42578124999999994 0.8210209865196078
0 0.42434512867647056 0.3308249080882353 0.457375919117647 0.32795266544117646 0.4832261029411764 0.8143190870098039 0.457375919117647 0.821978400735294
0 0.4645565257352941 0.35763250612745096 0.4875344669117647 0.35380284926470584 0.5076401654411764 0.8210209865196078 0.48968864889705876 0.8277228860294117
0 0.48897058823529405 0.2676355698529412 0.5248736213235293 0.25997625612745096 0.5370806525735293 0.8143190870098039 0.5083582261029411 0.8210209865196078
0 0.530618106617647 0.32508042279411764 0.5607766544117647 0.3183785232843137 0.5686753216911764 0.8104894301470588 0.5413890165441176 0.8124042585784313
0 0.5686753216911764 0.3222081801470588 0.6002699908088235 0.3183785232843137 0.598833869485294 0.8066597732843137 0.5737017463235293 0.8124042585784313
0 0.60888671875 0.3174211090686274 0.6433536305147058 0.3116766237745098 0.6361730238970588 0.8018727022058822 0.6060144761029411 0.8114468443627451
0 0.6498161764705882 0.3145488664215686 0.6857192095588235 0.30784696691176466 0.6663315716911764 0.8037875306372548 0.6368910845588235 0.8124042585784313
0 0.6943359375 0.30976179534313725 0.7302389705882353 0.30593213848039214 0.6972081801470588 0.7990004595588235 0.6684857536764706 0.8057023590686274
0 0.738137637867647 0.31263403799019607 0.7661420036764706 0.30880438112745096 0.7244944852941176 0.7980430453431372 0.6993623621323529 0.8037875306372548
0 0.7726045496323529 0.30976179534313725 0.8135340073529411 0.3030598958333333 0.7568072150735293 0.7951708026960783 0.7244944852941176 0.7980430453431372
0 0.8135340073529411 0.30497472426470584 0.8544634650735293 0.2973154105392157 0.7891199448529411 0.7894263174019608 0.757525275735294 0.7951708026960783
0 0.8652343749999999 0.3040173100490196 0.9032915900735293 0.29827282475490197 0.8207146139705882 0.7884689031862745 0.7919921874999999 0.7932559742647057
0 0.9061638327205882 0.3001876531862745 0.940630744485294 0.29348575367647056 0.8508731617647058 0.7836818321078431 0.823586856617647 0.7846392463235293
0 0.9621725643382352 0.23891314338235292 0.9973575367647058 0.23891314338235292 0.9980755974264706 0.2858264399509804 0.8946748621323529 0.7875114889705882 0.8573357077205882 0.7894263174019608
