0 0.008588005514705878 0.09721583946078431 0.07393152573529412 0.1010454963235294 0.13568474264705882 0.9512293198529411 0.08398437499999999 0.9512293198529411
0 0.08829273897058823 0.2954005821078431 0.1364028033088235 0.29444316789215685 0.18020450367647056 0.9512293198529411 0.14071116727941174 0.9521867340686274
0 0.1457375919117647 0.3001876531862745 0.2204159007352941 0.3001876531862745 0.24985638786764702 0.9435700061274509 0.18882123161764705 0.9483570772058822
0 0.2218520220588235 0.302102481617647 0.2936580882352941 0.3040173100490196 0.31448184742647056 0.9416551776960783 0.2520105698529412 0.947399662990196
0 0.29940257352941174 0.232211243872549 0.3317153033088235 0.232211243872549 0.34607651654411764 0.9454848345588235 0.31591796875 0.9454848345588235
0 0.33386948529411764 0.23604090073529407 0.36546415441176466 0.23699831495098037 0.3762350643382353 0.9502719056372548 0.3467945772058823 0.9502719056372548
0 0.371926700367647 0.30593213848039214 0.41931870404411764 0.31071920955882354 0.4186006433823529 0.9464422487745097 0.3805434283088235 0.9502719056372548
0 0.42649931066176466 0.19965916053921565 0.48178998161764697 0.1987017463235294 0.4681468290441176 0.9416551776960783 0.42434512867647056 0.9483570772058822
0 0.4882525275735293 0.2034888174019608 0.5370806525735293 0.2034888174019608 0.513384650735294 0.9359106924019608 0.4717371323529411 0.9426125919117646
0 0.5485696231617647 0.24465762867647056 0.574419806985294 0.24657245710784312 0.5442612591911764 0.9378255208333334 0.5198471966911764 0.940697763480392
0 0.5772920496323529 0.24465762867647056 0.603860294117647 0.24561504289215685 0.5665211397058824 0.9282513786764706 0.5464154411764706 0.930166207107843
0 0.6067325367647058 0.3135914522058823 0.659869025735294 0.31263403799019607 0.6225298713235293 0.9349532781862745 0.5758559283088235 0.9378255208333334
0 0.6684857536764706 0.3174211090686274 0.7201861213235293 0.3174211090686274 0.677102481617647 0.9378255208333334 0.6289924172794117 0.9416551776960783
0 0.733111213235294 0.21497778799019607 0.7639878216911764 0.21689261642156862 0.7036707261029411 0.9349532781862745 0.6778205422794117 0.9349532781862745
0 0.7668600643382353 0.21593520220588233 0.7955824908088235 0.21880744485294115 0.7323931525735293 0.9330384497549019 0.7058249080882353 0.9349532781862745
0 0.8027630974264706 0.21593520220588233 0.8436925551470588 0.21593520220588233 0.769732306985294 0.9339958639705882 0.738137637867647 0.9339958639705882
0 0.8494370404411764 0.21593520220588233 0.8896484374999999 0.21880744485294115 0.8092256433823529 0.9368681066176471 0.774758731617647 0.9359106924019608
0 0.8781594669117646 0.32412300857843135 0.9233972886029411 0.32699525122549017 0.8487189797794117 0.9311236213235293 0.8142520680147058 0.930166207107843
0 0.9442210477941175 0.24178538602941177 0.999755859375 0.24348958333333334 0.9147805606617646 0.9320810355392156 0.8716969209558822 0.9349532781862745
