0 0.006433823529411763 0.10774739583333333 0.10911649816176469 0.8976141237745098 0.08398437499999999 0.8947418811274509 0.0 0.3225911458333333
0 0.01505055147058823 0.1087048100490196 0.056698069852941166 0.1087048100490196 0.1457375919117647 0.9004863664215685 0.10911649816176469 0.9004863664215685
0 0.06890510110294117 0.20636106004901958 0.10049977022058823 0.20731847426470587 0.17374195772058823 0.898571537990196 0.1486098345588235 0.8966567095588235
0 0.10265395220588233 0.21210554534313722 0.13783892463235292 0.21210554534313722 0.19887408088235292 0.9043160232843137 0.17374195772058823 0.9043160232843137
0 0.13712086397058823 0.2101907169117647 0.17517807904411764 0.20636106004901958 0.22831456801470584 0.9043160232843137 0.19887408088235292 0.9024011948529411
0 0.17805032169117646 0.20636106004901958 0.2082088694852941 0.20731847426470587 0.2584731158088235 0.9062308517156862 0.22903262867647056 0.9033586090686274
0 0.2067727481617647 0.09721583946078431 0.24195772058823528 0.09530101102941176 0.2929400275735294 0.9100605085784313 0.262063419117647 0.9081456801470588
0 0.2541647518382353 0.2034888174019608 0.32453469669117646 0.2025314031862745 0.3525390625 0.9091030943627451 0.29940257352941174 0.9091030943627451
0 0.3252527573529411 0.08668428308823528 0.35110294117647056 0.08668428308823528 0.3791073069852941 0.9100605085784313 0.3561293658088235 0.9071882659313725
0 0.3539751838235294 0.1728515625 0.39705882352941174 0.17380897671568626 0.4157284007352941 0.919634650735294 0.3791073069852941 0.9177198223039215
0 0.4107019761029411 0.16232000612745098 0.469582950367647 0.16040517769607843 0.4681468290441176 0.9167624080882352 0.4178825827205882 0.9138901654411763
0 0.4832261029411764 0.0225375306372549 0.5342084099264706 0.0225375306372549 0.5119485294117647 0.9177198223039215 0.4717371323529411 0.9177198223039215
0 0.53564453125 0.07328048406862744 0.5658030790441176 0.07423789828431372 0.537798713235294 0.9177198223039215 0.5191291360294117 0.9177198223039215
0 0.5708295036764706 0.027324601715686275 0.6218118106617646 0.028282015931372546 0.5787281709558824 0.919634650735294 0.5406709558823529 0.919634650735294
0 0.6225298713235293 0.0713656556372549 0.6656135110294117 0.07232306985294117 0.6139131433823529 0.9225068933823528 0.579446231617647 0.9177198223039215
0 0.6950539981617646 0.006261488970588235 0.7467543658088235 0.0072189031862745084 0.7101332720588235 0.9339958639705882 0.6713579963235293 0.9359106924019608
0 0.7474724264705882 0.0005170036764705876 0.8178423713235293 0.001474417892156862 0.7603975183823529 0.9435700061274509 0.7108513327205882 0.9359106924019608
0 0.8278952205882353 0.009133731617647058 0.9140624999999999 0.001474417892156862 0.8343577665441176 0.9521867340686274 0.762551700367647 0.9445274203431372
