0 0.038746553308823525 0.07423789828431372 0.09116498161764705 0.08093979779411764 0.07536764705882353 0.9981426164215685 0.020076976102941173 0.9981426164215685
0 0.09906364889705882 0.08285462622549018 0.13712086397058823 0.08764169730392156 0.12347771139705882 0.9943129595588235 0.07823988970588235 0.9981426164215685
0 0.14430147058823528 0.08859911151960782 0.1830767463235294 0.09147135416666667 0.16656135110294115 0.989525888480392 0.12419577205882351 0.996227787990196
0 0.18882123161764705 0.04647288602941176 0.2211339613970588 0.05030254289215686 0.20461856617647056 0.9885684742647057 0.1708697150735294 0.9923981311274509
0 0.23334099264705882 0.05030254289215686 0.2821691176470588 0.05796185661764705 0.26349954044117646 0.978994332107843 0.20892693014705882 0.9828239889705882
0 0.2886316636029412 0.05508961397058823 0.32597081801470584 0.05891927083333332 0.30227481617647056 0.9713350183823528 0.26493566176470584 0.975164675245098
0 0.3309972426470588 0.06753599877450979 0.37479894301470584 0.0713656556372549 0.34894875919117646 0.9608034620098039 0.3037109375 0.9646331188725489
0 0.37767118566176466 0.07328048406862744 0.4200367647058823 0.07519531249999999 0.3941865808823529 0.9579312193627451 0.3496668198529411 0.9608034620098039
0 0.4293715533088235 0.06274892769607843 0.4667107077205882 0.06753599877450979 0.43439797794117646 0.9617608762254902 0.39777688419117646 0.9617608762254902
0 0.4681468290441176 0.1470013786764706 0.5270278033088235 0.15657552083333331 0.49686925551470584 0.9483570772058822 0.43655215992647056 0.9579312193627451
0 0.5313361672794117 0.10583256740196077 0.5737017463235293 0.11349188112745097 0.537798713235294 0.9416551776960783 0.4983053768382353 0.9445274203431372
0 0.574419806985294 0.08285462622549018 0.6175034466911764 0.08859911151960782 0.5851907169117646 0.9311236213235293 0.5435431985294117 0.9349532781862745
0 0.6225298713235293 0.11444929534313725 0.6634593290441176 0.11827895220588235 0.6318646599264706 0.9359106924019608 0.5880629595588235 0.9378255208333334
0 0.6692038143382353 0.1087048100490196 0.7000804227941176 0.1125344669117647 0.6656135110294117 0.9368681066176471 0.6340188419117646 0.9368681066176471
0 0.70654296875 0.1795534620098039 0.7790670955882353 0.19199984681372548 0.7553710937499999 0.9244217218137254 0.6835650275735293 0.9320810355392156
0 0.7805032169117646 0.18529794730392157 0.8164062499999999 0.19008501838235292 0.7984547334558822 0.9167624080882352 0.7611155790441176 0.9177198223039215
0 0.8164062499999999 0.193914675245098 0.8515912224264706 0.19965916053921565 0.8365119485294117 0.9014437806372548 0.7984547334558822 0.9081456801470588
0 0.8487189797794117 0.1125344669117647 0.8810317095588235 0.11636412377450979 0.8652343749999999 0.8899548100490194 0.8350758272058822 0.891869638480392
0 0.8896484374999999 0.10678998161764706 0.9119083180147058 0.11061963848039215 0.8932387408088235 0.8899548100490194 0.8681066176470588 0.8909122242647057
0 0.9119083180147058 0.14508655024509803 0.9478113511029411 0.1460439644607843 0.9255514705882353 0.8784658394607843 0.8939568014705882 0.8794232536764706
