0 0.004279641544117644 0.27050781249999994 0.040182674632352935 0.27050781249999994 0.10696231617647059 0.9608034620098039 0.07895795036764705 0.9655905330882352
0 0.048081341911764705 0.25997625612745096 0.08326631433823528 0.26093367034313725 0.14071116727941174 0.9512293198529411 0.1105526194852941 0.9560163909313725
0 0.09044692095588235 0.33656939338235287 0.13999310661764705 0.33656939338235287 0.18953929227941174 0.9272939644607843 0.14932789522058823 0.9311236213235293
0 0.14286534926470587 0.32795266544117646 0.19025735294117646 0.32795266544117646 0.22903262867647056 0.9253791360294117 0.19025735294117646 0.9292087928921569
0 0.19097541360294115 0.25901884191176466 0.2218520220588235 0.2580614276960784 0.2577550551470588 0.9416551776960783 0.22903262867647056 0.9416551776960783
0 0.22831456801470584 0.2551891850490196 0.2577550551470588 0.2551891850490196 0.28791360294117646 0.9330384497549019 0.26134535845588236 0.9378255208333334
0 0.2615042021780303 0.25560290404040403 0.29405628551136365 0.25560290404040403 0.31699070785984845 0.9332780934343434 0.28813772490530304 0.9362373737373737
0 0.2977553858901515 0.24672506313131312 0.32734818892045453 0.24672506313131312 0.34140477035984845 0.9293323863636364 0.31699070785984845 0.9303188131313131
0 0.33252692945075757 0.2437657828282828 0.35990027225378785 0.24179292929292928 0.3709975733901515 0.9273595328282828 0.3436242305871212 0.9293323863636364
0 0.3606400923295454 0.24179292929292928 0.390972715435606 0.2378472222222222 0.3991107362689394 0.926373106060606 0.37173739346590906 0.926373106060606
0 0.3946718158143939 0.08889678030303029 0.4442397608901515 0.08889678030303029 0.4442397608901515 0.9184816919191919 0.405029296875 0.926373106060606
0 0.4479388612689394 0.09086963383838383 0.49454752604166663 0.09185606060606061 0.48419004498106055 0.9125631313131312 0.4464592211174242 0.9165088383838383
0 0.4952873461174242 0.0859375 0.5256199692234849 0.0859375 0.5093439275568181 0.9017124368686869 0.48419004498106055 0.9046717171717171
0 0.5293190696022727 0.08199179292929293 0.5788870146780303 0.08396464646464646 0.5522534919507576 0.9046717171717171 0.5123032078598485 0.9076309974747474
0 0.5833259351325757 0.08396464646464646 0.6203169389204545 0.0859375 0.5833259351325757 0.8977667297979798 0.5537331321022727 0.90072601010101
0 0.6158780184659091 0.19740372474747472 0.6883803858901515 0.2013494318181818 0.645470821496212 0.8908617424242423 0.5840657552083333 0.8928345959595959
0 0.7009573271780303 0.00011837121212121086 0.7386881510416666 0.00011837121212121086 0.6780229048295454 0.887902462121212 0.6469504616477273 0.887902462121212
0 0.7401677911931818 0.0011047979797979789 0.771240234375 0.0020912247474747466 0.7061360677083333 0.8839567550505051 0.6809821851325757 0.8839567550505051
0 0.7608827533143939 0.18951231060606058 0.7978737571022727 0.19148516414141414 0.7372085108901515 0.8809974747474748 0.7090953480113636 0.8829703282828283
0 0.7986135771780303 0.18951231060606058 0.8333851207386364 0.18951231060606058 0.7668013139204545 0.8731060606060606 0.7460863517992424 0.8760653409090908
0 0.8326453006628788 0.19345801767676765 0.8592788233901515 0.1924715909090909 0.7889959161931818 0.8711332070707071 0.767541133996212 0.8721196338383838
0 0.8762946851325757 0.07114109848484848 0.9095865885416666 0.07114109848484848 0.820068359375 0.8691603535353535 0.795654296875 0.8711332070707071
0 0.8977494673295454 0.19345801767676765 0.9362201112689393 0.19345801767676765 0.854839902935606 0.8652146464646465 0.8274665601325757 0.8691603535353535
0 0.9436183120265151 0.1924715909090909 0.9828287760416665 0.19049873737373735 0.898489287405303 0.8602825126262625 0.8622381036931818 0.8632417929292928
0 0.9954057173295454 0.18951231060606058 0.9983649976325757 0.4015940656565657 0.9325210108901515 0.8484453914141414 0.8977494673295454 0.8523910984848485
