0 0.0014073988970588203 0.09530101102941176 0.022231158088235288 0.09625842524509803 0.11342486213235292 0.8727213541666666 0.09547334558823528 0.8755935968137254
0 0.022949218749999993 0.09434359681372549 0.07321346507352941 0.09242876838235294 0.1572265625 0.8813380821078431 0.11773322610294118 0.8861251531862745
0 0.0724954044117647 0.09530101102941176 0.10911649816176469 0.09625842524509803 0.18810317095588233 0.8794232536764706 0.1586626838235294 0.8803806678921569
0 0.13065831801470587 0.20827588848039214 0.20102826286764705 0.2101907169117647 0.24842026654411764 0.8794232536764706 0.18810317095588233 0.8736787683823528
0 0.19097541360294115 0.004346660539215686 0.22257008272058823 0.002431832107843137 0.279296875 0.877508425245098 0.24842026654411764 0.8765510110294117
0 0.22831456801470584 0.002431832107843137 0.26278147977941174 0.001474417892156862 0.3073012408088235 0.8794232536764706 0.279296875 0.8794232536764706
0 0.27714269301470584 0.20061657475490194 0.3173540900735294 0.1987017463235294 0.3396139705882353 0.8755935968137254 0.3073012408088235 0.8784658394607843
0 0.3195082720588235 0.20061657475490194 0.3568474264705882 0.20061657475490194 0.37336282169117646 0.8746361825980391 0.3417681525735294 0.8784658394607843
0 0.3590016084558823 0.19965916053921565 0.38485179227941174 0.20061657475490194 0.3927504595588235 0.8736787683823528 0.37336282169117646 0.870806525735294
0 0.38269761029411764 0.07040824142156862 0.42147288602941174 0.0713656556372549 0.4272173713235294 0.8746361825980391 0.3956227022058823 0.8755935968137254
0 0.4300896139705882 0.1987017463235294 0.469582950367647 0.1987017463235294 0.46527458639705876 0.8698491115196078 0.4300896139705882 0.8736787683823528
0 0.4738913143382353 0.19582950367647056 0.5234375 0.19582950367647056 0.5054859834558824 0.8698491115196078 0.47101907169117646 0.8698491115196078
0 0.5277458639705882 0.18912760416666666 0.574419806985294 0.19008501838235292 0.5442612591911764 0.8669768688725489 0.5090762867647058 0.8660194546568626
0 0.579446231617647 0.18529794730392157 0.6196576286764706 0.18434053308823528 0.58447265625 0.8650620404411765 0.550005744485294 0.8669768688725489
0 0.6268382352941176 0.11157705269607843 0.664895450367647 0.1125344669117647 0.6146312040441176 0.8612323835784313 0.5859087775735293 0.8631472120098039
0 0.6620232077205882 0.1795534620098039 0.696490119485294 0.183383118872549 0.647661994485294 0.8621897977941176 0.6167853860294117 0.8593175551470588
0 0.6986443014705882 0.17668121936274508 0.7367015165441176 0.1795534620098039 0.6799747242647058 0.8621897977941176 0.6512522977941176 0.8621897977941176
0 0.7438821231617646 0.10296032475490195 0.7733226102941176 0.10583256740196077 0.708697150735294 0.8669768688725489 0.6850011488970588 0.8641046262254902
0 0.7754767922794117 0.10391773897058822 0.8034811580882353 0.10583256740196077 0.7323931525735293 0.8688916973039215 0.7108513327205882 0.8650620404411765
0 0.8027630974264706 0.09434359681372549 0.8322035845588235 0.09530101102941176 0.7560891544117646 0.8612323835784313 0.7338292738970588 0.8593175551470588
0 0.8350758272058822 0.09242876838235294 0.860207950367647 0.09530101102941176 0.7790670955882353 0.8564453125 0.7582433363970588 0.8545304840686274
0 0.8566176470588235 0.16327742034313722 0.8939568014705882 0.16327742034313722 0.8178423713235293 0.8554878982843137 0.7826573988970588 0.8516582414215685
0 0.9025735294117646 0.15083103553921567 0.9399126838235293 0.15178844975490194 0.8587718290441175 0.8631472120098039 0.8243049172794117 0.8574027267156862
