0 0.044491038602941166 0.2101907169117647 0.07393152573529412 0.20827588848039214 0.061724494485294115 0.8353821997549019 0.03946461397058823 0.8353821997549019
0 0.07823988970588235 0.1728515625 0.12060546875 0.16902190563725492 0.10193589154411764 0.8478285845588235 0.06531479779411764 0.8439989276960783
0 0.12132352941176469 0.2504021139705882 0.14932789522058823 0.24848728553921565 0.12994025735294115 0.8545304840686274 0.10409007352941174 0.8526156556372548
0 0.14932789522058823 0.2676355698529412 0.1823586856617647 0.2647633272058823 0.16799747242647056 0.8554878982843137 0.1349666819852941 0.8554878982843137
0 0.1823586856617647 0.26189108455882354 0.2204159007352941 0.25997625612745096 0.2096449908088235 0.8641046262254902 0.1701516544117647 0.8621897977941176
0 0.22257008272058823 0.17859604779411764 0.25560087316176466 0.17668121936274508 0.24052159926470584 0.8679342830882352 0.2096449908088235 0.8679342830882352
0 0.26062729779411764 0.18242570465686272 0.286477481617647 0.1795534620098039 0.26708984375 0.8727213541666666 0.24554802389705882 0.8698491115196078
0 0.286477481617647 0.1795534620098039 0.3173540900735294 0.17380897671568626 0.30155675551470584 0.8794232536764706 0.2713982077205882 0.8765510110294117
0 0.3187902113970588 0.17380897671568626 0.35038488051470584 0.16806449142156862 0.33674172794117646 0.8861251531862745 0.30227481617647056 0.8794232536764706
0 0.36043772977941174 0.17859604779411764 0.4042394301470588 0.17476639093137256 0.38700597426470584 0.8880399816176471 0.3439223345588235 0.8851677389705882
0 0.4042394301470588 0.22550934436274508 0.42865349264705876 0.22550934436274508 0.41429227941176466 0.8966567095588235 0.3905962775735294 0.8928270526960783
0 0.4279354319852941 0.21976485906862744 0.4659926470588235 0.2207222732843137 0.4516314338235294 0.9004863664215685 0.4150103400735294 0.898571537990196
0 0.47030101102941174 0.22550934436274508 0.51123046875 0.22359451593137256 0.4961511948529411 0.9043160232843137 0.457375919117647 0.9014437806372548
0 0.513384650735294 0.21785003063725486 0.56005859375 0.21689261642156862 0.5471335018382353 0.9119753370098039 0.5018956801470588 0.9062308517156862
0 0.567239200367647 0.1498736213235294 0.6031422334558824 0.14508655024509803 0.5909352022058824 0.9100605085784313 0.550005744485294 0.9100605085784313
0 0.6103228400735293 0.03977098651960784 0.6361730238970588 0.035941329656862746 0.6189395680147058 0.9215494791666666 0.5923713235294117 0.9215494791666666
0 0.635454963235294 0.1087048100490196 0.6656135110294117 0.10296032475490195 0.6490981158088235 0.9253791360294117 0.6203756893382353 0.9205920649509803
0 0.6663315716911764 0.20061657475490194 0.7079790900735293 0.1987017463235294 0.6914636948529411 0.9320810355392156 0.6483800551470588 0.9282513786764706
0 0.7101332720588235 0.09338618259803921 0.757525275735294 0.08764169730392156 0.7367015165441176 0.9397403492647057 0.6943359375 0.9311236213235293
0 0.7589613970588235 0.0905139399509804 0.8027630974264706 0.08668428308823528 0.7855296415441176 0.9445274203431372 0.7417279411764706 0.9378255208333334
0 0.8041992187499999 0.12210860906862743 0.8609260110294117 0.11444929534313725 0.842974494485294 0.947399662990196 0.7898380055147058 0.9378255208333334
0 0.8716969209558822 0.08093979779411764 0.9147805606617646 0.07519531249999999 0.8896484374999999 0.9502719056372548 0.8472828584558822 0.9445274203431372
0 0.9190889246323529 0.18146829044117643 0.9916130514705881 0.1728515625 0.9643267463235293 0.9588886335784313 0.8946748621323529 0.9483570772058822
