0 0.005526455965909088 0.2802635732323232 0.21933445785984845 0.27237215909090906 0.2548458214962121 0.9056581439393939 0.09504468513257575 0.9174952651515151
0 0.22155391808712122 0.29703282828282823 0.2615042021780303 0.29505997474747475 0.3007146661931818 0.9184816919191919 0.2652033025568182 0.9194681186868686
0 0.2629838423295454 0.298019255050505 0.30441376657196967 0.2930871212121212 0.33918531013257575 0.926373106060606 0.30219430634469696 0.9283459595959594
0 0.307373046875 0.3009785353535353 0.33918531013257575 0.3029513888888889 0.3643391927083333 0.9273595328282828 0.3399251302083333 0.9293323863636364
0 0.3406649502840909 0.29999210858585856 0.366558652935606 0.298019255050505 0.38801343513257575 0.9234138257575757 0.36581883285984845 0.9273595328282828
0 0.3709975733901515 0.27730429292929293 0.41242749763257575 0.27335858585858586 0.4227849786931818 0.9244002525252525 0.38801343513257575 0.9244002525252525
0 0.415386777935606 0.34240845959595956 0.44571940104166663 0.34240845959595956 0.4531176017992424 0.9253866792929292 0.42500443892045453 0.9244002525252525
0 0.45089814157196967 0.2871685606060606 0.4827104048295454 0.28815498737373735 0.48197058475378785 0.9283459595959594 0.4531176017992424 0.9273595328282828
0 0.4856696851325757 0.28914141414141414 0.5189615885416666 0.28914141414141414 0.5100837476325757 0.9283459595959594 0.483450224905303 0.9283459595959594
0 0.5226606889204545 0.29999210858585856 0.5507738517992424 0.298019255050505 0.5344978101325757 0.9372238005050505 0.5130430279356061 0.9382102272727272
0 0.5537331321022727 0.29703282828282823 0.5818462949810606 0.29703282828282823 0.5611313328598485 0.939196654040404 0.5381969105113636 0.939196654040404
0 0.5877648555871212 0.28519570707070707 0.6180974786931818 0.28519570707070707 0.5922037760416666 0.9322916666666666 0.5663100733901515 0.9332780934343434
0 0.6180974786931818 0.3591777146464646 0.6595274029356061 0.35819128787878785 0.6277151396780303 0.9135495580808081 0.5951630563446969 0.9135495580808081
0 0.6602672230113636 0.35325915404040403 0.7039166074810606 0.35128630050505044 0.6661857836174242 0.9155224116161617 0.629934599905303 0.9135495580808081
0 0.7090953480113636 0.2921006944444444 0.7372085108901515 0.2911142676767677 0.6994776870265151 0.9303188131313131 0.6721043442234849 0.9273595328282828
0 0.743127071496212 0.28914141414141414 0.7705004142992424 0.28914141414141414 0.7268510298295454 0.9283459595959594 0.7009573271780303 0.9303188131313131
0 0.7786384351325757 0.2901278409090909 0.8045321377840908 0.2901278409090909 0.752004912405303 0.9273595328282828 0.727590849905303 0.9283459595959594
0 0.8082312381628788 0.28223642676767674 0.8363444010416666 0.28223642676767674 0.7771587949810606 0.9253866792929292 0.7534845525568181 0.9244002525252525
0 0.8393036813446969 0.2802635732323232 0.8659372040719696 0.28125 0.8052719578598484 0.9283459595959594 0.7786384351325757 0.9273595328282828
0 0.8666770241477272 0.27927714646464646 0.8992291074810606 0.27927714646464646 0.8319054805871212 0.9283459595959594 0.8067515980113636 0.9283459595959594
0 0.9155051491477272 0.13525883838383837 0.9606341737689393 0.13920454545454544 0.8770345052083333 0.926373106060606 0.8385638612689393 0.9253866792929292
0 0.9606341737689393 0.13821811868686867 0.9968853574810606 0.14216382575757575 0.9118060487689393 0.9234138257575757 0.8770345052083333 0.9253866792929292
