0 0.0014073988970588203 0.19008501838235292 0.030129825367647058 0.18625536151960784 0.020795036764705878 0.8889973958333334 0.0006893382352941152 0.8889973958333334
0 0.03156594669117647 0.183383118872549 0.06746897977941176 0.18146829044117643 0.05598000919117646 0.8976141237745098 0.023667279411764705 0.8947418811274509
0 0.07105928308823528 0.19008501838235292 0.11486098345588233 0.18817018995098037 0.10480813419117646 0.8928270526960783 0.06387867647058823 0.8966567095588235
0 0.11557904411764705 0.2398705575980392 0.13855698529411764 0.23604090073529407 0.13065831801470587 0.8995289522058822 0.1083984375 0.9024011948529411
0 0.13783892463235292 0.23604090073529407 0.17230583639705882 0.232211243872549 0.16871553308823528 0.9014437806372548 0.13065831801470587 0.8995289522058822
0 0.17446001838235292 0.22646675857843135 0.21826171874999997 0.22742417279411764 0.2082088694852941 0.9014437806372548 0.17230583639705882 0.9014437806372548
0 0.21969784007352938 0.2293390012254902 0.262063419117647 0.22646675857843135 0.26062729779411764 0.9033586090686274 0.21323529411764705 0.9033586090686274
0 0.2699620863970588 0.16232000612745098 0.30227481617647056 0.16040517769607843 0.29724839154411764 0.9043160232843137 0.26493566176470584 0.9014437806372548
0 0.3037109375 0.05700444240196078 0.3295611213235294 0.05317478553921568 0.32453469669117646 0.9110179227941176 0.298684512867647 0.9100605085784313
0 0.3324333639705882 0.12402343749999999 0.35828354779411764 0.11827895220588235 0.3518210018382353 0.9110179227941176 0.32597081801470584 0.9081456801470588
0 0.3618738511029411 0.2130629595588235 0.39490464154411764 0.2101907169117647 0.3905962775735294 0.9119753370098039 0.35325712316176466 0.9110179227941176
0 0.3984949448529411 0.10678998161764706 0.43870634191176466 0.1048751531862745 0.4322437959558823 0.9158049938725489 0.3905962775735294 0.9100605085784313
0 0.4401424632352941 0.10678998161764706 0.4760454963235293 0.10296032475490195 0.4760454963235293 0.9148475796568626 0.43798828124999994 0.9158049938725489
0 0.4918428308823529 0.13551240808823528 0.530618106617647 0.12976792279411764 0.5299000459558824 0.9148475796568626 0.4860983455882353 0.9138901654411763
0 0.5413890165441176 0.09721583946078431 0.5772920496323529 0.09530101102941176 0.572265625 0.9129327512254902 0.5342084099264706 0.9110179227941176
0 0.5859087775735293 0.19199984681372548 0.6447897518382353 0.18529794730392157 0.6340188419117646 0.9186772365196078 0.5787281709558824 0.9119753370098039
0 0.6591509650735293 0.09721583946078431 0.7108513327205882 0.09434359681372549 0.6928998161764706 0.9138901654411763 0.6397633272058824 0.9129327512254902
0 0.71875 0.1613625919117647 0.7532169117647058 0.15561810661764705 0.7338292738970588 0.9167624080882352 0.7000804227941176 0.9119753370098039
0 0.7668600643382353 0.12210860906862743 0.8214326746323529 0.12115119485294117 0.7963005514705882 0.9158049938725489 0.7460363051470588 0.9119753370098039
0 0.8293313419117646 0.1087048100490196 0.879595588235294 0.1048751531862745 0.8523092830882353 0.919634650735294 0.7998908547794117 0.9138901654411763
