0 0.002843520220588234 0.3825252757352941 0.09331916360294117 0.9531441482843137 0.07034122242647058 0.9531441482843137 0.002843520220588234 0.5385837928921569
0 0.004279641544117644 0.34135646446078427 0.03300206801470588 0.340399050245098 0.1227596507352941 0.9493144914215685 0.09547334558823528 0.9521867340686274 0.0014073988970588203 0.361462162990196
0 0.03515624999999999 0.33944163602941174 0.06818704044117646 0.33944163602941174 0.15507238051470587 0.9541015625 0.1227596507352941 0.9541015625
0 0.08183019301470587 0.35380284926470584 0.12419577205882351 0.35284543504901955 0.19959214154411764 0.9531441482843137 0.16368910845588233 0.9579312193627451
0 0.1328125 0.40358838848039214 0.1579446231617647 0.40263097426470584 0.22400620404411764 0.9560163909313725 0.20246438419117646 0.9550589767156862
0 0.16009880514705882 0.40167356004901955 0.1974379595588235 0.4007161458333333 0.2548828125 0.9569738051470588 0.22400620404411764 0.9569738051470588
0 0.20031020220588233 0.4007161458333333 0.24052159926470584 0.3949716605392157 0.2936580882352941 0.9541015625 0.2591911764705882 0.9560163909313725
0 0.24411190257352938 0.40167356004901955 0.29006778492647056 0.40167356004901955 0.3345875459558823 0.9579312193627451 0.2943761488970588 0.9588886335784313
0 0.2907858455882353 0.32795266544117646 0.32597081801470584 0.32795266544117646 0.3676183363970588 0.9521867340686274 0.335305606617647 0.9521867340686274
0 0.323098575367647 0.2293390012254902 0.34823069852941174 0.22742417279411764 0.3884420955882353 0.9598460477941176 0.3690544577205882 0.9588886335784313
0 0.35325712316176466 0.2973154105392157 0.3798253676470588 0.2973154105392157 0.4128561580882353 0.9598460477941176 0.3884420955882353 0.9569738051470588
0 0.38916015624999994 0.39114200367647056 0.4250631893382353 0.39114200367647056 0.4444508272058823 0.9579312193627451 0.4157284007352941 0.9598460477941176
0 0.42362706801470584 0.29061351102941174 0.4645565257352941 0.29157092524509803 0.4789177389705882 0.9627182904411763 0.44588694852941174 0.9588886335784313
0 0.4681468290441176 0.2954005821078431 0.506204044117647 0.29444316789215685 0.5141027113970588 0.9588886335784313 0.4825080422794117 0.9579312193627451
0 0.5155388327205882 0.32029335171568624 0.5629308363970588 0.32412300857843135 0.5571863511029411 0.9550589767156862 0.5191291360294117 0.9541015625
0 0.567239200367647 0.2877412683823529 0.6103228400735293 0.2877412683823529 0.5894990808823529 0.9512293198529411 0.5607766544117647 0.9493144914215685
0 0.6117589613970588 0.3825252757352941 0.6670496323529411 0.3834826899509804 0.640481387867647 0.9521867340686274 0.5938074448529411 0.9483570772058822
0 0.6828469669117646 0.2925283394607843 0.733111213235294 0.28965609681372545 0.684283088235294 0.9445274203431372 0.6447897518382353 0.9445274203431372
0 0.7374195772058822 0.35858992034313725 0.7690142463235293 0.35476026348039214 0.7173138786764706 0.9454848345588235 0.6857192095588235 0.9445274203431372
0 0.7833754595588235 0.32125076593137253 0.8350758272058822 0.32029335171568624 0.7618336397058822 0.9426125919117646 0.7223403033088235 0.940697763480392
0 0.835793887867647 0.3174211090686274 0.8896484374999999 0.3135914522058823 0.8027630974264706 0.9454848345588235 0.7639878216911764 0.940697763480392
