0 0.030680338541666657 0.19148516414141414 0.07950846354166666 0.18951231060606058 0.1697665127840909 0.90072601010101 0.1305560487689394 0.9026988636363636
0 0.09578450520833331 0.26645359848484845 0.15570993134469696 0.26152146464646464 0.23191139914772724 0.8987531565656566 0.18012399384469696 0.90072601010101
0 0.16458777225378787 0.28815498737373735 0.25410600142045453 0.2842092803030303 0.31847034801136365 0.9066445707070706 0.23856977982954541 0.9115767045454545
0 0.25928474195075757 0.23291508838383837 0.3058934067234848 0.22995580808080807 0.36137991240530304 0.9046717171717171 0.32290926846590906 0.9066445707070706
0 0.307373046875 0.22798295454545456 0.3428844105113636 0.22502367424242423 0.3931921756628788 0.90072601010101 0.3650790127840909 0.9026988636363636
0 0.35176225142045453 0.2289693813131313 0.380615234375 0.22502367424242423 0.42426461884469696 0.9026988636363636 0.39615145596590906 0.9046717171717171
0 0.3850541548295454 0.25067077020202017 0.5973825165719696 0.23982007575757572 0.5892444957386364 0.8948074494949494 0.4227849786931818 0.8967803030303031
0 0.6033010771780303 0.2605350378787879 0.6506495620265151 0.2605350378787879 0.6343735203598485 0.9066445707070706 0.5981223366477273 0.9056581439393939
0 0.6513893821022727 0.2625078914141414 0.6972582267992424 0.2595486111111111 0.6780229048295454 0.9155224116161617 0.6380726207386364 0.9155224116161617
0 0.7002175071022727 0.26645359848484845 0.7320297703598484 0.268426452020202 0.7068758877840908 0.9194681186868686 0.6802423650568181 0.9174952651515151
0 0.7312899502840908 0.264480744949495 0.7616225733901515 0.2625078914141414 0.7320297703598484 0.9165088383838383 0.7068758877840908 0.9184816919191919
0 0.7690207741477272 0.2408065025252525 0.8097108783143939 0.23982007575757572 0.7682809540719696 0.9194681186868686 0.7335094105113636 0.9194681186868686
0 0.8089710582386364 0.3128156565656565 0.8437426017992424 0.3128156565656565 0.7971339370265151 0.9214409722222222 0.7697605942234849 0.9174952651515151
0 0.8518806226325757 0.25165719696969696 0.8829530658143939 0.25461647727272724 0.830425840435606 0.9224273989898989 0.8000932173295454 0.9204545454545454
0 0.8918309067234848 0.25264362373737376 0.9258626302083333 0.24968434343434343 0.8644575639204545 0.9293323863636364 0.8319054805871212 0.9234138257575757
0 0.9340006510416666 0.2625078914141414 0.9658129142992424 0.2625078914141414 0.8962698271780303 0.9362373737373737 0.8711159446022727 0.9362373737373737
0 0.9724712949810606 0.2605350378787879 0.9983649976325757 0.2595486111111111 0.9266024502840908 0.9382102272727272 0.8992291074810606 0.9372238005050505
