0 0.002125459558823529 0.1460439644607843 0.048081341911764705 0.1460439644607843 0.05454388786764705 0.9024011948529411 0.0006893382352941152 0.9062308517156862
0 0.049517463235294115 0.24848728553921565 0.1105526194852941 0.2504021139705882 0.11701516544117646 0.9071882659313725 0.056698069852941166 0.9110179227941176
0 0.11988740808823528 0.16806449142156862 0.16727941176470587 0.16902190563725492 0.17446001838235292 0.9091030943627451 0.12706801470588233 0.9091030943627451
0 0.17374195772058823 0.16997931985294115 0.21754365808823528 0.16997931985294115 0.22472426470588236 0.9091030943627451 0.17876838235294115 0.9091030943627451
0 0.21969784007352938 0.13646982230392155 0.24913832720588236 0.13646982230392155 0.2563189338235294 0.9062308517156862 0.22616038602941174 0.9062308517156862
0 0.24985638786764702 0.1383846507352941 0.2785788143382353 0.13742723651960784 0.2843232996323529 0.9071882659313725 0.2570369944852941 0.9071882659313725
0 0.28001493566176466 0.16997931985294115 0.3173540900735294 0.16902190563725492 0.3223805147058823 0.9043160232843137 0.2857594209558823 0.9033586090686274
0 0.3195082720588235 0.16997931985294115 0.3568474264705882 0.16710707720588233 0.36115579044117646 0.9052734375 0.3252527573529411 0.9052734375
0 0.36043772977941174 0.12019378063725489 0.4178825827205882 0.11827895220588235 0.41644646139705876 0.898571537990196 0.3640280330882353 0.9014437806372548
0 0.42434512867647056 0.1383846507352941 0.45881204044117646 0.13934206495098037 0.45881204044117646 0.9033586090686274 0.42362706801470584 0.9043160232843137
0 0.46096622242647056 0.13934206495098037 0.49686925551470584 0.13934206495098037 0.4954331341911764 0.9014437806372548 0.4595301011029411 0.9014437806372548
0 0.501177619485294 0.23125382965686272 0.5406709558823529 0.23316865808823528 0.5421070772058824 0.9052734375 0.4990234375 0.9052734375
0 0.5471335018382353 0.1642348345588235 0.572265625 0.16519224877450978 0.572265625 0.9043160232843137 0.5435431985294117 0.9062308517156862
0 0.5751378676470588 0.16232000612745098 0.603860294117647 0.16232000612745098 0.6017061121323529 0.9071882659313725 0.5751378676470588 0.9052734375
0 0.6045783547794117 0.1642348345588235 0.6347369025735293 0.1642348345588235 0.6318646599264706 0.9033586090686274 0.6031422334558824 0.9043160232843137
0 0.6368910845588235 0.10008808210784313 0.6735121783088235 0.10200291053921567 0.6692038143382353 0.9043160232843137 0.6318646599264706 0.9043160232843137
0 0.6742302389705882 0.10200291053921567 0.7115693933823529 0.10391773897058822 0.7051068474264706 0.9024011948529411 0.669921875 0.9033586090686274
0 0.7115693933823529 0.2283815870098039 0.7388556985294117 0.23029641544117643 0.7367015165441176 0.9014437806372548 0.70654296875 0.9014437806372548
0 0.7388556985294117 0.232211243872549 0.769732306985294 0.23029641544117643 0.7682961856617646 0.9024011948529411 0.7388556985294117 0.9014437806372548
0 0.774758731617647 0.23029641544117643 0.8034811580882353 0.23029641544117643 0.799172794117647 0.9052734375 0.7718864889705882 0.9033586090686274
0 0.8092256433823529 0.1307253370098039 0.8451286764705882 0.1316827512254902 0.8372300091911764 0.9033586090686274 0.8049172794117646 0.9043160232843137
0 0.8501551011029411 0.12785309436274508 0.9119083180147058 0.12785309436274508 0.9083180147058822 0.9100605085784313 0.8465647977941175 0.9081456801470588
