0 0.03802849264705882 0.15083103553921567 0.07177734374999999 0.1537032781862745 0.020795036764705878 0.7961282169117646 0.002125459558823529 0.7932559742647057
0 0.07464958639705882 0.15561810661764705 0.09906364889705882 0.1537032781862745 0.048081341911764705 0.794213388480392 0.020795036764705878 0.7961282169117646
0 0.10121783088235292 0.1537032781862745 0.12922219669117646 0.14795879289215685 0.08398437499999999 0.7894263174019608 0.049517463235294115 0.7903837316176471
0 0.12850413602941174 0.1460439644607843 0.16153492647058823 0.14317172181372548 0.11916934742647059 0.7922985600490194 0.08470243566176469 0.7922985600490194
0 0.16871553308823528 0.14891620710784312 0.2082088694852941 0.1470013786764706 0.17374195772058823 0.7855966605392156 0.12850413602941174 0.7875114889705882
0 0.20892693014705882 0.18625536151960784 0.23046875 0.18529794730392157 0.20031020220588233 0.7865540747549019 0.17589613970588233 0.7855966605392156
0 0.23118681066176466 0.18146829044117643 0.26708984375 0.17763863357843135 0.23980353860294118 0.7855966605392156 0.20246438419117646 0.7846392463235293
0 0.26780790441176466 0.18434053308823528 0.3051470588235294 0.18434053308823528 0.2857594209558823 0.7827244178921569 0.24123965992647056 0.7855966605392156
0 0.3065831801470588 0.17380897671568626 0.34894875919117646 0.1728515625 0.33386948529411764 0.7808095894607843 0.28719554227941174 0.7836818321078431
0 0.3525390625 0.12306602328431371 0.384133731617647 0.12019378063725489 0.37264476102941174 0.779852175245098 0.33602366727941174 0.7788947610294117
0 0.3862879136029411 0.035941329656862746 0.4078297334558823 0.035941329656862746 0.39921300551470584 0.7788947610294117 0.37264476102941174 0.7779373468137254
0 0.4107019761029411 0.08859911151960782 0.43367991727941174 0.08381204044117646 0.4293715533088235 0.7769799325980391 0.4006491268382353 0.7760225183823529
0 0.432961856617647 0.15849034926470587 0.4667107077205882 0.15657552083333331 0.4645565257352941 0.7750651041666666 0.43152573529411764 0.7760225183823529
0 0.4688648897058823 0.07615272671568626 0.5033318014705882 0.0713656556372549 0.5090762867647058 0.7741076899509803 0.4674287683823529 0.7741076899509803
0 0.5069221047794117 0.07328048406862744 0.5385167738970588 0.06657858455882353 0.5528779871323529 0.773150275735294 0.513384650735294 0.773150275735294
0 0.5492876838235293 0.09625842524509803 0.58447265625 0.09147135416666667 0.603860294117647 0.7702780330882352 0.5571863511029411 0.7693206188725489
0 0.5923713235294117 0.06657858455882353 0.6239659926470588 0.0637063419117647 0.6426355698529411 0.7664483762254902 0.6052964154411764 0.7664483762254902
0 0.635454963235294 0.13742723651960784 0.6864372702205882 0.12976792279411764 0.7043887867647058 0.7654909620098039 0.6462258731617646 0.7645335477941176
0 0.6928998161764706 0.06562117034313725 0.738137637867647 0.06083409926470588 0.7582433363970588 0.7607038909313725 0.7079790900735293 0.7635761335784313
0 0.7431640625 0.11636412377450979 0.7726045496323529 0.1125344669117647 0.7984547334558822 0.7578316482843137 0.7611155790441176 0.7597464767156863
0 0.7855296415441176 0.08381204044117646 0.8264590992647058 0.08189721200980392 0.8515912224264706 0.752087162990196 0.8049172794117646 0.7530445772058822
0 0.8314855238970588 0.0713656556372549 0.8774414062499999 0.06753599877450979 0.9025735294117646 0.7540019914215685 0.8573357077205882 0.7549594056372548
