0 0.09578450520833331 0.2289693813131313 0.1542302911931818 0.22798295454545456 0.16532759232954544 0.9145359848484849 0.10392252604166666 0.9155224116161617
0 0.16236831202651514 0.2240372474747475 0.22229373816287878 0.22699652777777776 0.23339103929924243 0.9096038510101009 0.17494525331439392 0.9115767045454545
0 0.22377337831439392 0.1737294823232323 0.282958984375 0.17175662878787878 0.29627574573863635 0.9105902777777777 0.2363503196022727 0.9145359848484849
0 0.2873979048295454 0.157946654040404 0.3258685487689394 0.1559738005050505 0.3340065696022727 0.9066445707070706 0.29849520596590906 0.9076309974747474
0 0.32734818892045453 0.22699652777777776 0.36951793323863635 0.22206439393939392 0.37987541429924243 0.9056581439393939 0.3340065696022727 0.9066445707070706
0 0.37247721354166663 0.15498737373737373 0.4116876775568182 0.15498737373737373 0.4176062381628788 0.9026988636363636 0.380615234375 0.9076309974747474
0 0.41242749763257575 0.2230508207070707 0.4582963423295454 0.2230508207070707 0.4679140033143939 0.8977667297979798 0.42426461884469696 0.9046717171717171
0 0.459036162405303 0.22009154040404041 0.4952873461174242 0.22009154040404041 0.5049050071022727 0.8997395833333334 0.4708732836174242 0.9036852904040403
0 0.49602716619318177 0.22009154040404041 0.5330181699810606 0.21417297979797978 0.5404163707386364 0.8987531565656566 0.5093439275568181 0.9026988636363636
0 0.5381969105113636 0.213186553030303 0.5670498934659091 0.21220012626262627 0.5788870146780303 0.90072601010101 0.547814571496212 0.9017124368686869
0 0.5729684540719696 0.2112136994949495 0.6033010771780303 0.2112136994949495 0.6151381983901515 0.9026988636363636 0.5840657552083333 0.9046717171717171
0 0.6040408972537878 0.23094223484848483 0.6417717211174242 0.22995580808080807 0.654348662405303 0.8957938762626262 0.6158780184659091 0.8987531565656566
0 0.6469504616477273 0.20529513888888887 0.6817220052083333 0.20529513888888887 0.6913396661931818 0.8948074494949494 0.6573079427083333 0.8948074494949494
0 0.6817220052083333 0.20726799242424243 0.7127944483901515 0.20430871212121213 0.7268510298295454 0.8928345959595959 0.6928193063446969 0.8928345959595959
0 0.7201926491477272 0.32267992424242425 0.776418974905303 0.3177477904040404 0.7912153764204545 0.8869160353535354 0.7283306699810606 0.8918481691919191
0 0.7778986150568181 0.3187342171717172 0.8393036813446969 0.31577493686868685 0.8577991832386364 0.8859296085858586 0.7949144767992424 0.8888888888888888
0 0.8415231415719696 0.2013494318181818 0.879253965435606 0.2013494318181818 0.9058874881628788 0.8869160353535354 0.8622381036931818 0.8859296085858586
0 0.8881318063446969 0.19641729797979798 0.942138671875 0.19543087121212122 0.9732111150568181 0.8839567550505051 0.9073671283143939 0.8849431818181818
0 0.952496152935606 0.09777462121212122 0.9865278764204546 0.09777462121212122 0.9991048177083333 0.5199652777777778 0.9983649976325757 0.8809974747474748
