0 0.01070519649621212 0.32465277777777773 0.04029799952651515 0.32662563131313127 0.04621656013257576 0.8484453914141414 0.021062677556818177 0.8504182449494949
0 0.04029799952651515 0.32465277777777773 0.07285008285984848 0.32267992424242425 0.0780288233901515 0.8504182449494949 0.04843602035984848 0.8504182449494949
0 0.07580936316287878 0.31084280303030304 0.11649946732954544 0.30985637626262624 0.12241802793560605 0.8474589646464646 0.08024828361742424 0.8484453914141414
0 0.11871892755681818 0.3019649621212121 0.14313299005681818 0.3019649621212121 0.14609227035984848 0.845486111111111 0.12315784801136362 0.8474589646464646
0 0.1423931699810606 0.2348879419191919 0.1941805752840909 0.23192866161616163 0.19640003551136362 0.8474589646464646 0.14905155066287878 0.8474589646464646
0 0.1971398555871212 0.22009154040404041 0.21637517755681818 0.21811868686868685 0.21637517755681818 0.8523910984848485 0.19640003551136362 0.8504182449494949
0 0.21933445785984845 0.29505997474747475 0.25336618134469696 0.2921006944444444 0.25336618134469696 0.8514046717171717 0.21711499763257575 0.8514046717171717
0 0.2548458214962121 0.3118292297979798 0.3007146661931818 0.30886994949494945 0.29849520596590906 0.8533775252525252 0.2548458214962121 0.8533775252525252
0 0.30515358664772724 0.2112136994949495 0.3406649502840909 0.2112136994949495 0.3377056699810606 0.8553503787878788 0.30219430634469696 0.8533775252525252
0 0.342144590435606 0.2112136994949495 0.38431433475378785 0.20628156565656564 0.3791355942234848 0.8583096590909091 0.3377056699810606 0.8573232323232323
0 0.38801343513257575 0.2842092803030303 0.41834605823863635 0.2842092803030303 0.41242749763257575 0.854363952020202 0.3791355942234848 0.8553503787878788
0 0.4227849786931818 0.20233585858585856 0.4531176017992424 0.2013494318181818 0.4464592211174242 0.8573232323232323 0.41464695785984845 0.8563368055555555
0 0.4649547230113636 0.17570233585858586 0.4856696851325757 0.17668876262626262 0.46717418323863635 0.8573232323232323 0.4464592211174242 0.8553503787878788
0 0.48714932528409094 0.17274305555555555 0.507864287405303 0.17274305555555555 0.48936878551136365 0.854363952020202 0.4686538233901515 0.854363952020202
0 0.5049050071022727 0.30393781565656564 0.5256199692234849 0.3049242424242424 0.5108235677083333 0.8514046717171717 0.4901086055871212 0.8533775252525252
0 0.5256199692234849 0.3414220328282828 0.5492942116477273 0.340435606060606 0.5367172703598485 0.8553503787878788 0.5100837476325757 0.854363952020202
0 0.551513671875 0.3394491792929293 0.575927734375 0.33747632575757575 0.5633507930871212 0.8533775252525252 0.5389367305871212 0.8533775252525252
0 0.5855453953598485 0.29407354797979796 0.6180974786931818 0.29407354797979796 0.6047807173295454 0.8533775252525252 0.5677897135416666 0.8484453914141414
0 0.6217965790719696 0.2901278409090909 0.6528690222537878 0.2901278409090909 0.6402920809659091 0.8533775252525252 0.6070001775568181 0.8514046717171717
0 0.6550884824810606 0.2901278409090909 0.6869007457386364 0.2901278409090909 0.6758034446022727 0.8563368055555555 0.6425115411931818 0.8553503787878788
0 0.6905998461174242 0.2960464015151515 0.7261112097537878 0.29505997474747475 0.7120546283143939 0.8514046717171717 0.6780229048295454 0.8523910984848485
0 0.7283306699810606 0.268426452020202 0.7608827533143939 0.26744002525252525 0.7475659919507576 0.8523910984848485 0.7150139086174242 0.8514046717171717
0 0.7616225733901515 0.2703993055555555 0.7823375355113636 0.2713857323232323 0.7697605942234849 0.8484453914141414 0.7483058120265151 0.845486111111111
0 0.7808578953598484 0.2901278409090909 0.806011777935606 0.2901278409090909 0.795654296875 0.8474589646464646 0.771240234375 0.8444996843434343
0 0.8045321377840908 0.25757575757575757 0.8178488991477272 0.25757575757575757 0.8134099786931818 0.841540404040404 0.7978737571022727 0.8405539772727272
