0 0.03363961884469696 0.1993765782828283 0.06249260179924242 0.20332228535353536 0.009225556344696968 0.9184816919191919 0.0010875355113636326 0.7172506313131314
0 0.05435458096590909 0.2861821338383838 0.08246774384469696 0.2842092803030303 0.04621656013257576 0.9234138257575757 0.014404296875 0.9214409722222222
0 0.0906057646780303 0.20628156565656564 0.12093838778409091 0.20924084595959594 0.08172792376893939 0.9244002525252525 0.04695638020833333 0.9244002525252525
0 0.12389766808712122 0.19641729797979798 0.1571895714962121 0.19543087121212122 0.12241802793560605 0.9234138257575757 0.08394738399621211 0.9234138257575757
0 0.1638479521780303 0.27631786616161613 0.22673265861742425 0.28125 0.19196111505681818 0.9224273989898989 0.12833658854166666 0.9224273989898989
0 0.234130859375 0.22107796717171715 0.27186168323863635 0.22107796717171715 0.234130859375 0.9244002525252525 0.19196111505681818 0.9234138257575757
0 0.2733413233901515 0.2536300505050505 0.3058934067234848 0.25461647727272724 0.26594312263257575 0.9253866792929292 0.23561049952651514 0.926373106060606
0 0.31255178740530304 0.18359375 0.342144590435606 0.18260732323232323 0.29923502604166663 0.9303188131313131 0.26594312263257575 0.9273595328282828
0 0.35102243134469696 0.18458017676767677 0.3672984730113636 0.18458017676767677 0.3251287286931818 0.9283459595959594 0.30515358664772724 0.926373106060606
0 0.3672984730113636 0.17866161616161616 0.4072487571022727 0.17767518939393936 0.3739568536931818 0.9362373737373737 0.32882782907196967 0.9352509469696969
0 0.41834605823863635 0.1747159090909091 0.459036162405303 0.17274305555555555 0.4235247987689394 0.9411695075757575 0.37987541429924243 0.9362373737373737
0 0.4627352627840909 0.2585621843434343 0.5034253669507576 0.2585621843434343 0.47457238399621204 0.9372238005050505 0.43092299952651514 0.9372238005050505
0 0.5123032078598485 0.2605350378787879 0.5529933120265151 0.2634943181818182 0.5300588896780303 0.9352509469696969 0.48714932528409094 0.9372238005050505
0 0.5626109730113636 0.28125 0.5788870146780303 0.2842092803030303 0.5522534919507576 0.9352509469696969 0.5330181699810606 0.9352509469696969
0 0.5818462949810606 0.27829071969696967 0.6010816169507576 0.2802635732323232 0.5714888139204545 0.939196654040404 0.5529933120265151 0.9372238005050505
0 0.6143983783143939 0.16682449494949494 0.6462106415719696 0.16386521464646464 0.6195771188446969 0.939196654040404 0.5818462949810606 0.9352509469696969
0 0.6610070430871212 0.1648516414141414 0.6950387665719696 0.16583806818181815 0.673583984375 0.9352509469696969 0.6351133404356061 0.9352509469696969
0 0.7157537286931818 0.16189236111111108 0.7512650923295454 0.16090593434343434 0.7283306699810606 0.939196654040404 0.6920794862689393 0.9382102272727272
0 0.7542243726325757 0.23094223484848483 0.7786384351325757 0.23192866161616163 0.7564438328598484 0.9332780934343434 0.7298103101325757 0.9322916666666666
0 0.7786384351325757 0.24277935606060605 0.8030524976325757 0.24277935606060605 0.7801180752840908 0.9273595328282828 0.7571836529356061 0.9253866792929292
0 0.8119303385416666 0.16287878787878787 0.8622381036931818 0.16583806818181815 0.8518806226325757 0.9362373737373737 0.7971339370265151 0.9332780934343434
0 0.8644575639204545 0.2013494318181818 0.8910910866477272 0.20036300505050506 0.8829530658143939 0.9303188131313131 0.8511408025568181 0.9273595328282828
