0 0.04251745975378787 0.22699652777777776 0.07950846354166666 0.226010101010101 0.0661917021780303 0.9342645202020202 0.03363961884469696 0.9352509469696969
0 0.08024828361742424 0.22699652777777776 0.11280036695075757 0.21910511363636362 0.10096324573863635 0.9362373737373737 0.0661917021780303 0.9382102272727272
0 0.11649946732954544 0.21811868686868685 0.15053119081439392 0.22009154040404041 0.13721442945075757 0.9372238005050505 0.10318270596590909 0.9372238005050505
0 0.1520108309659091 0.21515940656565655 0.185302734375 0.21515940656565655 0.17494525331439392 0.939196654040404 0.13721442945075757 0.939196654040404
0 0.1875221946022727 0.23883364898989898 0.22673265861742425 0.2378472222222222 0.21859463778409088 0.9342645202020202 0.1793841737689394 0.9362373737373737
0 0.22969193892045453 0.2102272727272727 0.2629838423295454 0.21515940656565655 0.25632546164772724 0.9352509469696969 0.2245131983901515 0.9332780934343434
0 0.26372366240530304 0.21417297979797978 0.2977553858901515 0.21220012626262627 0.2947961055871212 0.9362373737373737 0.258544921875 0.9382102272727272
0 0.3036739464962121 0.3295849116161616 0.36581883285984845 0.327612058080808 0.36359937263257575 0.9342645202020202 0.2977553858901515 0.9352509469696969
0 0.36359937263257575 0.32563920454545453 0.43314245975378785 0.32662563131313127 0.429443359375 0.9372238005050505 0.366558652935606 0.9352509469696969
0 0.43684156013257575 0.20430871212121213 0.47753166429924243 0.20233585858585856 0.4812307646780303 0.9382102272727272 0.4361017400568182 0.9372238005050505
0 0.4827104048295454 0.19543087121212122 0.5426358309659091 0.19543087121212122 0.5507738517992424 0.9411695075757575 0.48419004498106055 0.9372238005050505
0 0.5544729521780303 0.09086963383838383 0.5870250355113636 0.09382891414141414 0.5907241358901515 0.9401830808080808 0.5552127722537878 0.9382102272727272
0 0.5936834161931818 0.09876104797979797 0.6269753196022727 0.10172032828282827 0.6225363991477273 0.9382102272727272 0.5959028764204545 0.9411695075757575
0 0.6314142400568181 0.08791035353535354 0.6802423650568181 0.09185606060606061 0.6765432646780303 0.9401830808080808 0.6291947798295454 0.939196654040404
0 0.6817220052083333 0.18655303030303028 0.7157537286931818 0.18852588383838384 0.7209324692234849 0.9441287878787877 0.6809821851325757 0.943142361111111
0 0.7201926491477272 0.09580176767676768 0.7571836529356061 0.09777462121212122 0.7594031131628788 0.9401830808080808 0.722412109375 0.943142361111111
0 0.7727198745265151 0.08001893939393939 0.8126701586174242 0.07804608585858586 0.8126701586174242 0.9411695075757575 0.7638420336174242 0.9401830808080808
0 0.8208081794507576 0.1806344696969697 0.889611446496212 0.18458017676767677 0.8918309067234848 0.9382102272727272 0.8178488991477272 0.9411695075757575
0 0.9014485677083333 0.11158459595959595 0.9532359730113635 0.10665246212121211 0.9495368726325757 0.9411695075757575 0.8977494673295454 0.939196654040404
0 0.9591545336174242 0.15104166666666666 0.9968853574810606 0.14906881313131312 0.990966796875 0.9421559343434343 0.9487970525568181 0.939196654040404
