0 0.0010875355113636326 0.04056186868686868 0.04029799952651515 0.04056186868686868 0.04029799952651515 0.9825994318181818 0.0 0.9853515625
0 0.04547674005681818 0.14610953282828282 0.09430486505681818 0.14610953282828282 0.09948360558712122 0.9747080176767676 0.049175840435606064 0.9796401515151515
0 0.12167820785984848 0.24179292929292928 0.19787967566287878 0.24672506313131312 0.1941805752840909 0.9549794823232323 0.12537730823863635 0.9638573232323232
0 0.20527787642045453 0.1431502525252525 0.25632546164772724 0.1500552398989899 0.24522816051136365 0.9539930555555555 0.19861949573863635 0.9579387626262625
0 0.26002456202651514 0.15400094696969696 0.3014544862689394 0.15202809343434343 0.2977553858901515 0.9382102272727272 0.2518865411931818 0.9401830808080808
0 0.31255178740530304 0.1431502525252525 0.3591604521780303 0.1431502525252525 0.3488029711174242 0.9539930555555555 0.3007146661931818 0.9510337752525252
0 0.37173739346590906 0.13920454545454544 0.4190858783143939 0.1401909722222222 0.4035496567234848 0.9530066287878788 0.3525020714962121 0.9559659090909091
0 0.42426461884469696 0.13525883838383837 0.46939364346590906 0.13821811868686867 0.4523777817234848 0.9549794823232323 0.4079885771780303 0.9539930555555555
0 0.48419004498106055 0.04746685606060606 0.5049050071022727 0.04943970959595959 0.48197058475378785 0.9687894570707071 0.46347508285984845 0.9678030303030303
0 0.5056448271780303 0.04253472222222222 0.5381969105113636 0.04450757575757575 0.5152624881628788 0.9668166035353535 0.4856696851325757 0.9668166035353535
0 0.5404163707386364 0.04549400252525252 0.5737082741477273 0.048453282828282825 0.551513671875 0.9569523358585857 0.5211810487689393 0.9579387626262625
0 0.5825861150568181 0.0612768308080808 0.6121789180871212 0.0612768308080808 0.5862852154356061 0.9411695075757575 0.5559525923295454 0.9421559343434343
0 0.621056758996212 0.013928345959595958 0.6610070430871212 0.01294191919191919 0.6306744199810606 0.9441287878787877 0.5899843158143939 0.9441287878787877
0 0.6639663233901515 0.011955492424242422 0.7053962476325757 0.011955492424242422 0.6758034446022727 0.9411695075757575 0.6351133404356061 0.943142361111111
0 0.7179731889204545 0.04056186868686868 0.7549641927083333 0.03957544191919191 0.7127944483901515 0.93130523989899 0.6802423650568181 0.9332780934343434
0 0.7527447324810606 0.053385416666666664 0.7838171756628788 0.053385416666666664 0.7571836529356061 0.9451152146464645 0.7246315696022727 0.9411695075757575
0 0.7823375355113636 0.13229955808080807 0.8215479995265151 0.13229955808080807 0.7978737571022727 0.926373106060606 0.7601429332386364 0.9273595328282828
0 0.8341249408143939 0.048453282828282825 0.8541000828598484 0.048453282828282825 0.8363444010416666 0.9332780934343434 0.816369258996212 0.9332780934343434
0 0.8600186434659091 0.07705965909090907 0.9058874881628788 0.07508680555555554 0.8859123461174242 0.9372238005050505 0.8422629616477272 0.9382102272727272
0 0.9118060487689393 0.07114109848484848 0.9598943536931818 0.06719539141414141 0.9303015506628788 0.9332780934343434 0.8881318063446969 0.9362373737373737
