0 0.1091012665719697 0.25461647727272724 0.15349047111742423 0.25658933080808083 0.2119362571022727 0.9086174242424242 0.1756850733901515 0.9105902777777777
0 0.15644975142045453 0.2605350378787879 0.2008389559659091 0.2585621843434343 0.25410600142045453 0.9046717171717171 0.21711499763257575 0.9086174242424242
0 0.20453805634469696 0.2595486111111111 0.23856977982954541 0.2595486111111111 0.2851784446022727 0.9026988636363636 0.258544921875 0.9066445707070706
0 0.2282122987689394 0.0583175505050505 0.2970155658143939 0.0612768308080808 0.34140477035984845 0.9017124368686869 0.2851784446022727 0.9046717171717171
0 0.30293412642045453 0.0612768308080808 0.3702577533143939 0.0612768308080808 0.40059037642045453 0.9096038510101009 0.3458436908143939 0.9096038510101009
0 0.3887532552083333 0.1855666035353535 0.4353619199810606 0.18458017676767677 0.4471990411931818 0.8987531565656566 0.4131673177083333 0.90072601010101
0 0.43906102035984845 0.1855666035353535 0.4856696851325757 0.1855666035353535 0.48936878551136365 0.8987531565656566 0.453857421875 0.90072601010101
0 0.4923280658143939 0.20726799242424243 0.5137828480113636 0.20924084595959594 0.5100837476325757 0.8948074494949494 0.4923280658143939 0.8997395833333334
0 0.5160023082386364 0.2112136994949495 0.5352376302083333 0.2082544191919192 0.5285792495265151 0.8957938762626262 0.5108235677083333 0.8977667297979798
0 0.5337579900568181 0.27335858585858586 0.5751879142992424 0.2694128787878788 0.5603915127840908 0.8957938762626262 0.5300588896780303 0.8997395833333334
0 0.5751879142992424 0.2703993055555555 0.6114390980113636 0.268426452020202 0.5929435961174242 0.8888888888888888 0.5633507930871212 0.8938210227272726
0 0.6151381983901515 0.2437657828282828 0.6721043442234849 0.24179292929292928 0.6439911813446969 0.8948074494949494 0.5988621567234849 0.8967803030303031
0 0.673583984375 0.24475220959595959 0.7320297703598484 0.24475220959595959 0.6920794862689393 0.9056581439393939 0.6506495620265151 0.9056581439393939
0 0.743127071496212 0.18359375 0.7830773555871212 0.18458017676767677 0.7305501302083333 0.9056581439393939 0.6972582267992424 0.9076309974747474
0 0.7897357362689393 0.18753945707070707 0.8259869199810606 0.18753945707070707 0.7653216737689393 0.9056581439393939 0.7342492305871212 0.9066445707070706
0 0.8311656605113636 0.17274305555555555 0.8674168442234848 0.1737294823232323 0.7934348366477272 0.8997395833333334 0.7682809540719696 0.9026988636363636
0 0.8674168442234848 0.1747159090909091 0.9029282078598484 0.17274305555555555 0.825247099905303 0.8967803030303031 0.7941746567234849 0.8997395833333334
0 0.9147653290719696 0.0948153409090909 0.9687721946022727 0.09777462121212122 0.8666770241477272 0.8987531565656566 0.8259869199810606 0.8997395833333334
0 0.982088955965909 0.09580176767676768 0.8755548650568181 0.9017124368686869 0.9155051491477272 0.8997395833333334 0.999755859375 0.322265625
