0 0.005526455965909088 0.213186553030303 0.04991566051136363 0.2102272727272727 0.10244288589015152 0.9214409722222222 0.05657404119318181 0.9303188131313131
0 0.05657404119318181 0.2753314393939394 0.087646484375 0.2743450126262626 0.13425514914772727 0.9204545454545454 0.10170306581439392 0.926373106060606
0 0.08616684422348485 0.21713226010101008 0.12315784801136362 0.213186553030303 0.17050633285984848 0.9165088383838383 0.13425514914772727 0.9234138257575757
0 0.12537730823863635 0.21614583333333334 0.1631081321022727 0.21515940656565655 0.20749733664772727 0.9115767045454545 0.17346561316287878 0.9184816919191919
0 0.16532759232954544 0.21910511363636362 0.19787967566287878 0.21515940656565655 0.24522816051136365 0.9096038510101009 0.2126760771780303 0.9165088383838383
0 0.19935931581439392 0.213186553030303 0.2363503196022727 0.213186553030303 0.28369880445075757 0.9086174242424242 0.24744762073863635 0.9135495580808081
0 0.23930959990530304 0.20332228535353536 0.26816258285984845 0.20332228535353536 0.3155110677083333 0.9076309974747474 0.2851784446022727 0.9105902777777777
0 0.2703820430871212 0.20332228535353536 0.30293412642045453 0.20233585858585856 0.3436242305871212 0.9076309974747474 0.317730527935606 0.9115767045454545
0 0.3058934067234848 0.17274305555555555 0.3488029711174242 0.16978377525252522 0.39023289535984845 0.9026988636363636 0.3488029711174242 0.9086174242424242
0 0.3547215317234848 0.17175662878787878 0.3946718158143939 0.1678109217171717 0.434622099905303 0.90072601010101 0.3924523555871212 0.9076309974747474
0 0.3983709161931818 0.16386521464646464 0.41834605823863635 0.1648516414141414 0.45533706202651514 0.8967803030303031 0.43684156013257575 0.8997395833333334
0 0.4198256983901515 0.1678109217171717 0.4405406605113636 0.1648516414141414 0.4738325639204545 0.8967803030303031 0.459036162405303 0.90072601010101
0 0.4464592211174242 0.2595486111111111 0.47753166429924243 0.2595486111111111 0.5056448271780303 0.8948074494949494 0.47679184422348486 0.8987531565656566
0 0.483450224905303 0.19641729797979798 0.5359774502840908 0.19345801767676765 0.5648304332386364 0.8859296085858586 0.5086041074810606 0.8928345959595959
0 0.5396765506628788 0.1983901515151515 0.5951630563446969 0.19444444444444442 0.6225363991477273 0.8809974747474748 0.5663100733901515 0.8849431818181818
0 0.6033010771780303 0.19444444444444442 0.6351133404356061 0.1924715909090909 0.6550884824810606 0.8681739267676768 0.6262354995265151 0.8711332070707071
0 0.6365929805871212 0.19444444444444442 0.6713645241477273 0.19641729797979798 0.6891202059659091 0.8681739267676768 0.6565681226325757 0.8691603535353535
0 0.6743238044507576 0.1648516414141414 0.6965184067234849 0.16287878787878787 0.7142740885416666 0.8642282196969697 0.6883803858901515 0.8681739267676768
0 0.7016971472537878 0.16189236111111108 0.7268510298295454 0.1589330808080808 0.7386881510416666 0.8662010732323232 0.7172333688446969 0.8671875
0 0.7320297703598484 0.16583806818181815 0.7727198745265151 0.16583806818181815 0.7815977154356061 0.8602825126262625 0.7401677911931818 0.8602825126262625
