0 0.1305560487689394 0.2112136994949495 0.1764248934659091 0.2112136994949495 0.25558564157196967 0.8395675505050505 0.22229373816287878 0.8405539772727272
0 0.16902669270833331 0.1253945707070707 0.22155391808712122 0.1253945707070707 0.3007146661931818 0.8366082702020202 0.258544921875 0.8385811237373737
0 0.234130859375 0.23192866161616163 0.293316465435606 0.23192866161616163 0.3488029711174242 0.8346354166666666 0.3036739464962121 0.8356218434343434
0 0.28665808475378785 0.13032670454545453 0.3192101680871212 0.13032670454545453 0.37617631392045453 0.8385811237373737 0.3502826112689394 0.8395675505050505
0 0.32290926846590906 0.08495107323232322 0.380615234375 0.08791035353535354 0.4168664180871212 0.8366082702020202 0.3769161339962121 0.8375946969696969
0 0.3865337949810606 0.1737294823232323 0.4982466264204545 0.17077020202020202 0.49898644649621204 0.8208254419191919 0.43018317945075757 0.8257575757575757
0 0.5041651870265151 0.0948153409090909 0.551513671875 0.0948153409090909 0.5389367305871212 0.8316761363636364 0.5100837476325757 0.8366082702020202
0 0.5692693536931818 0.09086963383838383 0.6025612571022727 0.09086963383838383 0.5959028764204545 0.8198390151515151 0.5685295336174242 0.8257575757575757
0 0.6062603574810606 0.13624526515151514 0.6528690222537878 0.13328598484848483 0.6321540601325757 0.8227982954545454 0.5988621567234849 0.8247711489898989
0 0.6617468631628788 0.07212752525252525 0.7542243726325757 0.06719539141414141 0.7253713896780303 0.8158933080808081 0.6587875828598484 0.8237847222222222
0 0.7734596946022727 0.14117739898989898 0.8067515980113636 0.14117739898989898 0.7564438328598484 0.8198390151515151 0.7305501302083333 0.8188525883838383
0 0.8245072798295454 0.14808238636363635 0.8703761245265151 0.13920454545454544 0.7971339370265151 0.8267440025252525 0.7623623934659091 0.828716856060606
0 0.8836928858901515 0.12440814393939394 0.9266024502840908 0.1224352904040404 0.8333851207386364 0.8178661616161617 0.8045321377840908 0.8188525883838383
0 0.9073671283143939 0.29999210858585856 0.9502766927083333 0.29999210858585856 0.8666770241477272 0.8099747474747474 0.8333851207386364 0.8089883207070706
