0 0.06545188210227272 0.1401909722222222 0.08912612452651515 0.14216382575757575 0.0 0.6083984375 0.0 0.4931640625
0 0.10096324573863635 0.1263809974747475 0.14757191051136362 0.12934027777777776 0.034379438920454544 0.7853140782828283 0.0010875355113636326 0.7843276515151515
0 0.14905155066287878 0.1313131313131313 0.190481474905303 0.1263809974747475 0.09134558475378787 0.7892597853535354 0.03363961884469696 0.7853140782828283
0 0.18678237452651514 0.18655303030303028 0.2060176964962121 0.1855666035353535 0.12389766808712122 0.790246212121212 0.09504468513257575 0.7892597853535354
0 0.21711499763257575 0.1589330808080808 0.24448834043560602 0.16090593434343434 0.16532759232954544 0.7882733585858586 0.12907640861742423 0.7882733585858586
0 0.24596798058712122 0.15991950757575757 0.27852006392045453 0.15696022727272727 0.20453805634469696 0.7892597853535354 0.16754705255681818 0.790246212121212
0 0.27999970407196967 0.15991950757575757 0.3058934067234848 0.1589330808080808 0.24744762073863635 0.7932054924242423 0.21119643702651514 0.7932054924242423
0 0.3103323271780303 0.14512310606060605 0.3243889086174242 0.14808238636363635 0.26816258285984845 0.7912326388888888 0.24818744081439392 0.7932054924242423
0 0.32734818892045453 0.14808238636363635 0.3428844105113636 0.14709595959595959 0.28813772490530304 0.7912326388888888 0.2674227627840909 0.7912326388888888
0 0.3428844105113636 0.14906881313131312 0.35768081202651514 0.14906881313131312 0.3103323271780303 0.790246212121212 0.2888775449810606 0.7912326388888888
0 0.3672984730113636 0.073113952020202 0.38431433475378785 0.07410037878787878 0.3340065696022727 0.7941919191919191 0.3132916074810606 0.7912326388888888
0 0.38431433475378785 0.07705965909090907 0.42056551846590906 0.07410037878787878 0.3865337949810606 0.7922190656565656 0.33548620975378785 0.7941919191919191
0 0.4168664180871212 0.18458017676767677 0.45163796164772724 0.18458017676767677 0.43092299952651514 0.7892597853535354 0.3865337949810606 0.7922190656565656
0 0.459036162405303 0.12342171717171717 0.4930678858901515 0.1224352904040404 0.4827104048295454 0.7912326388888888 0.4361017400568182 0.7941919191919191
0 0.49602716619318177 0.18359375 0.5418960108901515 0.1806344696969697 0.5470747514204545 0.7892597853535354 0.48640950520833326 0.7892597853535354
0 0.5492942116477273 0.1313131313131313 0.5914639559659091 0.1342724116161616 0.6084798177083333 0.7892597853535354 0.5500340317234849 0.7912326388888888
0 0.5959028764204545 0.1253945707070707 0.6269753196022727 0.13032670454545453 0.6521292021780303 0.7922190656565656 0.6084798177083333 0.7912326388888888
0 0.6358531605113636 0.09876104797979797 0.6802423650568181 0.09876104797979797 0.7135342684659091 0.7932054924242423 0.6550884824810606 0.7932054924242423
0 0.6876405658143939 0.0859375 0.7320297703598484 0.08495107323232322 0.7778986150568181 0.7912326388888888 0.7209324692234849 0.7941919191919191
0 0.7386881510416666 0.07410037878787878 0.7690207741477272 0.07114109848484848 0.8156294389204545 0.7912326388888888 0.7808578953598484 0.7932054924242423
0 0.771240234375 0.12736742424242423 0.8134099786931818 0.12440814393939394 0.8614982836174242 0.7882733585858586 0.8178488991477272 0.7912326388888888
0 0.8282063802083333 0.12144886363636363 0.9495368726325757 0.10862531565656565 0.999755859375 0.5706380208333334 0.8614982836174242 0.5860558712121212
