0 0.0003477154356060566 0.2861821338383838 0.014404296875 0.2861821338383838 0.11871892755681818 0.8198390151515151 0.10096324573863635 0.8178661616161617
0 0.021062677556818177 0.3187342171717172 0.03289979876893939 0.3138020833333333 0.13129586884469696 0.8198390151515151 0.11871892755681818 0.8188525883838383
0 0.011445016571969696 0.19740372474747472 0.07285008285984848 0.19740372474747472 0.1793841737689394 0.83364898989899 0.13425514914772727 0.8316761363636364
0 0.10318270596590909 0.3187342171717172 0.13203568892045453 0.3167613636363636 0.2126760771780303 0.8316761363636364 0.1882620146780303 0.8326625631313131
0 0.13499496922348483 0.323666351010101 0.166067412405303 0.32169349747474746 0.2363503196022727 0.83364898989899 0.2126760771780303 0.83364898989899
0 0.1668072324810606 0.32070707070707066 0.1845629142992424 0.32070707070707066 0.25632546164772724 0.8366082702020202 0.23782995975378785 0.8346354166666666
0 0.18678237452651514 0.32465277777777773 0.2089769767992424 0.32465277777777773 0.27482096354166663 0.8395675505050505 0.25632546164772724 0.8375946969696969
0 0.1971398555871212 0.1993765782828283 0.23487067945075757 0.2013494318181818 0.30441376657196967 0.841540404040404 0.27408114346590906 0.841540404040404
0 0.24522816051136365 0.24277935606060605 0.2888775449810606 0.24179292929292928 0.34140477035984845 0.8435132575757575 0.30663322679924243 0.8425268308080808
0 0.29627574573863635 0.2358743686868687 0.3458436908143939 0.23192866161616163 0.38135505445075757 0.8494318181818182 0.3443640506628788 0.8474589646464646
0 0.35324189157196967 0.19641729797979798 0.4220451586174242 0.20036300505050506 0.4405406605113636 0.8563368055555555 0.385793974905303 0.8523910984848485
0 0.4316628196022727 0.3078835227272727 0.47457238399621204 0.3078835227272727 0.4760520241477273 0.8592960858585857 0.4442397608901515 0.8592960858585857
0 0.47975112452651514 0.3138020833333333 0.5219208688446969 0.3147885101010101 0.5137828480113636 0.8671875 0.47901130445075757 0.8652146464646465
0 0.5278394294507576 0.3897569444444444 0.5552127722537878 0.39172979797979796 0.5359774502840908 0.8721196338383838 0.5152624881628788 0.8711332070707071
0 0.556692412405303 0.3927162247474747 0.5833259351325757 0.3927162247474747 0.5596516927083333 0.8701467803030303 0.5374570904356061 0.8721196338383838
0 0.5951630563446969 0.30886994949494945 0.6380726207386364 0.30985637626262624 0.5981223366477273 0.8760653409090908 0.5596516927083333 0.8711332070707071
0 0.645470821496212 0.31084280303030304 0.6994776870265151 0.3118292297979798 0.6432513612689393 0.8681739267676768 0.6033010771780303 0.8671875
0 0.7201926491477272 0.17866161616161616 0.7719800544507576 0.18260732323232323 0.6824618252840908 0.8612689393939393 0.6447310014204545 0.8612689393939393
0 0.7601429332386364 0.2960464015151515 0.8045321377840908 0.29505997474747475 0.7261112097537878 0.8573232323232323 0.6913396661931818 0.8573232323232323
0 0.8222878196022727 0.24573863636363635 0.8637177438446969 0.24672506313131312 0.767541133996212 0.8573232323232323 0.7357288707386364 0.8583096590909091
0 0.8637177438446969 0.2437657828282828 0.8866521661931818 0.2437657828282828 0.7860366358901515 0.8563368055555555 0.7705004142992424 0.8553503787878788
0 0.879253965435606 0.3049242424242424 0.9066273082386364 0.3049242424242424 0.8104506983901515 0.8464725378787877 0.7882560961174242 0.8444996843434343
0 0.9066273082386364 0.3009785353535353 0.9458377722537878 0.3009785353535353 0.8489213423295454 0.8405539772727272 0.816369258996212 0.8375946969696969
