0 0.005526455965909088 0.1431502525252525 0.04547674005681818 0.1431502525252525 0.04695638020833333 0.9421559343434343 0.008485736268939392 0.9421559343434343
0 0.04695638020833333 0.1401909722222222 0.0846872040719697 0.13920454545454544 0.08986594460227272 0.9411695075757575 0.04547674005681818 0.9411695075757575
0 0.08838630445075757 0.14808238636363635 0.11428000710227271 0.14709595959595959 0.11797910748106061 0.9451152146464645 0.09208540482954544 0.9441287878787877
0 0.1150198271780303 0.14709595959595959 0.14017370975378787 0.14610953282828282 0.14683209043560605 0.9411695075757575 0.11945874763257575 0.9401830808080808
0 0.14313299005681818 0.16682449494949494 0.19492039535984848 0.16189236111111108 0.2089769767992424 0.9401830808080808 0.15053119081439392 0.9421559343434343
0 0.2030584161931818 0.25560290404040403 0.2607643821022727 0.25067077020202017 0.26816258285984845 0.9372238005050505 0.2119362571022727 0.9372238005050505
0 0.26002456202651514 0.25067077020202017 0.3192101680871212 0.24771148989898986 0.33696584990530304 0.9342645202020202 0.27556078361742425 0.9352509469696969
0 0.3192101680871212 0.12736742424242423 0.3709975733901515 0.12342171717171717 0.3917125355113636 0.9382102272727272 0.3384454900568182 0.9382102272727272
0 0.37765595407196967 0.12440814393939394 0.42648407907196967 0.1224352904040404 0.44571940104166663 0.9362373737373737 0.3954116358901515 0.9382102272727272
0 0.4324026396780303 0.15498737373737373 0.4664343631628788 0.15104166666666666 0.48640950520833326 0.9352509469696969 0.44867868134469696 0.939196654040404
0 0.4738325639204545 0.15400094696969696 0.5130430279356061 0.14906881313131312 0.532278349905303 0.9342645202020202 0.4930678858901515 0.9352509469696969
0 0.5145226680871212 0.11848958333333333 0.5396765506628788 0.11848958333333333 0.5633507930871212 0.9372238005050505 0.5367172703598485 0.9382102272727272
0 0.5411561908143939 0.11651672979797979 0.5677897135416666 0.11651672979797979 0.5944232362689393 0.9322916666666666 0.5670498934659091 0.9332780934343434
0 0.5700091737689393 0.14906881313131312 0.5981223366477273 0.14610953282828282 0.6232762192234849 0.9322916666666666 0.5959028764204545 0.9342645202020202
0 0.600341796875 0.22206439393939392 0.6351133404356061 0.21614583333333334 0.6617468631628788 0.9342645202020202 0.6269753196022727 0.9332780934343434
0 0.6358531605113636 0.21811868686868685 0.6721043442234849 0.21515940656565655 0.6965184067234849 0.9322916666666666 0.6639663233901515 0.9332780934343434
0 0.6728441642992424 0.19148516414141414 0.718713008996212 0.18655303030303028 0.7460863517992424 0.9273595328282828 0.7046564275568181 0.9283459595959594
0 0.7268510298295454 0.18753945707070707 0.7741995146780303 0.18162089646464644 0.800833037405303 0.9303188131313131 0.752004912405303 0.9273595328282828
0 0.7734596946022727 0.13920454545454544 0.8067515980113636 0.13328598484848483 0.8437426017992424 0.9293323863636364 0.8052719578598484 0.9303188131313131
0 0.8134099786931818 0.10270675505050504 0.8430027817234849 0.09777462121212122 0.8807336055871212 0.9362373737373737 0.8504009824810606 0.9352509469696969
0 0.8467018821022727 0.09678819444444443 0.874075224905303 0.09382891414141414 0.9125458688446969 0.9352509469696969 0.8866521661931818 0.9352509469696969
