0 0.028702445652173947 0.8715183423913043 3.469446951953614e-18 0.5612585727225671 0.0011039402173913249 0.05913156702898555 0.0340098505434783 0.06196218297101453 0.09451426630434787 0.8771795742753623
0 0.05099354619565219 0.21056951992753625 0.10088315217391305 0.8743489583333334 0.13060461956521743 0.8743489583333334 0.08389945652173916 0.2077389039855073
0 0.08389945652173916 0.20490828804347827 0.1316661005434783 0.8800101902173912 0.16457201086956522 0.8743489583333334 0.11892832880434787 0.2020776721014493
0 0.11998980978260873 0.20915421195652176 0.16351052989130435 0.8814254981884058 0.18474014945652176 0.8814254981884058 0.14758831521739132 0.20632359601449277
0 0.14440387228260873 0.20632359601449277 0.18792459239130435 0.8842561141304347 0.21021569293478262 0.8814254981884058 0.17200237771739132 0.20632359601449277
0 0.16775645380434787 0.0676234148550725 0.21446161684782608 0.8800101902173912 0.2505519701086957 0.8771795742753623 0.21233865489130435 0.06620810688405801
0 0.2187075407608696 0.10442142210144932 0.24949048913043478 0.8814254981884058 0.2951341711956521 0.8814254981884058 0.2685971467391305 0.1086673460144928
0 0.2717815896739131 0.09876019021739135 0.2961956521739131 0.8885020380434782 0.3450237771739131 0.8856714221014492 0.3322860054347826 0.09876019021739135
0 0.3375934103260869 0.05205502717391308 0.3482082201086957 0.8856714221014492 0.4150815217391304 0.8927479619565216 0.4140200407608695 0.05771625905797106
0 0.42251188858695654 0.1808480525362319 0.41826596467391297 0.8899173460144927 0.4628481657608695 0.8941632699275363 0.47134001358695654 0.1808480525362319
0 0.47664741847826086 0.1780174365942029 0.4639096467391304 0.9012398097826088 0.5063688858695652 0.9040704257246377 0.5212296195652174 0.17518682065217395
0 0.5265370244565217 0.26718183876811596 0.507430366847826 0.9054857336956522 0.5360903532608695 0.9111469655797101 0.5615658967391304 0.2714277626811594
0 0.5636888586956521 0.26718183876811596 0.5382133152173912 0.9012398097826088 0.5668733016304348 0.9026551177536232 0.5934103260869565 0.2742583786231884
0 0.5965947690217391 0.166694972826087 0.5679347826086957 0.9069010416666666 0.613578464673913 0.9097316576086957 0.6496688179347826 0.17094089673913046
0 0.6560377038043478 0.1780174365942029 0.6146399456521738 0.8984091938405797 0.6666525135869565 0.8998245018115942 0.7176036005434783 0.17660212862318844
0 0.7345872961956521 0.030825407608695694 0.6719599184782609 0.9026551177536232 0.7122961956521738 0.9026551177536232 0.7887228260869565 0.03507133152173917
0 0.7749235733695652 0.166694972826087 0.7207880434782609 0.8913326539855072 0.7696161684782609 0.8913326539855072 0.8279976222826086 0.16811028079710147
0 0.8449813179347825 0.10725203804347831 0.775985054347826 0.8856714221014492 0.8205672554347825 0.8870867300724637 0.8948709239130435 0.11149796195652178
0 0.889563519021739 0.12140511775362323 0.9161005434782608 0.1256510416666667 0.8396739130434783 0.8842561141304347 0.816321331521739 0.8842561141304347
0 0.9107931385869565 0.1850939764492754 0.9373301630434783 0.18933990036231885 0.8672724184782608 0.8757642663043478 0.840735394021739 0.8743489583333334
0 0.9373301630434783 0.18933990036231885 0.9787279211956521 0.19217051630434787 0.9129161005434783 0.8785948822463768 0.8736413043478259 0.8672724184782609
