0 0.057362432065217434 0.8333050271739131 4.2459239130460125e-05 0.3704993206521739 0.0021654211956521896 0.22613790760869568 0.08602241847826089 0.8290591032608696
0 0.03507133152173916 0.8318897192028986 0.057362432065217434 0.8290591032608696 4.2459239130460125e-05 0.3775758605072464 0.0021654211956521896 0.5997792119565217
0 0.021272078804347866 0.23604506340579712 0.07540760869565219 0.22755321557971017 0.14971127717391305 0.8460427989130435 0.11255944293478262 0.847458106884058
0 0.08708389945652176 0.2374603713768116 0.10831351902173916 0.23604506340579712 0.16775645380434787 0.8432121829710145 0.15501868206521743 0.841796875
0 0.10619055706521743 0.22896852355072464 0.1380349864130435 0.22896852355072464 0.191109035326087 0.8488734148550724 0.16881793478260873 0.8446274909420289
0 0.13591202445652176 0.23038383152173914 0.16563349184782608 0.23038383152173914 0.215523097826087 0.8488734148550724 0.18898607336956522 0.8488734148550724
0 0.16457201086956522 0.23179913949275363 0.21658457880434787 0.8517040307971014 0.2431216032608696 0.8587805706521738 0.19323199728260873 0.23462975543478262
0 0.19535495923913046 0.2374603713768116 0.24206012228260873 0.8587805706521738 0.2675356657608696 0.8644418025362319 0.2271993885869565 0.23887567934782608
0 0.2293223505434783 0.25444406702898553 0.25692085597826086 0.25444406702898553 0.2887652853260869 0.8701030344202899 0.2675356657608696 0.8672724184782609
0 0.2526749320652174 0.2501981431159421 0.2898267663043479 0.2572746829710145 0.3163637907608695 0.8800101902173912 0.2898267663043479 0.8757642663043478
0 0.2887652853260869 0.13980412137681164 0.31530230978260865 0.8800101902173912 0.3588230298913043 0.8856714221014492 0.3418393342391304 0.14405004528985513
0 0.33971637228260865 0.13555819746376815 0.3588230298913043 0.8856714221014492 0.3991593070652174 0.8856714221014492 0.3938519021739131 0.1454653532608696
0 0.3959748641304348 0.14121942934782614 0.40022078804347827 0.8955785778985508 0.44268002717391297 0.8969938858695653 0.4543563179347826 0.13980412137681164
0 0.45223335597826086 0.14405004528985513 0.44374150815217395 0.9054857336956522 0.47452445652173914 0.9069010416666666 0.49150815217391297 0.14971127717391308
0 0.4936311141304348 0.13980412137681164 0.4755859375 0.9069010416666666 0.5095533288043478 0.9040704257246377 0.5339673913043478 0.14405004528985513
0 0.5371518342391304 0.1426347373188406 0.5095533288043478 0.9139775815217391 0.540336277173913 0.9139775815217391 0.5774881114130435 0.1454653532608696
0 0.5732421875 0.21340013586956522 0.6188858695652174 0.21623075181159424 0.5785495923913043 0.9125622735507246 0.5435207201086957 0.9111469655797101
0 0.6231317934782609 0.21340013586956522 0.6730213994565217 0.21623075181159424 0.6146399456521738 0.919638813405797 0.5785495923913043 0.9125622735507246
0 0.6793902853260869 0.13555819746376815 0.6188858695652174 0.9040704257246377 0.6486073369565217 0.9097316576086957 0.7165421195652174 0.13980412137681164
0 0.7122961956521738 0.23321444746376815 0.7632472826086956 0.24453691123188406 0.6942510190217391 0.9083163496376812 0.6549762228260869 0.9069010416666666
0 0.7664317255434783 0.24029098731884058 0.7059273097826086 0.9054857336956522 0.7430791440217391 0.9097316576086957 0.8131368885869565 0.2431216032608696
0 0.816321331521739 0.21198482789855075 0.7579398777173912 0.919638813405797 0.7908457880434783 0.919638813405797 0.8630264945652173 0.21198482789855075
0 0.8630264945652173 0.21056951992753625 0.7908457880434783 0.925300045289855 0.8237516983695652 0.9352072010869565 0.9097316576086956 0.21056951992753625
