0 0.07654918323863635 0.2358743686868687 0.12019856770833331 0.23982007575757572 0.04769620028409091 0.9214409722222222 0.0010875355113636326 0.9155224116161617
0 0.13129586884469696 0.17570233585858586 0.17124615293560605 0.18655303030303028 0.08616684422348485 0.9194681186868686 0.04843602035984848 0.9165088383838383
0 0.1638479521780303 0.23982007575757572 0.20231859611742423 0.2437657828282828 0.12537730823863635 0.9194681186868686 0.0906057646780303 0.9135495580808081
0 0.2037982362689394 0.2408065025252525 0.2400494199810606 0.2437657828282828 0.16754705255681818 0.9214409722222222 0.12981622869318182 0.9145359848484849
0 0.2607643821022727 0.17668876262626262 0.31255178740530304 0.18655303030303028 0.22155391808712122 0.9194681186868686 0.1697665127840909 0.9115767045454545
0 0.30663322679924243 0.30985637626262624 0.35546135179924243 0.3147885101010101 0.28073952414772724 0.9184816919191919 0.22525301846590906 0.9115767045454545
0 0.3584206321022727 0.3029513888888889 0.4139071377840909 0.30985637626262624 0.3362260298295454 0.9234138257575757 0.28369880445075757 0.9145359848484849
0 0.41834605823863635 0.32267992424242425 0.4730927438446969 0.32859848484848486 0.40059037642045453 0.9214409722222222 0.3465835108901515 0.9096038510101009
0 0.48197058475378785 0.30886994949494945 0.5204412286931818 0.3128156565656565 0.44497958096590906 0.9214409722222222 0.4035496567234848 0.9125631313131312
0 0.5433756510416666 0.14610953282828282 0.5774073745265151 0.14610953282828282 0.47975112452651514 0.9224273989898989 0.4464592211174242 0.9165088383838383
0 0.572228633996212 0.1924715909090909 0.6225363991477273 0.19444444444444442 0.5344978101325757 0.9184816919191919 0.483450224905303 0.9046717171717171
0 0.6262354995265151 0.17767518939393936 0.6573079427083333 0.1806344696969697 0.5663100733901515 0.9194681186868686 0.5359774502840908 0.9115767045454545
0 0.6521292021780303 0.23982007575757572 0.6891202059659091 0.24277935606060605 0.6018214370265151 0.9155224116161617 0.5692693536931818 0.9086174242424242
0 0.6898600260416666 0.24475220959595959 0.7483058120265151 0.2536300505050505 0.6654459635416666 0.9096038510101009 0.6077399976325757 0.8938210227272726
0 0.7542243726325757 0.24672506313131312 0.8111905184659091 0.2536300505050505 0.7290704900568181 0.9066445707070706 0.6743238044507576 0.8918481691919191
0 0.8171090790719696 0.24179292929292928 0.8814734256628788 0.24869791666666666 0.795654296875 0.9046717171717171 0.7357288707386364 0.8888888888888888
0 0.8999689275568181 0.23192866161616163 0.9695120146780303 0.24573863636363635 0.8755548650568181 0.9115767045454545 0.8141497987689393 0.8948074494949494
