0 0.023282137784090905 0.008009785353535352 0.0780288233901515 0.010969065656565654 0.1386940696022727 0.8721196338383838 0.08912612452651515 0.8662010732323232
0 0.10318270596590909 0.18753945707070707 0.14017370975378787 0.18951231060606058 0.17124615293560605 0.875078914141414 0.1423931699810606 0.8701467803030303
0 0.1571895714962121 0.2240372474747475 0.20453805634469696 0.22502367424242423 0.22081409801136365 0.8612689393939393 0.18086381392045453 0.8612689393939393
0 0.2030584161931818 0.11848958333333333 0.25706528172348486 0.12440814393939394 0.268902402935606 0.8849431818181818 0.22303355823863635 0.8760653409090908
0 0.27186168323863635 0.14709595959595959 0.3140314275568182 0.14808238636363635 0.3132916074810606 0.8819839015151515 0.27778024384469696 0.8731060606060606
0 0.32364908854166663 0.14512310606060605 0.3865337949810606 0.1500552398989899 0.3769161339962121 0.8809974747474748 0.3251287286931818 0.8740924873737373
0 0.4079885771780303 0.14808238636363635 0.43018317945075757 0.14906881313131312 0.415386777935606 0.8612689393939393 0.39393199573863635 0.8563368055555555
0 0.4324026396780303 0.14512310606060605 0.4656945430871212 0.14808238636363635 0.4471990411931818 0.8987531565656566 0.41464695785984845 0.8938210227272726
0 0.4923280658143939 0.14808238636363635 0.5470747514204545 0.15202809343434343 0.5086041074810606 0.8809974747474748 0.464214902935606 0.8740924873737373
0 0.5537331321022727 0.1313131313131313 0.6121789180871212 0.13525883838383837 0.5574322324810606 0.887902462121212 0.5123032078598485 0.8780381944444443
0 0.621056758996212 0.07015467171717171 0.7068758877840908 0.073113952020202 0.6277151396780303 0.8928345959595959 0.5633507930871212 0.880011047979798
0 0.7135342684659091 0.15991950757575757 0.7586632930871212 0.16090593434343434 0.6632265033143939 0.8948074494949494 0.6336337002840908 0.8898753156565656
0 0.7594031131628788 0.25067077020202017 0.8585390033143939 0.26744002525252525 0.7497854521780303 0.8859296085858586 0.6728441642992424 0.8760653409090908
0 0.9044078480113636 0.16386521464646464 0.9391793915719696 0.1678109217171717 0.8045321377840908 0.8967803030303031 0.7778986150568181 0.8938210227272726
0 0.9465775923295454 0.16090593434343434 0.999755859375 0.16829427083333334 0.8489213423295454 0.8967803030303031 0.8089710582386364 0.8928345959595959
