0 0.0003477154356060566 0.23686079545454544 0.04103781960227272 0.23883364898989898 0.061012961647727265 0.9608980429292928 0.0203228574810606 0.9539930555555555
0 0.053614760890151505 0.2348879419191919 0.11354018702651514 0.24277935606060605 0.11649946732954544 0.9628708964646465 0.06545188210227272 0.9569523358585857
0 0.11723928740530301 0.11750315656565656 0.17272579308712122 0.12342171717171717 0.16754705255681818 0.9697758838383838 0.11871892755681818 0.9608980429292928
0 0.18308327414772727 0.28125 0.214895537405303 0.2871685606060606 0.19861949573863635 0.9717487373737373 0.1697665127840909 0.9668166035353535
0 0.22525301846590906 0.3147885101010101 0.2733413233901515 0.32169349747474746 0.2518865411931818 0.9658301767676768 0.20749733664772727 0.959911616161616
0 0.27852006392045453 0.22107796717171715 0.33104728929924243 0.22798295454545456 0.3007146661931818 0.9914772727272726 0.25040690104166663 0.9766808712121211
0 0.34140477035984845 0.24968434343434343 0.37987541429924243 0.25165719696969696 0.3465835108901515 0.9895044191919191 0.30885268702651514 0.9747080176767676
0 0.390972715435606 0.24869791666666666 0.45089814157196967 0.25560290404040403 0.4116876775568182 0.9924636994949494 0.356201171875 0.9825994318181818
0 0.4664343631628788 0.2585621843434343 0.4901086055871212 0.2605350378787879 0.45163796164772724 0.972735164141414 0.4279637192234848 0.9668166035353535
0 0.4923280658143939 0.25264362373737376 0.5278394294507576 0.25461647727272724 0.485595703125 0.9993489583333334 0.44941850142045453 0.99838226010101
0 0.5500340317234849 0.25757575757575757 0.6018214370265151 0.2605350378787879 0.5463349313446969 0.9993686868686869 0.5019457267992424 0.9895044191919191
0 0.6084798177083333 0.24277935606060605 0.6669256036931818 0.24672506313131312 0.600341796875 0.99838226010101 0.5492942116477273 0.9944365530303029
0 0.6721043442234849 0.18753945707070707 0.7557040127840908 0.19148516414141414 0.6765432646780303 0.99838226010101 0.6025612571022727 0.9973958333333334
0 0.7645818536931818 0.2703993055555555 0.806011777935606 0.2713857323232323 0.71337890625 0.9996744791666666 0.677978515625 0.9996744791666666
0 0.8052719578598484 0.3591777146464646 0.9029282078598484 0.37791982323232326 0.8037923177083333 0.9973958333333334 0.7135342684659091 0.9993686868686869
0 0.9495368726325757 0.2802635732323232 0.9835685961174241 0.28519570707070707 0.865234375 0.9996744791666666 0.830322265625 0.9996744791666666
