0 0.023395040760869595 0.20915421195652176 3.469446951953614e-18 0.2116496829710145 0.0011039402173913249 0.3719146286231884 0.08389945652173916 0.8856714221014492 0.10831351902173916 0.8800101902173912
0 0.021272078804347866 0.18650928442028988 0.117866847826087 0.8785948822463768 0.142280910326087 0.8814254981884058 0.05099354619565219 0.1836786684782609
0 0.052055027173913054 0.1808480525362319 0.1454653532608696 0.8856714221014492 0.17943274456521743 0.8856714221014492 0.093452785326087 0.18226336050724637
0 0.0966372282608696 0.1794327445652174 0.14652683423913046 0.1836786684782609 0.22083050271739132 0.8899173460144927 0.17943274456521743 0.8899173460144927
0 0.1454653532608696 0.18226336050724637 0.18474014945652176 0.1850939764492754 0.24842900815217392 0.8984091938405797 0.2218919836956522 0.8955785778985508
0 0.18474014945652176 0.18933990036231885 0.215523097826087 0.18650928442028988 0.2739045516304348 0.9040704257246377 0.24949048913043478 0.8998245018115942
0 0.21233865489130435 0.19358582427536233 0.2749660326086957 0.9139775815217391 0.31211786684782605 0.9153928894927535 0.2590438179347826 0.19217051630434787
0 0.26010529891304346 0.19358582427536233 0.3110563858695652 0.9210541213768115 0.34608525815217395 0.9168081974637681 0.30362601902173914 0.19217051630434787
0 0.3046875 0.19641644021739132 0.3482082201086957 0.9210541213768115 0.37686820652173914 0.922469429347826 0.34608525815217395 0.1978317481884058
0 0.3450237771739131 0.1836786684782609 0.37580672554347827 0.933791893115942 0.4203889266304348 0.9323765851449276 0.39172894021739124 0.1850939764492754
0 0.3970363451086957 0.18226336050724637 0.4214504076086957 0.925300045289855 0.45329483695652173 0.9267153532608696 0.44055706521739124 0.18650928442028988
0 0.4416185461956521 0.22330729166666666 0.4575407608695652 0.9366225090579711 0.4840777853260869 0.9380378170289855 0.4787703804347826 0.22330729166666666
0 0.4808933423913043 0.22613790760869568 0.5201681385869565 0.22472259963768118 0.5127377717391304 0.9536062047101449 0.48301630434782605 0.9479449728260869
0 0.5233525815217391 0.09168365036231889 0.5148607336956521 0.9564368206521738 0.5530740489130435 0.9635133605072465 0.5668733016304348 0.09451426630434785
0 0.5711192255434783 0.09026834239130438 0.5530740489130435 0.9578521286231884 0.5902258831521738 0.9620980525362319 0.6178243885869565 0.09592957427536236
0 0.6157014266304348 0.21623075181159424 0.6570991847826086 0.2218919836956522 0.6210088315217391 0.9635133605072465 0.5912873641304348 0.9635133605072465
0 0.6570991847826086 0.2190613677536232 0.6231317934782609 0.9691745923913043 0.6634680706521738 0.9748358242753623 0.7038043478260869 0.2190613677536232
0 0.7091117527173912 0.1086673460144928 0.6645295516304347 0.9819123641304347 0.6900050951086957 0.9847429800724637 0.7473250679347826 0.11008265398550728
0 0.7462635869565217 0.1086673460144928 0.6921280570652174 0.9819123641304347 0.7176036005434783 0.9875735960144927 0.7834154211956521 0.11008265398550728
0 0.784476902173913 0.18226336050724637 0.7197265625 0.9904042119565216 0.751570991847826 0.9918195199275361 0.8311820652173914 0.18226336050724637
0 0.8343665081521738 0.1850939764492754 0.7558169157608695 0.9932348278985508 0.7908457880434783 0.9974807518115942 0.8778872282608696 0.1808480525362319
0 0.8768257472826086 0.19358582427536233 0.791907269021739 0.9988960597826088 0.8269361413043479 0.9988960597826088 0.9288383152173914 0.19641644021739132
0 0.9320227581521738 0.1978317481884058 0.8293219506193069 0.9996744791666666 0.8736413043478259 0.9996744791666666 0.9829738451086956 0.2020776721014493
0 0.9904042119565217 0.20349298007246377 0.8736413043478259 0.9974807518115942 0.9150390625 0.9960654438405797 0.9988960597826086 0.4709861865942029
