0 0.0003477154356060566 0.28815498737373735 0.035859079071969696 0.28125 0.16236831202651514 0.8869160353535354 0.13277550899621213 0.8888888888888888
0 0.043997099905303025 0.3019649621212121 0.08616684422348485 0.2960464015151515 0.2000991358901515 0.8957938762626262 0.16532759232954544 0.8918481691919191
0 0.07432972301136363 0.226010101010101 0.12685694839015152 0.22206439393939392 0.24152906013257575 0.8938210227272726 0.20157877604166666 0.8928345959595959
0 0.12611712831439392 0.2240372474747475 0.1697665127840909 0.21910511363636362 0.2851784446022727 0.8888888888888888 0.24744762073863635 0.8918481691919191
0 0.18604255445075757 0.2753314393939394 0.23561049952651514 0.26744002525252525 0.3258685487689394 0.887902462121212 0.2873979048295454 0.8898753156565656
0 0.23191139914772724 0.18359375 0.2711218631628788 0.18359375 0.36137991240530304 0.8908617424242423 0.3340065696022727 0.8918481691919191
0 0.2770404237689394 0.1806344696969697 0.3199499881628788 0.17767518939393936 0.3976310961174242 0.8918481691919191 0.366558652935606 0.8918481691919191
0 0.3258685487689394 0.18162089646464644 0.356201171875 0.18162089646464644 0.4316628196022727 0.8948074494949494 0.405029296875 0.8938210227272726
0 0.3732170336174242 0.19444444444444442 0.4168664180871212 0.19148516414141414 0.4679140033143939 0.8888888888888888 0.43018317945075757 0.887902462121212
0 0.42648407907196967 0.28914141414141414 0.45459724195075757 0.28519570707070707 0.5004660866477273 0.8918481691919191 0.47975112452651514 0.8918481691919191
0 0.46125562263257575 0.28914141414141414 0.48714932528409094 0.28815498737373735 0.5256199692234849 0.8829703282828283 0.5049050071022727 0.8869160353535354
0 0.5049050071022727 0.28815498737373735 0.5330181699810606 0.2871685606060606 0.5492942116477273 0.8859296085858586 0.5256199692234849 0.8859296085858586
0 0.5485543915719697 0.2013494318181818 0.5885046756628788 0.20036300505050506 0.5885046756628788 0.8888888888888888 0.5611313328598485 0.8869160353535354
0 0.5907241358901515 0.2013494318181818 0.6277151396780303 0.20036300505050506 0.6217965790719696 0.8790246212121211 0.5914639559659091 0.8790246212121211
0 0.6351133404356061 0.2743450126262626 0.6832016453598484 0.27335858585858586 0.6610070430871212 0.8790246212121211 0.6232762192234849 0.880011047979798
0 0.703176787405303 0.16189236111111108 0.7579234730113636 0.15991950757575757 0.7053962476325757 0.8809974747474748 0.6669256036931818 0.8790246212121211
0 0.7660614938446969 0.2082544191919192 0.8111905184659091 0.20726799242424243 0.7490456321022727 0.8780381944444443 0.7150139086174242 0.8839567550505051
0 0.8267267400568181 0.19641729797979798 0.8674168442234848 0.1983901515151515 0.7830773555871212 0.8790246212121211 0.7512650923295454 0.8760653409090908
0 0.8859123461174242 0.30393781565656564 0.922903349905303 0.30393781565656564 0.8452222419507576 0.8760653409090908 0.8208081794507576 0.8760653409090908
0 0.9539757930871212 0.1589330808080808 0.9991048177083333 0.157946654040404 0.8940503669507576 0.8740924873737373 0.8637177438446969 0.8809974747474748
