0 0.08098810369318181 0.04154829545454545 0.11354018702651514 0.04154829545454545 0.1668072324810606 0.8977667297979798 0.1394338896780303 0.8977667297979798
0 0.1150198271780303 0.04746685606060606 0.1542302911931818 0.04450757575757575 0.20749733664772727 0.8938210227272726 0.17346561316287878 0.8957938762626262
0 0.15940903172348483 0.004064078282828283 0.24152906013257575 0.0020912247474747466 0.2770404237689394 0.9017124368686869 0.2119362571022727 0.8967803030303031
0 0.25632546164772724 0.0020912247474747466 0.38801343513257575 0.0020912247474747466 0.3983709161931818 0.9115767045454545 0.2888775449810606 0.9086174242424242
0 0.390972715435606 0.04943970959595959 0.453857421875 0.05141256313131313 0.4605158025568182 0.9184816919191919 0.40650893702651514 0.9184816919191919
0 0.4597759824810606 0.05141256313131313 0.4930678858901515 0.052398989898989896 0.4923280658143939 0.9165088383838383 0.4627352627840909 0.9174952651515151
0 0.49454752604166663 0.1401909722222222 0.5544729521780303 0.14216382575757575 0.547814571496212 0.9214409722222222 0.49602716619318177 0.9194681186868686
0 0.5611313328598485 0.011955492424242422 0.6025612571022727 0.010969065656565654 0.5840657552083333 0.9234138257575757 0.5507738517992424 0.9204545454545454
0 0.6018214370265151 0.01294191919191919 0.6410319010416666 0.015901199494949492 0.6203169389204545 0.9293323863636364 0.5885046756628788 0.926373106060606
0 0.6417717211174242 0.0612768308080808 0.7076157078598484 0.06324968434343434 0.6832016453598484 0.9273595328282828 0.6232762192234849 0.9244002525252525
0 0.7135342684659091 0.04154829545454545 0.7446067116477272 0.043521148989898985 0.7150139086174242 0.9303188131313131 0.6891202059659091 0.9293323863636364
0 0.7542243726325757 0.011955492424242422 0.8037923177083333 0.014914772727272726 0.7608827533143939 0.9303188131313131 0.7164935487689393 0.9322916666666666
0 0.7986135771780303 0.14906881313131312 0.8452222419507576 0.14610953282828282 0.8126701586174242 0.9322916666666666 0.767541133996212 0.9332780934343434
0 0.844482421875 0.15104166666666666 0.8859123461174242 0.1500552398989899 0.8533602627840908 0.9322916666666666 0.8156294389204545 0.9322916666666666
0 0.8903512665719696 0.1530145202020202 0.9317811908143939 0.15104166666666666 0.893310546875 0.9372238005050505 0.8563195430871212 0.9352509469696969
0 0.9376997514204545 0.15696022727272727 0.999755859375 0.15494791666666666 0.9554554332386364 0.9401830808080808 0.8962698271780303 0.9352509469696969
