0 0.021802497632575753 0.298019255050505 0.04473691998106061 0.3009785353535353 0.005526455965909088 0.9135495580808081 0.0018273555871212085 0.6087436868686869
0 0.04695638020833333 0.3029513888888889 0.060273141571969696 0.29999210858585856 0.02624141808712121 0.9135495580808081 0.008485736268939392 0.9135495580808081
0 0.07285008285984848 0.07705965909090907 0.09726414535984848 0.07508680555555554 0.05509440104166666 0.9165088383838383 0.02624141808712121 0.9165088383838383
0 0.10466234611742423 0.07903251262626261 0.13129586884469696 0.08100536616161615 0.09652432528409091 0.9155224116161617 0.061012961647727265 0.9174952651515151
0 0.136474609375 0.2240372474747475 0.17050633285984848 0.22699652777777776 0.1453524502840909 0.9056581439393939 0.10392252604166666 0.9076309974747474
0 0.1697665127840909 0.30689709595959597 0.18086381392045453 0.30886994949494945 0.1697665127840909 0.9096038510101009 0.15349047111742423 0.9076309974747474
0 0.1823434540719697 0.31084280303030304 0.19344075520833331 0.3138020833333333 0.18604255445075757 0.9056581439393939 0.17272579308712122 0.9066445707070706
0 0.1912212949810606 0.37791982323232326 0.209716796875 0.37791982323232326 0.2156353574810606 0.9017124368686869 0.19640003551136362 0.9036852904040403
0 0.21045661695075757 0.3818655303030303 0.22081409801136365 0.37989267676767674 0.23782995975378785 0.90072601010101 0.21933445785984845 0.9026988636363636
0 0.2245131983901515 0.3118292297979798 0.24448834043560602 0.3128156565656565 0.2629838423295454 0.90072601010101 0.23930959990530304 0.9046717171717171
0 0.24670780066287878 0.31084280303030304 0.26816258285984845 0.3138020833333333 0.2888775449810606 0.8987531565656566 0.26372366240530304 0.9026988636363636
0 0.268902402935606 0.3078835227272727 0.28665808475378785 0.30689709595959597 0.3103323271780303 0.8997395833333334 0.29035718513257575 0.9056581439393939
0 0.2873979048295454 0.30689709595959597 0.30515358664772724 0.30689709595959597 0.33104728929924243 0.9026988636363636 0.3118119673295454 0.9066445707070706
0 0.30441376657196967 0.18162089646464644 0.33104728929924243 0.18359375 0.3621197324810606 0.8957938762626262 0.33326674952651514 0.9026988636363636
0 0.3384454900568182 0.30689709595959597 0.36951793323863635 0.30689709595959597 0.3983709161931818 0.9036852904040403 0.3643391927083333 0.9056581439393939
0 0.3709975733901515 0.3049242424242424 0.40207001657196967 0.3049242424242424 0.4361017400568182 0.9026988636363636 0.40207001657196967 0.9066445707070706
0 0.3991107362689394 0.19148516414141414 0.4139071377840909 0.19148516414141414 0.4560768821022727 0.9046717171717171 0.4375813802083333 0.9066445707070706
0 0.415386777935606 0.19444444444444442 0.43092299952651514 0.19444444444444442 0.47235292376893934 0.9066445707070706 0.45755652225378785 0.9086174242424242
0 0.439800840435606 0.2437657828282828 0.4760520241477273 0.24277935606060605 0.5167421283143939 0.8987531565656566 0.47457238399621204 0.9046717171717171
0 0.483450224905303 0.24277935606060605 0.5189615885416666 0.24672506313131312 0.5633507930871212 0.90072601010101 0.5226606889204545 0.9056581439393939
0 0.5197014086174242 0.23982007575757572 0.5522534919507576 0.24179292929292928 0.6018214370265151 0.8977667297979798 0.5648304332386364 0.9017124368686869
0 0.5522534919507576 0.1924715909090909 0.5766675544507576 0.19345801767676765 0.6314142400568181 0.8977667297979798 0.6040408972537878 0.9017124368686869
0 0.5833259351325757 0.19345801767676765 0.605520537405303 0.19543087121212122 0.6595274029356061 0.8957938762626262 0.6328938802083333 0.8987531565656566
0 0.6106992779356061 0.19148516414141414 0.6351133404356061 0.19641729797979798 0.6913396661931818 0.8948074494949494 0.6595274029356061 0.8977667297979798
0 0.6439911813446969 0.18753945707070707 0.6684052438446969 0.18852588383838384 0.7253713896780303 0.8987531565656566 0.6957785866477273 0.8987531565656566
0 0.6891202059659091 0.37693339646464646 0.7076157078598484 0.37594696969696967 0.7490456321022727 0.8987531565656566 0.7253713896780303 0.8987531565656566
0 0.7135342684659091 0.3749605429292929 0.7305501302083333 0.3749605429292929 0.7727198745265151 0.8987531565656566 0.7512650923295454 0.8987531565656566
0 0.727590849905303 0.1924715909090909 0.7453465317234849 0.1924715909090909 0.8030524976325757 0.90072601010101 0.7801180752840908 0.9017124368686869
0 0.7534845525568181 0.1924715909090909 0.7690207741477272 0.1924715909090909 0.8274665601325757 0.8997395833333334 0.8037923177083333 0.90072601010101
0 0.7741995146780303 0.13821811868686867 0.7986135771780303 0.14117739898989898 0.8614982836174242 0.8987531565656566 0.8341249408143939 0.9026988636363636
0 0.8067515980113636 0.14216382575757575 0.8296860203598484 0.14610953282828282 0.8970096472537878 0.8977667297979798 0.8681566642992424 0.8997395833333334
0 0.8504009824810606 0.30886994949494945 0.865197383996212 0.30886994949494945 0.914025508996212 0.8977667297979798 0.8999689275568181 0.8997395833333334
0 0.8666770241477272 0.3147885101010101 0.8799937855113636 0.3147885101010101 0.9310413707386364 0.8967803030303031 0.9162449692234848 0.8987531565656566
0 0.8777743252840908 0.24869791666666666 0.903668027935606 0.25264362373737376 0.962853633996212 0.8948074494949494 0.9332608309659091 0.8977667297979798
0 0.9103264086174242 0.24869791666666666 0.9399192116477272 0.25165719696969696 0.999755859375 0.8876953125 0.9650730942234848 0.8928345959595959
