0 0.0010875355113636326 0.39172979797979796 0.03955817945075757 0.3877840909090909 0.21415571732954544 0.9470880681818182 0.17494525331439392 0.9441287878787877
0 0.041777639678030304 0.39764835858585856 0.0906057646780303 0.3946890782828283 0.25632546164772724 0.943142361111111 0.22081409801136365 0.9421559343434343
0 0.11280036695075757 0.45091540404040403 0.1697665127840909 0.44598327020202017 0.2955359256628788 0.9411695075757575 0.258544921875 0.943142361111111
0 0.1601488517992424 0.366082702020202 0.2030584161931818 0.36410984848484845 0.33104728929924243 0.9461016414141414 0.3014544862689394 0.9451152146464645
0 0.21415571732954544 0.3631234217171717 0.2644634824810606 0.3572048611111111 0.3680382930871212 0.9470880681818182 0.33326674952651514 0.9470880681818182
0 0.268902402935606 0.3690419823232323 0.307373046875 0.36509627525252525 0.39689127604166663 0.9490609217171717 0.37173739346590906 0.952020202020202
0 0.3258685487689394 0.3818655303030303 0.3769161339962121 0.37693339646464646 0.43314245975378785 0.9470880681818182 0.40059037642045453 0.9470880681818182
0 0.3887532552083333 0.4765625 0.4198256983901515 0.4706439393939394 0.4656945430871212 0.9549794823232323 0.4464592211174242 0.9549794823232323
0 0.43018317945075757 0.47853535353535354 0.45755652225378785 0.47853535353535354 0.48936878551136365 0.9421559343434343 0.4679140033143939 0.9461016414141414
0 0.47679184422348486 0.48839962121212116 0.5123032078598485 0.48839962121212116 0.5108235677083333 0.9421559343434343 0.4901086055871212 0.9401830808080808
0 0.532278349905303 0.3887705176767677 0.5714888139204545 0.3897569444444444 0.5500340317234849 0.9480744949494949 0.5226606889204545 0.9451152146464645
0 0.5796268347537878 0.38679766414141414 0.6188372987689393 0.38679766414141414 0.5818462949810606 0.9421559343434343 0.5537331321022727 0.9421559343434343
0 0.6262354995265151 0.459793244949495 0.6765432646780303 0.46176609848484845 0.6188372987689393 0.9411695075757575 0.5848055752840908 0.9372238005050505
0 0.7113148082386364 0.3562184343434343 0.7727198745265151 0.3591777146464646 0.6632265033143939 0.9451152146464645 0.6240160392992424 0.9461016414141414
0 0.7808578953598484 0.40652619949494945 0.8274665601325757 0.408499053030303 0.703176787405303 0.9441287878787877 0.6713645241477273 0.9500473484848485
0 0.8474417021780303 0.40258049242424243 0.8918309067234848 0.40455334595959597 0.7335094105113636 0.9461016414141414 0.7046564275568181 0.9470880681818182
0 0.9007087476325757 0.5012231691919192 0.9362201112689393 0.5012231691919192 0.7949144767992424 0.9451152146464645 0.7690207741477272 0.9451152146464645
