0 0.02657948369565219 0.11715919384057975 0.0011039402173913249 0.12140511775362323 4.2459239130460125e-05 0.2417062952898551 0.12317425271739132 0.9267153532608696 0.15289572010869565 0.925300045289855
0 0.028702445652173947 0.12423573369565222 0.15395720108695657 0.9182235054347826 0.191109035326087 0.9182235054347826 0.07328464673913046 0.11857450181159424
0 0.07116168478260873 0.069038722826087 0.19535495923913046 0.9238847373188405 0.25798233695652173 0.9238847373188405 0.1624490489130435 0.07469995471014497
0 0.17412533967391305 0.025164175724637722 0.2654127038043479 0.9295459692028986 0.3726222826086957 0.925300045289855 0.3195482336956521 0.030825407608695694
0 0.33016304347826086 0.13131227355072467 0.38005264945652173 0.9352072010869565 0.42569633152173914 0.9352072010869565 0.40234375 0.1284816576086957
0 0.4055281929347826 0.1284816576086957 0.4299422554347826 0.9323765851449276 0.4607252038043478 0.9323765851449276 0.44374150815217395 0.13272758152173916
0 0.44692595108695654 0.23038383152173914 0.4628481657608695 0.9281306612318841 0.5095533288043478 0.9323765851449276 0.5106148097826086 0.22472259963768118
0 0.5148607336956521 0.0860224184782609 0.5127377717391304 0.9323765851449276 0.5445822010869565 0.9323765851449276 0.5605044157608695 0.0888530344202899
0 0.5626273777173912 0.08319180253623193 0.5445822010869565 0.9366225090579711 0.5785495923913043 0.9366225090579711 0.605086616847826 0.0860224184782609
0 0.6061480978260869 0.13272758152173916 0.5785495923913043 0.9366225090579711 0.6369310461956521 0.933791893115942 0.6772673233695652 0.13697350543478265
0 0.6804517663043478 0.11857450181159424 0.6358695652173912 0.933791893115942 0.6655910326086957 0.933791893115942 0.7186650815217391 0.11432857789855076
0 0.7260954483695652 0.08177649456521742 0.6677139945652174 0.9309612771739131 0.7080502717391304 0.933791893115942 0.7781080163043478 0.08319180253623193
0 0.7685546875 0.22472259963768118 0.7133576766304347 0.9380378170289855 0.7505095108695652 0.933791893115942 0.8205672554347825 0.22330729166666666
0 0.8216287364130435 0.22755321557971017 0.7558169157608695 0.9352072010869565 0.7865998641304347 0.9323765851449276 0.8598420516304348 0.22613790760869568
0 0.8609035326086956 0.2374603713768116 0.7908457880434783 0.9281306612318841 0.8322435461956521 0.9295459692028986 0.9065472146739131 0.23038383152173914
0 0.9150390625 0.23604506340579712 0.8322435461956521 0.9352072010869565 0.8842561141304348 0.9323765851449276 0.9819123641304348 0.22755321557971017
0 0.9808508831521738 0.23604506340579712 0.8853175951086956 0.933791893115942 0.9224694293478259 0.9323765851449276 0.9988960597826086 0.4129585597826087 0.9988960597826086 0.23038383152173914
