0 0.0040468158143939365 0.25461647727272724 0.16532759232954544 0.8948074494949494 0.1394338896780303 0.8977667297979798 0.0010875355113636326 0.38482481060606055
0 0.007745916193181816 0.24968434343434343 0.05657404119318181 0.25067077020202017 0.19935931581439392 0.8839567550505051 0.16828687263257575 0.8869160353535354
0 0.05583422111742424 0.20529513888888887 0.15349047111742423 0.2112136994949495 0.26224402225378785 0.8869160353535354 0.2037982362689394 0.8888888888888888
0 0.16828687263257575 0.16879734848484848 0.32068980823863635 0.1747159090909091 0.36359937263257575 0.880011047979798 0.27186168323863635 0.8918481691919191
0 0.331787109375 0.26744002525252525 0.3983709161931818 0.26744002525252525 0.4131673177083333 0.8888888888888888 0.3702577533143939 0.8928345959595959
0 0.40650893702651514 0.2743450126262626 0.4464592211174242 0.2713857323232323 0.439800840435606 0.8849431818181818 0.415386777935606 0.8888888888888888
0 0.4471990411931818 0.35424558080808083 0.5063846472537878 0.34832702020202017 0.483450224905303 0.8790246212121211 0.4442397608901515 0.8819839015151515
0 0.5197014086174242 0.2358743686868687 0.5581720525568181 0.23291508838383837 0.5137828480113636 0.8790246212121211 0.48714932528409094 0.880011047979798
0 0.5633507930871212 0.2348879419191919 0.6010816169507576 0.23390151515151514 0.5426358309659091 0.8819839015151515 0.5160023082386364 0.8839567550505051
0 0.5981223366477273 0.2743450126262626 0.6654459635416666 0.27237215909090906 0.5899843158143939 0.875078914141414 0.5433756510416666 0.8790246212121211
0 0.6750636245265151 0.26152146464646464 0.7076157078598484 0.26152146464646464 0.6136585582386364 0.8760653409090908 0.5907241358901515 0.8780381944444443
0 0.7179731889204545 0.2378472222222222 0.7660614938446969 0.23883364898989898 0.6469504616477273 0.8731060606060606 0.6136585582386364 0.8770517676767676
0 0.7453465317234849 0.35523200757575757 0.7897357362689393 0.35424558080808083 0.6854211055871212 0.8711332070707071 0.6506495620265151 0.8721196338383838
0 0.7904755563446969 0.3572048611111111 0.8267267400568181 0.35227272727272724 0.7150139086174242 0.8652146464646465 0.6869007457386364 0.8662010732323232
0 0.8319054805871212 0.3611505681818182 0.8674168442234848 0.3572048611111111 0.7453465317234849 0.8662010732323232 0.7179731889204545 0.8662010732323232
0 0.8703761245265151 0.3680555555555555 0.9295617305871212 0.3611505681818182 0.7875162760416666 0.8662010732323232 0.7490456321022727 0.8671875
0 0.938439571496212 0.3690419823232323 0.9687721946022727 0.36509627525252525 0.8178488991477272 0.8652146464646465 0.7912153764204545 0.8652146464646465
0 0.9695120146780303 0.37101483585858586 0.999755859375 0.3671875 0.8467018821022727 0.8652146464646465 0.820068359375 0.8652146464646465
