0 0.0011039402173913249 0.6139322916666666 0.07540760869565219 0.9663439764492754 0.11149796195652176 0.9592674365942028 0.0011039402173913249 0.42003509963768115
0 0.023395040760869595 0.31105638586956524 4.2459239130460125e-05 0.31105638586956524 0.0 0.3154721467391331 0.003226902173913082 0.4214504076086956 0.11574388586956522 0.9620980525362319 0.1486497961956522 0.9507755887681159
0 0.02233355978260873 0.3138870018115942 0.08920686141304349 0.30822576992753625 0.19853940217391305 0.9507755887681159 0.15183423913043478 0.9550215126811593
0 0.09026834239130435 0.3153023097826087 0.20066236413043478 0.9479449728260869 0.23675271739130435 0.9436990489130435 0.13272758152173916 0.3153023097826087
0 0.13272758152173916 0.30822576992753625 0.17837126358695657 0.3096410778985507 0.2739045516304348 0.9380378170289855 0.23462975543478262 0.945114356884058
0 0.1624490489130435 0.163864356884058 0.2739045516304348 0.9465296648550724 0.33653192934782605 0.9380378170289855 0.24524456521739132 0.14971127717391308
0 0.25373641304347827 0.2190613677536232 0.3195482336956521 0.21623075181159424 0.39172894021739124 0.9408684329710145 0.3354704483695652 0.9436990489130435
0 0.3206097146739131 0.1850939764492754 0.3927904211956521 0.9493602807971014 0.44374150815217395 0.939453125 0.3864215353260869 0.18933990036231885
0 0.3938519021739131 0.22472259963768118 0.4448029891304348 0.945114356884058 0.4819548233695652 0.9408684329710145 0.44055706521739124 0.22330729166666666
0 0.4458644701086957 0.3124716938405797 0.48301630434782605 0.9352072010869565 0.5222911005434783 0.9323765851449276 0.49150815217391297 0.31105638586956524
0 0.4904466711956521 0.2728430706521739 0.5212296195652174 0.9323765851449276 0.5626273777173912 0.9295459692028986 0.5467051630434783 0.2728430706521739
0 0.5467051630434783 0.29124207427536236 0.5615658967391304 0.9267153532608696 0.5987177309782609 0.9267153532608696 0.5902258831521738 0.28699615036231885
0 0.6008406929347826 0.30822576992753625 0.5987177309782609 0.9238847373188405 0.6358695652173912 0.9238847373188405 0.6443614130434783 0.30539515398550726
0 0.6507302989130435 0.22896852355072464 0.637992527173913 0.9182235054347826 0.6772673233695652 0.9168081974637681 0.7059273097826086 0.22472259963768118
0 0.7059273097826086 0.22755321557971017 0.6825747282608695 0.9125622735507246 0.7207880434782609 0.9139775815217391 0.7547554347826086 0.22472259963768118
0 0.7536939538043478 0.28133491847826086 0.7207880434782609 0.9069010416666666 0.7632472826086956 0.9012398097826088 0.8057065217391304 0.2799196105072464
0 0.8237516983695652 0.18933990036231885 0.7653702445652174 0.9083163496376812 0.7961531929347825 0.9083163496376812 0.8598420516304348 0.19358582427536233
0 0.865149456521739 0.19075520833333334 0.7982761548913042 0.9069010416666666 0.8375509510869565 0.8998245018115942 0.9065472146739131 0.18650928442028988
0 0.9107931385869565 0.18650928442028988 0.8364894701086956 0.9069010416666666 0.8693953804347825 0.9069010416666666 0.9490064538043479 0.19358582427536233
0 0.9468834918478259 0.21198482789855075 0.8693953804347825 0.8969938858695653 0.9001783288043479 0.8969938858695653 0.9957116168478259 0.2077389039855073
0 0.9808508831521738 0.2997339221014493 0.9044242527173914 0.8984091938405797 0.9298997961956521 0.8998245018115942 0.999755859375 0.42231075538375124 0.999755859375 0.30539515398550726
