0 0.029593331473214357 0.26748511904761907 -3.469446951953614e-18 0.26748511904761907 0.051391601562500056 0.9568917410714285 0.0993477957589286 0.951078869047619
0 0.03569684709821436 0.26748511904761907 0.10632324218750006 0.26283482142857145 0.1577671595982143 0.9522414434523808 0.10370744977678575 0.9592168898809522
0 0.10893903459821436 0.3291015625 0.1481759207589286 0.32561383928571436 0.1970040457589286 0.9580543154761904 0.15863909040178575 0.962704613095238
0 0.14381626674107145 0.18029203869047625 0.17694963727678575 0.1779668898809524 0.23449707031250006 0.9545665922619047 0.19874790736607145 0.9557291666666665
0 0.1900285993303572 0.28027343750000006 0.2484479631696429 0.2744605654761905 0.2937883649553572 0.9557291666666665 0.2362409319196429 0.9568917410714285
0 0.2606549944196429 0.366303943452381 0.2990199497767857 0.9592168898809522 0.3417445591517857 0.9545665922619047 0.3077392578125 0.36514136904761907
0 0.3086111886160715 0.3093377976190476 0.3434884207589286 0.9568917410714285 0.3722621372767857 0.9580543154761904 0.3417445591517857 0.30468750000000006
0 0.3408726283482143 0.3035249255952381 0.3722621372767857 0.9592168898809522 0.4036516462053572 0.9580543154761904 0.3722621372767857 0.3011997767857143
0 0.3748779296875 0.3023623511904762 0.4045235770089286 0.9557291666666665 0.4315534319196429 0.9534040178571428 0.4045235770089286 0.3000372023809524
0 0.4027797154017857 0.3000372023809524 0.4367850167410714 0.9545665922619047 0.4664306640625 0.9522414434523808 0.4385288783482143 0.3000372023809524
0 0.4350411551339286 0.16285342261904767 0.4716622488839286 0.9545665922619047 0.4995640345982143 0.9522414434523808 0.4707903180803572 0.15936569940476195
0 0.4821254185267857 0.23842075892857148 0.5091552734375 0.9429408482142856 0.5937325613839286 0.9487537202380952 0.5858851841517857 0.23493303571428573
0 0.5876290457589286 0.3453776041666667 0.5998360770089286 0.9441034226190474 0.6416887555803571 0.9475911458333331 0.6355852399553571 0.33956473214285715
0 0.6399448939732143 0.34305245535714285 0.6451764787946429 0.9487537202380952 0.6905168805803571 0.9441034226190474 0.6896449497767857 0.3442150297619048
0 0.6948765345982143 0.23377046130952384 0.6940046037946429 0.9464285714285713 0.7393450055803571 0.9441034226190474 0.7445765904017857 0.23144531250000003
0 0.7489362444196428 0.2756231398809524 0.7454485212053571 0.9475911458333331 0.7873011997767857 0.9441034226190474 0.8003801618303571 0.268647693452381
0 0.8047398158482143 0.24190848214285718 0.7925327845982143 0.9452659970238094 0.8256661551339285 0.9452659970238094 0.8422328404017857 0.24190848214285718
0 0.8465924944196429 0.24190848214285718 0.8256661551339285 0.9452659970238094 0.8596714564732143 0.9452659970238094 0.8805977957589285 0.23958333333333337
0 0.8832135881696429 0.26167224702380953 0.8649030412946429 0.9475911458333331 0.9015241350446429 0.9499162946428571 0.9180908203124999 0.2605096726190476
0 0.9302978515624999 0.15820312500000003 0.9006522042410715 0.951078869047619 0.9756382533482143 0.9522414434523808 0.9974365234374999 0.15587797619047622
