0 0.04790387834821436 0.902250744047619 0.0897565569196429 0.8999255952380952 0.033081054687500056 0.18145461309523814 0.0 0.17753389550264553
0 0.040928431919642905 0.2465587797619048 0.1106828962053572 0.2465587797619048 0.1568952287946429 0.8976004464285713 0.09673200334821436 0.9034133184523808
0 0.1141706194196429 0.2512090773809524 0.16474260602678575 0.902250744047619 0.21357073102678575 0.9034133184523808 0.16735839843750006 0.2523716517857143
0 0.1786934988839286 0.2523716517857143 0.2240339006696429 0.9092261904761904 0.2780936104910715 0.9034133184523808 0.23449707031250006 0.2523716517857143
0 0.24408830915178575 0.3209635416666667 0.2850690569196429 0.9034133184523808 0.3182024274553572 0.9045758928571428 0.2841971261160715 0.31980096726190477
0 0.2824532645089286 0.25469680059523814 0.3225620814732143 0.9115513392857141 0.3539515904017857 0.9103887648809522 0.3147147042410715 0.2570219494047619
0 0.3173304966517857 0.25469680059523814 0.3530796595982143 0.9150390624999999 0.3766217912946429 0.9103887648809522 0.3417445591517857 0.2523716517857143
0 0.3452322823660715 0.18843005952380956 0.3818533761160714 0.9103887648809522 0.4193464006696429 0.913876488095238 0.3853410993303572 0.18843005952380956
0 0.3905726841517857 0.18494233630952384 0.4245779854910714 0.913876488095238 0.4603271484375 0.913876488095238 0.4350411551339286 0.18843005952380956
0 0.4367850167410714 0.18610491071428573 0.4681745256696429 0.9150390624999999 0.4925885881696429 0.9173642113095237 0.4734061104910714 0.18494233630952384
0 0.4725341796875 0.19308035714285718 0.4995640345982143 0.9162016369047619 0.5257219587053572 0.9196893601190474 0.5039236886160714 0.19075520833333337
0 0.5152587890625 0.26399739583333337 0.5326974051339286 0.913876488095238 0.5701904296875 0.9103887648809522 0.5571114676339286 0.26283482142857145
0 0.5597272600446429 0.26167224702380953 0.5736781529017857 0.9103887648809522 0.6164027622767857 0.9127139136904762 0.6059395926339286 0.26399739583333337
0 0.6190185546875 0.2721354166666667 0.6469203404017857 0.9173642113095237 0.7062116350446428 0.9173642113095237 0.6835414341517857 0.26748511904761907
0 0.6870291573660714 0.16169084821428573 0.7131870814732143 0.9185267857142856 0.7602713448660714 0.9162016369047619 0.7376011439732143 0.15936569940476195
0 0.7419607979910714 0.2012183779761905 0.7628871372767857 0.913876488095238 0.7899169921874999 0.9127139136904762 0.7742222377232143 0.2012183779761905
0 0.7733503069196428 0.20935639880952384 0.7916608537946429 0.8941127232142856 0.8108433314732143 0.8917875744047619 0.7934047154017857 0.20935639880952384
0 0.8090994698660715 0.20703125000000003 0.8221784319196429 0.913876488095238 0.8649030412946429 0.9103887648809522 0.8535679408482143 0.2023809523809524
0 0.8587995256696429 0.20819382440476195 0.8701346261160715 0.9173642113095237 0.9015241350446429 0.9115513392857141 0.8997802734374999 0.2023809523809524
0 0.9050118582589285 0.20819382440476195 0.9050118582589285 0.9185267857142856 0.9294259207589285 0.9162016369047619 0.9311697823660715 0.21051897321428573
0 0.9302978515624999 0.21051897321428573 0.9311697823660715 0.9162016369047619 0.9887172154017857 0.9185267857142856 0.9983084542410713 0.1988932291666667
