0 0.01825823102678578 0.16866629464285718 0.0775495256696429 0.8964378720238094 0.040928431919642905 0.9010881696428571 0.0 0.4728555023354822 0.0025634765625000555 0.1744791666666667
0 0.039184570312500056 0.18029203869047625 0.08888462611607145 0.8871372767857141 0.11329868861607145 0.8813244047619047 0.06708635602678575 0.18145461309523814
0 0.0688302176339286 0.18494233630952384 0.11591448102678575 0.8941127232142856 0.16212681361607145 0.8941127232142856 0.12201799665178575 0.1779668898809524
0 0.12114606584821436 0.18377976190476195 0.16474260602678575 0.9069010416666665 0.19526018415178575 0.9034133184523808 0.1568952287946429 0.18726748511904764
0 0.16125488281250006 0.19075520833333337 0.1961321149553572 0.9057384672619047 0.22577776227678575 0.9057384672619047 0.1909005301339286 0.19424293154761907
0 0.19526018415178575 0.24423363095238096 0.22839355468750006 0.9080636160714285 0.2850690569196429 0.9092261904761904 0.25716727120535715 0.23493303571428573
0 0.26239885602678575 0.2779482886904762 0.2894287109375 0.9162016369047619 0.3365129743303572 0.9173642113095237 0.3216901506696429 0.2767857142857143
0 0.3338971819196429 0.1756417410714286 0.3426164899553572 0.9289899553571428 0.3740059988839286 0.9313151041666665 0.3617989676339286 0.1733165922619048
0 0.3696463448660714 0.28376116071428575 0.3757498604910714 0.9301525297619047 0.4019077845982143 0.9255022321428571 0.3966761997767857 0.28376116071428575
0 0.4010358537946429 0.37211681547619047 0.4036516462053572 0.9336402529761904 0.4385288783482143 0.9313151041666665 0.4394008091517857 0.3686290922619048
0 0.4428885323660714 0.29073660714285715 0.4437604631696429 0.9313151041666665 0.4751499720982143 0.9336402529761904 0.4725341796875 0.29422433035714285
0 0.4777657645089286 0.27911086309523814 0.4777657645089286 0.9371279761904762 0.5161307198660714 0.9394531249999999 0.5204903738839286 0.2779482886904762
0 0.5274658203125 0.3023623511904762 0.5222342354910714 0.9336402529761904 0.5449044363839286 0.9406156994047619 0.5553676060267857 0.3000372023809524
0 0.5579833984375 0.29073660714285715 0.5449044363839286 0.9441034226190474 0.5867571149553571 0.9417782738095237 0.6085553850446429 0.293061755952381
0 0.6164027622767857 0.2953869047619048 0.6530238560267857 0.2953869047619048 0.6242501395089286 0.9464285714285713 0.5911167689732143 0.9452659970238094
0 0.6565115792410714 0.3267764136904762 0.6896449497767857 0.32561383928571436 0.6591273716517857 0.951078869047619 0.6233782087053571 0.9452659970238094
0 0.7105712890625 0.21168154761904764 0.6617431640625 0.9522414434523808 0.7140590122767857 0.9603794642857141 0.7628871372767857 0.21051897321428573
0 0.7602713448660714 0.3291015625 0.8003801618303571 0.3384021577380953 0.7480643136160714 0.9720052083333331 0.7175467354910714 0.9615420386904762
0 0.8082275390624999 0.31515066964285715 0.8413609095982143 0.3139880952380953 0.7890450613839285 0.9801432291666665 0.7515520368303571 0.9708426339285713
0 0.8587995256696429 0.2744605654761905 0.8962925502232143 0.28027343750000006 0.8256661551339285 0.9894438244047619 0.7925327845982143 0.9824683779761904
0 0.9093715122767857 0.21400669642857148 0.9590715680803571 0.2256324404761905 0.8736223493303571 0.9882812499999999 0.8335135323660715 0.9847935267857141
0 0.9529680524553571 0.2814360119047619 0.9887172154017857 0.29189918154761907 0.9067557198660715 0.9917689732142856 0.8736223493303571 0.9859561011904762
0 0.9459926060267857 0.9987444196428571 0.9154750279017857 0.9952566964285713 0.9983084542410713 0.2988746279761905 0.9974365234374999 0.5825427827380952
