0 0.031337193080357206 0.19308035714285718 0.0 0.19308035714285718 0.06447056361607151 0.840634300595238 0.10370744977678575 0.8394717261904762
0 0.04616001674107151 0.19540550595238096 0.0810372488839286 0.1965680803571429 0.16735839843750006 0.8324962797619047 0.1359688895089286 0.8324962797619047
0 0.0836530412946429 0.1988932291666667 0.1202741350446429 0.1988932291666667 0.19787597656250006 0.8301711309523808 0.1691022600446429 0.8348214285714285
0 0.11853027343750006 0.1977306547619048 0.14904785156250006 0.2023809523809524 0.2266496930803572 0.8278459821428571 0.20136369977678575 0.8324962797619047
0 0.14643205915178575 0.1779668898809524 0.18654087611607145 0.1721540178571429 0.2676304408482143 0.8348214285714285 0.2301374162946429 0.8348214285714285
0 0.1961321149553572 0.18029203869047625 0.2336251395089286 0.1779668898809524 0.3059953962053572 0.8359840029761904 0.27199009486607145 0.8359840029761904
0 0.24757603236607145 0.21168154761904764 0.2937883649553572 0.20703125000000003 0.3495919363839286 0.8394717261904762 0.3077392578125 0.8429594494047619
0 0.2990199497767857 0.21400669642857148 0.3417445591517857 0.21168154761904764 0.3931884765625 0.8417968749999999 0.3530796595982143 0.8452845982142856
0 0.3452322823660715 0.18726748511904764 0.3774937220982143 0.18726748511904764 0.4202183314732143 0.8441220238095237 0.3958042689732143 0.8464471726190474
0 0.3783656529017857 0.18610491071428573 0.4219621930803572 0.8464471726190474 0.4524797712053572 0.8487723214285713 0.4097551618303572 0.18959263392857148
0 0.4141148158482143 0.21168154761904764 0.4428885323660714 0.21516927083333337 0.4760219029017857 0.8557477678571428 0.4516078404017857 0.8557477678571428
0 0.4455043247767857 0.21865699404761907 0.4917166573660714 0.21516927083333337 0.5187465122767857 0.8569103422619047 0.4777657645089286 0.853422619047619
0 0.4960763113839286 0.21981956845238096 0.5431605747767857 0.21749441964285718 0.5632149832589286 0.8603980654761904 0.5204903738839286 0.8592354910714285
0 0.5431605747767857 0.19424293154761907 0.5937325613839286 0.19191778273809526 0.6033238002232143 0.8603980654761904 0.5640869140625 0.8615606398809522
0 0.5972202845982143 0.1965680803571429 0.6399448939732143 0.19191778273809526 0.6460484095982143 0.8580729166666665 0.6102992466517857 0.865048363095238
0 0.6451764787946429 0.2233072916666667 0.6687186104910714 0.2244698660714286 0.6748221261160714 0.8685360863095237 0.6504080636160714 0.8673735119047619
0 0.6739501953125 0.2267950148809524 0.7018519810267857 0.2256324404761905 0.6983642578125 0.8627232142857141 0.6695905412946429 0.8662109374999999
0 0.7027239118303571 0.23028273809523814 0.7297537667410714 0.23377046130952384 0.7314976283482143 0.8638857886904762 0.7088274274553571 0.8638857886904762
0 0.7323695591517857 0.23260788690476195 0.7593994140625 0.23493303571428573 0.7593994140625 0.8685360863095237 0.7314976283482143 0.8696986607142856
0 0.7602713448660714 0.23958333333333337 0.7750941685267857 0.23958333333333337 0.7829415457589285 0.8720238095238094 0.7567836216517857 0.8720238095238094
0 0.7838134765624999 0.23958333333333337 0.8082275390624999 0.23725818452380956 0.8064836774553571 0.8720238095238094 0.7803257533482143 0.8743489583333331
0 0.8117152622767857 0.23725818452380956 0.8457205636160715 0.23609561011904764 0.8431047712053571 0.8755115327380952 0.8073556082589285 0.8720238095238094
0 0.8492082868303571 0.24423363095238096 0.8779820033482143 0.24423363095238096 0.8657749720982143 0.8743489583333331 0.8422328404017857 0.8731863839285713
0 0.8797258649553571 0.2488839285714286 0.9128592354910715 0.24539620535714288 0.8962925502232143 0.8801618303571428 0.8701346261160715 0.8813244047619047
0 0.9207066127232143 0.15471540178571433 0.9573277064732143 0.1512276785714286 0.9433768136160715 0.8836495535714285 0.9015241350446429 0.8824869791666665
0 0.9677908761160713 0.16169084821428573 0.9983084542410713 0.15704055059523814 0.9826136997767857 0.8836495535714285 0.9398890904017857 0.8836495535714285
