0 0.006923130580357206 0.1512276785714286 0.10021972656250006 0.15704055059523814 0.17063239665976868 0.9996744791666669 0.08801269531250006 0.9996744791666666
0 0.11591448102678575 0.19075520833333337 0.1752057756696429 0.19191778273809526 0.23622336784590192 0.9996744791666666 0.1717180524553572 0.9917689732142856
0 0.1874128069196429 0.19308035714285718 0.23536900111607145 0.19075520833333337 0.28418309504566924 0.9996744791666666 0.24060058593750006 0.9996744791666666
0 0.2458321707589286 0.1535528273809524 0.2920445033482143 0.15704055059523814 0.32947555596037487 0.9996744791666666 0.2807094029017857 0.9996744791666666
0 0.2937883649553572 0.1512276785714286 0.3426164899553572 0.1535528273809524 0.37395432891038366 0.9996744791666666 0.3304094587053572 0.9996744791666666
0 0.3556954520089286 0.15471540178571433 0.3940604073660714 0.15587797619047622 0.41135131931230484 0.9996744791666665 0.3792375837053572 0.9987444196428571
0 0.3958042689732143 0.15704055059523814 0.4359130859375 0.15704055059523814 0.4524797712053572 0.9917689732142856 0.4269845145089282 0.9996744791666666
0 0.4437604631696429 0.2721354166666667 0.4777657645089286 0.2732979910714286 0.4856131417410714 0.9766555059523808 0.4559674944196429 0.9894438244047619
0 0.4812534877232143 0.2767857142857143 0.5457763671875 0.2709728422619048 0.5492640904017857 0.962704613095238 0.4952043805803572 0.975492931547619
0 0.5510079520089286 0.15704055059523814 0.5527518136160714 0.9673549107142856 0.5963483537946429 0.9685174851190474 0.5946044921875 0.15239025297619052
0 0.6120431082589286 0.1988932291666667 0.6076834542410714 0.9696800595238094 0.6565115792410714 0.9580543154761904 0.6661028180803571 0.18843005952380956
0 0.6704624720982143 0.23260788690476195 0.6599993024553571 0.9603794642857141 0.6905168805803571 0.9557291666666665 0.7096993582589286 0.23260788690476195
0 0.7079554966517857 0.2895740327380953 0.6887730189732143 0.951078869047619 0.7131870814732143 0.9487537202380952 0.7332414899553571 0.29422433035714285
0 0.7376011439732143 0.29422433035714285 0.7175467354910714 0.9487537202380952 0.7445765904017857 0.9417782738095237 0.7637590680803571 0.293061755952381
0 0.7646309988839286 0.293061755952381 0.7445765904017857 0.9452659970238094 0.7698625837053571 0.9371279761904762 0.7890450613839285 0.29422433035714285
0 0.8056117466517857 0.1500651041666667 0.7820696149553571 0.9487537202380952 0.8143310546874999 0.9441034226190474 0.8326416015624999 0.1512276785714286
0 0.8361293247767857 0.1512276785714286 0.8152029854910715 0.9406156994047619 0.8404889787946429 0.9359654017857141 0.8631591796874999 0.14773995535714288
0 0.8858293805803571 0.13843936011904764 0.8579275948660715 0.9406156994047619 0.9067557198660715 0.9243396577380952 0.9372732979910715 0.13843936011904764
0 0.9398890904017857 0.16285342261904767 0.9084995814732143 0.9220145089285713 0.9355294363839285 0.9127139136904762 0.9669189453124999 0.15936569940476195
0 0.9669189453124999 0.19075520833333337 0.9364013671874999 0.8952752976190474 0.9599434988839285 0.8859747023809522 0.9913330078124999 0.19308035714285718
