0 0.01825823102678578 0.07217261904761908 0.06011090959821436 0.06868489583333337 0.1412004743303572 0.8662109374999999 0.10370744977678575 0.8673735119047619
0 0.0862688337053572 0.23958333333333337 0.1324811662946429 0.23842075892857148 0.18305315290178575 0.8557477678571428 0.1446881975446429 0.8615606398809522
0 0.1202741350446429 0.06403459821428575 0.1656145368303572 0.06635974702380958 0.2214181082589286 0.8638857886904762 0.1821812220982143 0.8615606398809522
0 0.1821812220982143 0.23842075892857148 0.2641427176339286 0.23377046130952384 0.2955322265625 0.8673735119047619 0.2188023158482143 0.8685360863095237
0 0.26501464843750006 0.13611421130952386 0.3042515345982143 0.13262648809523814 0.3400006975446429 0.8708612351190474 0.2990199497767857 0.8731863839285713
0 0.3216901506696429 0.2256324404761905 0.3879568917410714 0.21981956845238096 0.3984200613839286 0.8638857886904762 0.3495919363839286 0.8696986607142856
0 0.3905726841517857 0.21749441964285718 0.4577113560267857 0.21981956845238096 0.4577113560267857 0.8917875744047619 0.4062674386160714 0.8906249999999999
0 0.4646868024553572 0.18145461309523814 0.5640869140625 0.18726748511904764 0.5501360212053571 0.8801618303571428 0.4673025948660714 0.8836495535714285
0 0.5701904296875 0.20819382440476195 0.5667027064732143 0.8824869791666665 0.6408168247767857 0.8848121279761904 0.6661028180803571 0.2012183779761905
0 0.6678466796875 0.20819382440476195 0.6477922712053571 0.8708612351190474 0.7009800502232143 0.8766741071428571 0.7358572823660714 0.20819382440476195
0 0.7463204520089286 0.20703125000000003 0.7175467354910714 0.8859747023809522 0.7811976841517857 0.8848121279761904 0.8256661551339285 0.20819382440476195
0 0.8247942243303571 0.20935639880952384 0.7855573381696429 0.8615606398809522 0.8265380859374999 0.8627232142857141 0.8814697265624999 0.20935639880952384
0 0.8945486886160715 0.21168154761904764 0.8465924944196429 0.8789992559523808 0.8962925502232143 0.8824869791666665 0.9677908761160713 0.21168154761904764
0 0.9712785993303571 0.21168154761904764 0.8971644810267857 0.8685360863095237 0.9451206752232143 0.8708612351190474 0.999755859375 0.20251972316704606
