0 0.0025634765625000555 0.18377976190476195 0.0505196707589286 0.18261718750000003 0.12463378906250006 0.9336402529761904 0.0862688337053572 0.938290550595238
0 0.05836704799107151 0.2535342261904762 0.0810372488839286 0.2512090773809524 0.1473039899553572 0.9371279761904762 0.12463378906250006 0.9348028273809522
0 0.06359863281250006 0.13727678571428575 0.0897565569196429 0.13727678571428575 0.17084612165178575 0.9441034226190474 0.1481759207589286 0.9499162946428571
0 0.11504255022321436 0.28259858630952384 0.14904785156250006 0.28259858630952384 0.2083391462053572 0.9348028273809522 0.17433384486607145 0.9417782738095237
0 0.1385846819196429 0.19191778273809526 0.1629987444196429 0.18726748511904764 0.2301374162946429 0.9313151041666665 0.2083391462053572 0.9348028273809522
0 0.1786934988839286 0.2570219494047619 0.2336251395089286 0.9231770833333331 0.2641427176339286 0.9220145089285713 0.2118268694196429 0.25585937500000006
0 0.21357073102678575 0.25585937500000006 0.26327078683035715 0.9231770833333331 0.2946602957589286 0.9220145089285713 0.2484479631696429 0.2535342261904762
0 0.2423444475446429 0.11751302083333337 0.2998918805803572 0.9196893601190474 0.3530796595982143 0.9080636160714285 0.3068673270089286 0.11635044642857147
0 0.3147147042410715 0.18145461309523814 0.3513357979910715 0.913876488095238 0.3722621372767857 0.9103887648809522 0.3373849051339286 0.1779668898809524
0 0.3347691127232143 0.10356212797619052 0.3731340680803572 0.9150390624999999 0.3914446149553572 0.9127139136904762 0.3617989676339286 0.1012369791666667
0 0.3661586216517857 0.25469680059523814 0.3958042689732143 0.9045758928571428 0.4298095703125 0.8987630208333331 0.4062674386160714 0.2535342261904762
0 0.4088832310267857 0.2535342261904762 0.4298095703125 0.8976004464285713 0.4629429408482143 0.8941127232142856 0.4472481863839286 0.2512090773809524
0 0.4507359095982143 0.22912016369047625 0.4638148716517857 0.8964378720238094 0.5152587890625 0.8824869791666665 0.5082833426339286 0.2244698660714286
0 0.5091552734375 0.2279575892857143 0.5170026506696429 0.8824869791666665 0.5693184988839286 0.8766741071428571 0.5675746372767857 0.22912016369047625
0 0.5736781529017857 0.2744605654761905 0.5745500837053571 0.8731863839285713 0.5919886997767857 0.8731863839285713 0.5963483537946429 0.2744605654761905
0 0.5972202845982143 0.2767857142857143 0.5954764229910714 0.8720238095238094 0.6111711774553571 0.8696986607142856 0.6198904854910714 0.2756231398809524
0 0.6207624162946429 0.2744605654761905 0.6137869698660714 0.8662109374999999 0.6320975167410714 0.8627232142857141 0.6373291015625 0.2732979910714286
0 0.6425606863839286 0.34072730654761907 0.6355852399553571 0.865048363095238 0.6582554408482143 0.8569103422619047 0.6652308872767857 0.34072730654761907
0 0.6687186104910714 0.341889880952381 0.6573835100446429 0.8627232142857141 0.6835414341517857 0.8499348958333331 0.6905168805803571 0.341889880952381
0 0.6931326729910714 0.341889880952381 0.6844133649553571 0.8580729166666665 0.7114432198660714 0.8487723214285713 0.7175467354910714 0.3384021577380953
0 0.7367292131696428 0.1756417410714286 0.7184186662946428 0.8603980654761904 0.7585274832589286 0.8545851934523808 0.7777099609374999 0.1733165922619048
0 0.7811976841517857 0.1756417410714286 0.7628871372767857 0.8580729166666665 0.7977643694196429 0.8499348958333331 0.8213065011160715 0.1721540178571429
0 0.8361293247767857 0.14773995535714288 0.8012520926339285 0.8487723214285713 0.8274100167410715 0.8464471726190474 0.8683907645089285 0.146577380952381
0 0.8692626953124999 0.14773995535714288 0.8308977399553571 0.8452845982142856 0.8570556640624999 0.8371465773809522 0.8989083426339285 0.1454148065476191
0 0.8997802734374999 0.1454148065476191 0.8596714564732143 0.8371465773809522 0.8788539341517857 0.8324962797619047 0.9224504743303571 0.1454148065476191
0 0.9276820591517857 0.19308035714285718 0.8849574497767857 0.840634300595238 0.9041399274553571 0.840634300595238 0.9494803292410713 0.19424293154761907
0 0.9451206752232143 0.23028273809523814 0.9041399274553571 0.8359840029761904 0.9364013671874999 0.8208705357142856 0.9799979073660713 0.2256324404761905
0 0.9843575613839285 0.21749441964285718 0.9355294363839285 0.8138950892857141 0.9669189453124999 0.8138950892857141 0.999755859375 0.38579902447090064 0.999755859375 0.2035435267857143
