0 0.0714460100446429 0.8592354910714285 0.10283551897321436 0.8615606398809522 0.053135463169642905 0.28376116071428575 0.013898577008928631 0.28724888392857145
0 0.045288085937500056 0.18726748511904764 0.07231794084821436 0.18377976190476195 0.13160923549107145 0.8627232142857141 0.0984758649553572 0.8638857886904762
0 0.0749337332589286 0.18145461309523814 0.1359688895089286 0.8580729166666665 0.15253557477678575 0.8569103422619047 0.09760393415178575 0.18494233630952384
0 0.0984758649553572 0.11402529761904766 0.15515136718750006 0.8696986607142856 0.1882847377232143 0.8708612351190474 0.13160923549107145 0.10937500000000004
0 0.14643205915178575 0.11867559523809527 0.1874128069196429 0.8708612351190474 0.2205461774553572 0.8731863839285713 0.17694963727678575 0.11751302083333337
0 0.1909005301339286 0.2849237351190476 0.2240339006696429 0.8708612351190474 0.2737339564732143 0.8673735119047619 0.25367954799107145 0.28259858630952384
0 0.2554234095982143 0.28027343750000006 0.2780936104910715 0.8673735119047619 0.3251778738839286 0.8696986607142856 0.3112269810267857 0.2814360119047619
0 0.3164585658482143 0.26981026785714285 0.3321533203125 0.8766741071428571 0.3774937220982143 0.8813244047619047 0.3757498604910714 0.2721354166666667
0 0.3827253069196429 0.268647693452381 0.3801095145089286 0.902250744047619 0.4359130859375 0.9080636160714285 0.4498639787946429 0.26748511904761907
0 0.4603271484375 0.15704055059523814 0.4394008091517857 0.8999255952380952 0.4742780412946429 0.9069010416666665 0.4986921037946429 0.15820312500000003
0 0.5056675502232143 0.15587797619047622 0.4786376953125 0.9080636160714285 0.5065394810267857 0.9115513392857141 0.5388009207589286 0.1535528273809524
0 0.5475202287946429 0.26748511904761907 0.5100272042410714 0.9057384672619047 0.5283377511160714 0.9057384672619047 0.5658307756696429 0.268647693452381
0 0.5693184988839286 0.26632254464285715 0.5309535435267857 0.9010881696428571 0.5483921595982143 0.8987630208333331 0.5911167689732143 0.26283482142857145
0 0.5989641462053571 0.317475818452381 0.5536237444196429 0.877836681547619 0.6076834542410714 0.8917875744047619 0.6591273716517857 0.32561383928571436
0 0.6765659877232143 0.1721540178571429 0.6085553850446429 0.9034133184523808 0.6460484095982143 0.9092261904761904 0.7201625279017857 0.1744791666666667
0 0.7201625279017857 0.17099144345238101 0.6504080636160714 0.9069010416666665 0.6861572265625 0.9150390624999999 0.7689906529017857 0.17912946428571433
0 0.7707345145089286 0.18726748511904764 0.6887730189732143 0.9069010416666665 0.7149309430803571 0.9069010416666665 0.7986363002232143 0.18610491071428573
0 0.8012520926339285 0.18610491071428573 0.7210344587053571 0.8906249999999999 0.7463204520089286 0.8941127232142856 0.8308977399553571 0.18726748511904764
0 0.8265380859374999 0.2523716517857143 0.7567836216517857 0.8941127232142856 0.8047398158482143 0.8987630208333331 0.8840855189732143 0.2535342261904762
0 0.8901890345982143 0.2605096726190476 0.8073556082589285 0.9069010416666665 0.8605433872767857 0.9115513392857141 0.9503522600446429 0.26399739583333337
0 0.9590715680803571 0.2523716517857143 0.8631591796874999 0.902250744047619 0.9128592354910715 0.9080636160714285 0.9983084542410713 0.24423363095238096
