0 0.001691545758928631 0.24423363095238096 0.043544224330357206 0.23958333333333337 0.04180036272321436 0.8673735119047619 0.001691545758928631 0.8673735119047619
0 0.047031947544642905 0.24074590773809526 0.0897565569196429 0.24074590773809526 0.08801269531250006 0.8685360863095237 0.0383126395089286 0.8685360863095237
0 0.09411621093750006 0.23260788690476195 0.1359688895089286 0.23377046130952384 0.13073730468750006 0.865048363095238 0.09062848772321436 0.8708612351190474
0 0.13945661272321436 0.23493303571428573 0.1752057756696429 0.23028273809523814 0.17084612165178575 0.8696986607142856 0.1298653738839286 0.8673735119047619
0 0.1821812220982143 0.25469680059523814 0.1786934988839286 0.8615606398809522 0.2362409319196429 0.8603980654761904 0.2423444475446429 0.2535342261904762
0 0.2458321707589286 0.2523716517857143 0.23798479352678575 0.8627232142857141 0.2981480189732143 0.8603980654761904 0.3051234654017857 0.2465587797619048
0 0.3059953962053572 0.2500465029761905 0.3007638113839286 0.8673735119047619 0.3182024274553572 0.8673735119047619 0.3243059430803572 0.2477213541666667
0 0.3304094587053572 0.31515066964285715 0.3243059430803572 0.8545851934523808 0.3617989676339286 0.8545851934523808 0.3617989676339286 0.31166294642857145
0 0.3609270368303572 0.31050037202380953 0.3635428292410714 0.8673735119047619 0.4053955078125 0.8685360863095237 0.4010358537946429 0.3058500744047619
0 0.4062674386160714 0.2256324404761905 0.4080113002232143 0.865048363095238 0.4533517020089286 0.8685360863095237 0.4603271484375 0.2221447172619048
0 0.4629429408482143 0.2233072916666667 0.4603271484375 0.8755115327380952 0.5117710658482143 0.8755115327380952 0.5204903738839286 0.2233072916666667
0 0.5370570591517857 0.06635974702380958 0.5196184430803572 0.8964378720238094 0.5396728515625 0.8964378720238094 0.5579833984375 0.06752232142857147
0 0.5632149832589286 0.06170944940476195 0.5475202287946429 0.8987630208333331 0.5771658761160714 0.8976004464285713 0.5797816685267857 0.06752232142857147
0 0.5876290457589286 0.28027343750000006 0.5780378069196429 0.9045758928571428 0.6364571707589286 0.9057384672619047 0.6530238560267857 0.2732979910714286
0 0.6817975725446429 0.04310825892857147 0.6512799944196429 0.9150390624999999 0.6826695033482143 0.913876488095238 0.7053397042410714 0.04194568452380957
0 0.7131870814732143 0.04078311011904766 0.6835414341517857 0.9220145089285713 0.7123151506696428 0.9220145089285713 0.7402169363839286 0.04194568452380957
0 0.7332414899553571 0.28027343750000006 0.7123151506696428 0.9010881696428571 0.7480643136160714 0.9010881696428571 0.7716064453125 0.2767857142857143
0 0.7716064453125 0.28027343750000006 0.7524239676339286 0.8952752976190474 0.7995082310267857 0.889462425595238 0.8204345703124999 0.28027343750000006
0 0.8361293247767857 0.21633184523809526 0.8108433314732143 0.8999255952380952 0.8352573939732143 0.902250744047619 0.8614153180803571 0.21981956845238096
0 0.8640311104910715 0.21749441964285718 0.8370012555803571 0.8976004464285713 0.8561837332589285 0.8999255952380952 0.8875732421874999 0.21865699404761907
0 0.9084995814732143 0.11053757440476196 0.8736223493303571 0.9057384672619047 0.8928048270089285 0.9103887648809522 0.9285539899553571 0.11053757440476196
0 0.9311697823660715 0.11402529761904766 0.8954206194196429 0.913876488095238 0.9119873046874999 0.9173642113095237 0.9512241908482143 0.11286272321428575
