0 0.02174595424107148 0.2221447172619048 0.06708635602678575 0.20935639880952384 0.1900285993303572 0.8569103422619047 0.14643205915178575 0.8510974702380952 0.016514369419642905 0.23377046130952384
0 0.06708635602678575 0.21633184523809526 0.11329868861607145 0.20470610119047625 0.23188127790178575 0.8603980654761904 0.1900285993303572 0.8580729166666665
0 0.0958600725446429 0.12216331845238099 0.11940220424107145 0.11751302083333337 0.25280761718750006 0.8708612351190474 0.23188127790178575 0.8685360863095237
0 0.1446881975446429 0.19075520833333337 0.16735839843750006 0.18610491071428573 0.2885567801339286 0.8720238095238094 0.25716727120535715 0.8638857886904762
0 0.17694963727678575 0.18959263392857148 0.2083391462053572 0.18261718750000003 0.3173304966517857 0.8766741071428571 0.2868129185267857 0.8731863839285713
0 0.1970040457589286 0.11983816964285719 0.22229003906250006 0.11170014880952385 0.3373849051339286 0.8906249999999999 0.3147147042410715 0.8801618303571428
0 0.2205461774553572 0.11170014880952385 0.24060058593750006 0.10704985119047623 0.3591831752232143 0.8952752976190474 0.3347691127232143 0.8952752976190474
0 0.2868129185267857 0.353515625 0.3321533203125 0.33491443452380953 0.3992919921875 0.902250744047619 0.3609270368303572 0.8929501488095237
0 0.3312813895089286 0.35700334821428575 0.3844691685267857 0.3465401785714286 0.4446323939732143 0.913876488095238 0.3958042689732143 0.9069010416666665
0 0.3809814453125 0.3488653273809524 0.4123709542410714 0.3453776041666667 0.4725341796875 0.9196893601190474 0.4455043247767857 0.9150390624999999
0 0.4123709542410714 0.3453776041666667 0.4481201171875 0.3488653273809524 0.5021798270089286 0.9289899553571428 0.4707903180803572 0.9243396577380952
0 0.4481201171875 0.35235305059523814 0.4847412109375 0.353515625 0.5265938895089286 0.9371279761904762 0.4908447265625 0.9289899553571428
0 0.4864850725446429 0.3546781994047619 0.5170026506696429 0.3488653273809524 0.5571114676339286 0.9429408482142856 0.5239780970982143 0.9348028273809522
0 0.5309535435267857 0.35235305059523814 0.6068115234375 0.3465401785714286 0.6181466238839286 0.9603794642857141 0.5571114676339286 0.9475911458333331
0 0.6146589006696429 0.2977120535714286 0.6565115792410714 0.28841145833333337 0.6791817801339286 0.9336402529761904 0.6504080636160714 0.9336402529761904
0 0.6547677176339286 0.2977120535714286 0.6948765345982143 0.2895740327380953 0.7140590122767857 0.9394531249999999 0.6783098493303571 0.9371279761904762
0 0.6957484654017857 0.3000372023809524 0.7341134207589286 0.29189918154761907 0.7524239676339286 0.951078869047619 0.7158028738839286 0.951078869047619
0 0.7384730747767857 0.2756231398809524 0.7951485770089285 0.268647693452381 0.8064836774553571 0.9720052083333331 0.7567836216517857 0.9650297619047619
0 0.8021240234374999 0.14192708333333337 0.8413609095982143 0.13495163690476195 0.8448486328124999 0.9859561011904762 0.8099714006696429 0.9789806547619047
0 0.8483363560267857 0.05705915178571432 0.8832135881696429 0.046595982142857185 0.8779896500008156 0.9996744791666669 0.8492082868303571 0.9940941220238094
0 0.8867013113839285 0.0512462797619048 0.9180908203124999 0.04543340773809529 0.9128668728411757 0.9996744791666666 0.8832135881696429 0.9964192708333331
0 0.9215785435267857 0.0512462797619048 0.9616873604910713 0.050083705357142905 0.9530232110949991 0.9996744791666666 0.9128592354910715 0.9996744791666666
0 0.9773821149553571 0.052408854166666706 0.9983084542410713 0.046595982142857185 0.9939498635534626 0.9996744791666666 0.9486083984374999 0.9940941220238094
