0 0.0025634765625000555 0.18377976190476195 0.027849469866071508 0.17912946428571433 0.1237618582589286 0.8301711309523808 0.0984758649553572 0.8278459821428571 -1.3877787807814457e-17 0.1896082023162522 0.0 0.19075520833333337 0.0 0.18610491071428573
0 0.027849469866071508 0.1768043154761905 0.06708635602678575 0.16982886904761907 0.15863909040178575 0.8324962797619047 0.1237618582589286 0.8313337053571428
0 0.0775495256696429 0.16285342261904767 0.0984758649553572 0.16401599702380956 0.19526018415178575 0.8487723214285713 0.1717180524553572 0.8452845982142856
0 0.0993477957589286 0.16052827380952384 0.11940220424107145 0.16052827380952384 0.2118268694196429 0.8487723214285713 0.18654087611607145 0.8487723214285713
0 0.1237618582589286 0.15936569940476195 0.1420724051339286 0.15704055059523814 0.2336251395089286 0.8522600446428571 0.2092110770089286 0.8499348958333331
0 0.1446881975446429 0.15471540178571433 0.1725899832589286 0.1512276785714286 0.25280761718750006 0.8615606398809522 0.23536900111607145 0.8557477678571428
0 0.18043736049107145 0.21284412202380956 0.2144426618303572 0.2035435267857143 0.2937883649553572 0.8510974702380952 0.2580392020089286 0.853422619047619
0 0.23188127790178575 0.24074590773809526 0.2667585100446429 0.23725818452380956 0.3330252511160715 0.8499348958333331 0.2972760881696429 0.8476097470238094
0 0.26937430245535715 0.23144531250000003 0.3042515345982143 0.23028273809523814 0.3670305524553572 0.8580729166666665 0.3347691127232143 0.8557477678571428
0 0.3077392578125 0.29073660714285715 0.3295375279017857 0.2849237351190476 0.3844691685267857 0.8615606398809522 0.3635428292410714 0.8603980654761904
0 0.3338971819196429 0.28724888392857145 0.3591831752232143 0.28027343750000006 0.4141148158482143 0.8662109374999999 0.3879568917410714 0.8662109374999999
0 0.3556954520089286 0.21284412202380956 0.3809814453125 0.20703125000000003 0.4385288783482143 0.8755115327380952 0.4149867466517857 0.8708612351190474
0 0.3835972377232143 0.20819382440476195 0.3958042689732143 0.20819382440476195 0.4516078404017857 0.8685360863095237 0.4420166015625 0.8696986607142856
0 0.3888288225446429 0.10356212797619052 0.4149867466517857 0.09426153273809529 0.4734061104910714 0.8859747023809522 0.4489920479910714 0.8848121279761904
0 0.4158586774553572 0.0989118303571429 0.4411446707589286 0.08961123511904766 0.4960763113839286 0.8987630208333331 0.4681745256696429 0.8871372767857141
0 0.4446323939732143 0.16634114583333337 0.4829973493303572 0.16401599702380956 0.5265938895089286 0.9010881696428571 0.4960763113839286 0.8987630208333331
0 0.4864850725446429 0.1779668898809524 0.5196184430803572 0.16750372023809526 0.5640869140625 0.9092261904761904 0.5248500279017857 0.8999255952380952
0 0.5274658203125 0.17099144345238101 0.5675746372767857 0.15936569940476195 0.6024518694196429 0.9196893601190474 0.5693184988839286 0.9103887648809522
0 0.5667027064732143 0.08263578869047623 0.5885009765625 0.08147321428571434 0.6233782087053571 0.9289899553571428 0.6024518694196429 0.9313151041666665
0 0.5876290457589286 0.08496093750000004 0.6094273158482143 0.07333519345238099 0.6399448939732143 0.9301525297619047 0.6251220703125 0.9313151041666665
0 0.6137869698660714 0.08728608630952385 0.6338413783482143 0.08379836309523814 0.6565115792410714 0.9313151041666665 0.6355852399553571 0.9313151041666665
0 0.6373291015625 0.1744791666666667 0.6861572265625 0.1733165922619048 0.6974923270089286 0.9243396577380952 0.6573835100446429 0.9196893601190474
0 0.6896449497767857 0.17099144345238101 0.7428327287946428 0.16169084821428573 0.7428327287946428 0.938290550595238 0.6922607421875 0.9301525297619047
0 0.7445765904017857 0.16285342261904767 0.7672467912946428 0.1500651041666667 0.7689906529017857 0.9441034226190474 0.7376011439732143 0.9464285714285713
0 0.7698625837053571 0.1500651041666667 0.8012520926339285 0.146577380952381 0.7890450613839285 0.9359654017857141 0.7742222377232143 0.9429408482142856
0 0.8012520926339285 0.2256324404761905 0.8683907645089285 0.21865699404761907 0.8518240792410715 0.9499162946428571 0.7873011997767857 0.9359654017857141
0 0.8727504185267857 0.13611421130952386 0.8893171037946429 0.13146391369047625 0.8675188337053571 0.9371279761904762 0.8492082868303571 0.9394531249999999
0 0.8945486886160715 0.13030133928571433 0.9172188895089285 0.12448846726190481 0.8893171037946429 0.9464285714285713 0.8640311104910715 0.9417782738095237
0 0.9137311662946429 0.21168154761904764 0.9791259765624999 0.2012183779761905 0.9425048828124999 0.9417782738095237 0.8832135881696429 0.9313151041666665
