0 0.021272078804347866 0.27567368659420294 0.15501868206521743 0.9606827445652174 0.12954313858695657 0.9677592844202899 4.2459239130460125e-05 0.34643908514492755 4.2459239130460125e-05 0.2742583786231884
0 4.2459239130460125e-05 0.350685009057971 0.13060461956521743 0.9578521286231884 0.09876019021739132 0.9677592844202899 0.0 0.5109934046648549
0 0.027640964673913082 0.28416553442028986 0.1560801630434783 0.9620980525362319 0.18261718750000003 0.9677592844202899 0.05630095108695657 0.2799196105072464
0 0.0584239130434783 0.28133491847826086 0.1836786684782609 0.9720052083333334 0.21340013586956522 0.9705899003623188 0.08496093750000003 0.2742583786231884
0 0.07434612771739132 0.9366225090579711 0.0 0.6294647983006735 0.0 0.5007076539855072 0.0966372282608696 0.9493602807971014
0 0.07434612771739132 0.9465296648550724 0.04887058423913046 0.9465296648550724 0.0 0.7458344655797099 0.0 0.6252547554347826
0 0.05099354619565219 0.08177649456521742 0.21233865489130435 0.9804970561594203 0.24736752717391305 0.9762511322463768 0.0966372282608696 0.07894587862318846
0 0.10088315217391305 0.07611526268115947 0.24736752717391305 0.9762511322463768 0.3078719429347826 0.9790817481884058 0.1730638586956522 0.069038722826087
0 0.17094089673913046 0.08177649456521742 0.30893342391304346 0.9918195199275361 0.33971637228260865 0.9847429800724637 0.21021569293478262 0.07469995471014497
0 0.21658457880434787 0.060546875000000035 0.3407778532608695 0.9946501358695653 0.3864215353260869 0.9875735960144927 0.26328974184782605 0.05347033514492758
0 0.26965862771739135 0.07045403079710148 0.3874830163043478 0.9918195199275361 0.41826596467391297 0.9904042119565216 0.3099949048913043 0.06620810688405801
0 0.32804008152173914 0.15537250905797104 0.41826596467391297 0.9974807518115942 0.4692170516304348 0.9946501358695653 0.3832370923913043 0.1426347373188406
0 0.3896059782608695 0.11574388586956526 0.4702785326086957 0.9946501358695653 0.5371518342391304 0.9932348278985508 0.4692170516304348 0.10300611413043483
0 0.49575407608695654 0.24029098731884058 0.5467051630434783 0.9918195199275361 0.6316236413043478 0.9932348278985508 0.5965947690217391 0.23179913949275363
0 0.6029636548913043 0.23604506340579712 0.6305621603260869 0.9946501358695653 0.686820652173913 0.9932348278985508 0.6655910326086957 0.23179913949275363
0 0.6921280570652174 0.03931725543478265 0.6889436141304347 0.9946501358695653 0.7282184103260869 0.9946501358695653 0.7367102581521738 0.03507133152173917
0 0.7505095108695652 0.0874377264492754 0.7303413722826086 0.9918195199275361 0.7717391304347826 0.9988960597826088 0.7908457880434783 0.08177649456521742
0 0.8088909646739131 0.09026834239130438 0.7752092559044551 0.9996744791666666 0.841796875 0.9932348278985508 0.8980553668478259 0.08177649456521742
0 0.8916864809782608 0.17518682065217395 0.9829738451086956 0.17377151268115942 0.9013027897755825 0.9996744791666666 0.8428583559782608 0.9918195199275361
