0 0.005179268973214357 0.11402529761904767 0.020874023437500056 0.11170014880952384 0.11504255022321436 0.9696800595238094 0.060982840401785754 0.9743303571428571 0.0 0.48259570755385434
0 0.030465262276785754 0.09309895833333337 0.0714460100446429 0.09193638392857147 0.1534075055803572 0.9580543154761904 0.1228899274553572 0.9661923363095237
0 0.0775495256696429 0.0872860863095238 0.1263776506696429 0.0849609375 0.2004917689732143 0.9789806547619048 0.1577671595982143 0.9766555059523808
0 0.14643205915178575 0.21865699404761907 0.1970040457589286 0.22098214285714288 0.24844796316964285 0.978980654761905 0.20572335379464285 0.9766555059523809
0 0.20746721540178575 0.22795758928571433 0.2362409319196429 0.22912016369047625 0.2833251953125 0.9696800595238094 0.26327078683035715 0.9720052083333334
0 0.2275216238839286 0.12448846726190481 0.3155866350446429 0.1233258928571429 0.3609270368303572 0.9996744791666666 0.2903006417410715 0.9996744791666666
0 0.3120989118303572 0.011718750000000036 0.3705182756696429 0.009393601190476239 0.4062674386160714 0.9906063988095237 0.3635428292410714 0.9996744791666666
0 0.3862130301339286 0.003580729166666704 0.4446323939732143 0.0012555803571429047 0.4646868024553572 0.9964192708333331 0.4184744698660714 0.9987444196428571
0 0.4577113560267857 0.23958333333333373 0.5117710658482143 0.24307105654761943 0.5082833426339286 0.9976748511904763 0.4620710100446428 1.0
0 0.5701904296875 0.20819382440476195 0.6085553850446429 0.20819382440476195 0.5858851841517857 0.9964192708333331 0.5544956752232143 0.9964192708333331
0 0.6094273158482143 0.06752232142857151 0.6774379185267857 0.073335193452381 0.6373291015625 0.9996744791666666 0.5858851841517857 0.9996744791666666
0 0.6852852957589286 0.08961123511904767 0.7253941127232143 0.08961123511904767 0.6722063337053571 0.9975818452380952 0.6399448939732143 0.9996744791666666
0 0.7184186662946428 0.12448846726190484 0.7803257533482143 0.12797619047619055 0.7166748046875 0.9940941220238094 0.6687186104910714 0.9940941220238094
0 0.7838134765624999 0.12448846726190481 0.8169468470982143 0.1268136160714286 0.7384730747767857 0.9929315476190476 0.7184186662946428 0.9929315476190476
0 0.8099714006696429 0.1233258928571429 0.8431047712053573 0.1256510416666667 0.7646309988839287 0.9917689732142857 0.7402169363839286 0.9894438244047619
0 0.8352573939732143 0.2023809523809524 0.8762381417410715 0.2000558035714286 0.7986363002232143 1.0 0.7628871372767857 0.9975818452380952
0 0.8884451729910713 0.13495163690476195 0.9477364676339285 0.13727678571428573 0.8465924944196429 0.9906063988095237 0.7977643694196429 0.9940941220238094
0 0.9468645368303571 0.11402529761904767 0.9999999999999998 0.11751302083333337 0.8928048270089285 0.9731677827380952 0.8500279017857143 0.9743303571428573
