0 0.00343540736607148 0.11867559523809527 0.02610560825892863 0.10821242559523814 0.1350969587053572 0.9150390625 0.11329868861607145 0.926664806547619
0 0.02436174665178578 0.08031063988095243 0.054879324776785754 0.07101004464285719 0.1725899832589286 0.9173642113095237 0.13684082031250006 0.9289899553571428
0 0.10021972656250006 0.25585937500000006 0.19526018415178575 0.9220145089285713 0.2327532087053572 0.9173642113095237 0.1420724051339286 0.23958333333333337
0 0.12114606584821436 0.0989118303571429 0.23536900111607145 0.926664806547619 0.2850690569196429 0.9278273809523809 0.16735839843750006 0.08844866071428574
0 0.19874790736607145 0.24190848214285718 0.2929164341517857 0.9243396577380952 0.3591831752232143 0.913876488095238 0.25716727120535715 0.23377046130952384
0 0.24408830915178575 0.14657738095238096 0.3766217912946429 0.9324776785714285 0.3992919921875 0.9324776785714285 0.2702462332589286 0.13378906250000003
0 0.27199009486607145 0.11402529761904767 0.4010358537946429 0.9452659970238094 0.4507359095982143 0.9359654017857143 0.3182024274553572 0.10007440476190481
0 0.3269217354910715 0.14425223214285718 0.3391287667410715 0.13727678571428573 0.4734061104910714 0.9429408482142856 0.4577113560267857 0.9475911458333334
0 0.3461042131696429 0.13727678571428573 0.4768938337053572 0.9568917410714285 0.4978201729910714 0.9487537202380952 0.3705182756696429 0.13495163690476195
0 0.3740059988839286 0.13960193452380956 0.4986921037946429 0.9452659970238094 0.5248500279017857 0.9417782738095237 0.4001639229910714 0.13262648809523814
0 0.4027797154017857 0.13495163690476195 0.5274658203125 0.9568917410714285 0.5527518136160714 0.9499162946428571 0.4271937779017857 0.13146391369047625
0 0.4341692243303572 0.13262648809523814 0.5588553292410714 0.9603794642857143 0.5858851841517857 0.9545665922619047 0.4594552176339286 0.12448846726190481
0 0.4646868024553572 0.13146391369047625 0.5893729073660714 0.9592168898809522 0.6190185546875 0.9592168898809522 0.4899727957589286 0.1233258928571429
0 0.5039236886160714 0.14192708333333337 0.6190185546875 0.9545665922619047 0.6582554408482143 0.951078869047619 0.5457763671875 0.1256510416666667
0 0.5492640904017857 0.1023995535714286 0.6652308872767857 0.9661923363095237 0.7096993582589286 0.9650297619047619 0.5867571149553571 0.09426153273809527
0 0.6015799386160714 0.10588727678571434 0.7166748046875 0.9778180803571428 0.7576555524553571 0.975492931547619 0.6399448939732143 0.097749255952381
0 0.6460484095982143 0.10937500000000004 0.7655029296875 0.9847935267857143 0.8038678850446429 0.9801432291666666 0.6774379185267857 0.0989118303571429
0 0.6678466796875 0.03613281250000005 0.6791817801339286 0.029157366071428617 0.8178187779017857 0.9801432291666666 0.8090994698660715 0.9824683779761904
0 0.6861572265625 0.04775855654761909 0.6957484654017857 0.04310825892857147 0.8256661551339285 0.9743303571428571 0.8169468470982143 0.9778180803571428
0 0.7088274274553571 0.13727678571428573 0.7288818359375 0.13030133928571433 0.8422328404017857 0.9673549107142856 0.8265380859374999 0.9731677827380952
0 0.7314976283482143 0.15936569940476195 0.8474644252232143 0.9801432291666666 0.8666469029017857 0.9731677827380952 0.7532958984375 0.15587797619047625
0 0.7550397600446428 0.16169084821428578 0.8692626953124999 0.9720052083333334 0.8893171037946429 0.9743303571428571 0.7716064453125 0.16052827380952384
0 0.7785818917410715 0.16285342261904767 0.8901890345982143 0.9731677827380952 0.9198346819196429 0.9708426339285713 0.8090994698660715 0.1547154017857143
0 0.8195626395089285 0.20935639880952384 0.9180908203124999 0.9696800595238094 0.9660470145089285 0.9731677827380952 0.8526960100446429 0.2000558035714286
