0 0.012154715401785782 0.1489025297619048 0.1350969587053572 0.8859747023809522 0.16735839843750006 0.8836495535714285 0.0627267020089286 0.14076450892857148
0 0.06272670200892863 0.14425223214285723 0.17084612165178575 0.8917875744047619 0.2057233537946429 0.890625 0.10893903459821436 0.13727678571428573
0 0.10893903459821433 0.1407645089285715 0.20746721540178575 0.8987630208333334 0.2432163783482143 0.8941127232142856 0.1473039899553572 0.13960193452380956
0 0.1577671595982143 0.1477399553571429 0.2423444475446429 0.8999255952380952 0.2824532645089286 0.8941127232142856 0.20485142299107145 0.13960193452380956
0 0.2039794921875 0.1489025297619048 0.2885567801339286 0.9010881696428573 0.3208182198660715 0.8964378720238094 0.24408830915178575 0.14308965773809526
0 0.24496023995535715 0.1489025297619048 0.3208182198660715 0.9057384672619047 0.3487200055803572 0.8987630208333334 0.2815813337053572 0.14425223214285718
0 0.27634974888392855 0.1512276785714286 0.3504638671875 0.9069010416666666 0.3766217912946429 0.9010881696428571 0.3129708426339286 0.14657738095238096
0 0.31733049665178564 0.15820312500000003 0.3792375837053572 0.9196893601190476 0.4123709542410714 0.9220145089285713 0.3539515904017857 0.1535528273809524
0 0.35656738281249994 0.15587797619047625 0.4123709542410714 0.9278273809523809 0.4367850167410714 0.9278273809523809 0.3931884765625 0.1512276785714286
0 0.39144461495535704 0.1930803571428572 0.4367850167410714 0.9127139136904762 0.4594552176339286 0.9127139136904762 0.4193464006696429 0.19191778273809526
0 0.41585867745535704 0.1942429315476191 0.4611990792410714 0.913876488095238 0.4786376953125 0.9150390625 0.4437604631696429 0.19308035714285718
0 0.44114467075892844 0.0744977678571429 0.4786376953125 0.926664806547619 0.5178745814732143 0.9359654017857143 0.4838692801339286 0.07449776785714289
0 0.4873570033482143 0.16052827380952384 0.5213623046875 0.9313151041666666 0.5571114676339286 0.9324776785714285 0.5318254743303571 0.15704055059523814
0 0.5318254743303571 0.16169084821428578 0.5527518136160714 0.9406156994047619 0.5885009765625 0.9382905505952381 0.5771658761160714 0.16285342261904767
0 0.5832693917410714 0.2779482886904762 0.5954764229910714 0.9231770833333334 0.6286097935267857 0.926664806547619 0.6242501395089286 0.2732979910714286
0 0.6251220703124999 0.09077380952380965 0.6277378627232143 0.9278273809523809 0.6451764787946429 0.9289899553571428 0.6495361328125 0.08728608630952384
0 0.6512799944196427 0.08263578869047632 0.6443045479910714 0.9452659970238094 0.6669747488839286 0.9452659970238094 0.6756940569196428 0.07914806547619051
0 0.6809256417410714 0.28027343750000006 0.6704624720982143 0.9534040178571428 0.7009800502232143 0.9441034226190476 0.7219063895089286 0.27911086309523814
0 0.7323695591517857 0.20586867559523814 0.7027239118303571 0.9650297619047619 0.7245221819196428 0.9661923363095237 0.7550397600446428 0.20354352678571433
0 0.7567836216517857 0.20586867559523814 0.7271379743303571 0.9650297619047619 0.7489362444196428 0.9661923363095237 0.7794538225446428 0.20354352678571433
0 0.7873011997767856 0.2035435267857143 0.7498081752232143 0.9673549107142856 0.7716064453125 0.9673549107142856 0.8099714006696427 0.2012183779761905
0 0.8160749162946428 0.2058686755952381 0.7716064453125 0.9650297619047619 0.7977643694196429 0.962704613095238 0.8448486328124999 0.20935639880952384
0 0.8439767020089286 0.2047061011904762 0.7995082310267857 0.951078869047619 0.8195626395089285 0.9557291666666666 0.8701346261160715 0.20586867559523814
0 0.871006556919643 0.2023809523809524 0.8204345703124999 0.9499162946428571 0.8413609095982143 0.9534040178571428 0.8971644810267859 0.20354352678571433
0 0.8971644810267858 0.2000558035714287 0.8439767020089285 0.9534040178571428 0.8649030412946429 0.9510788690476191 0.9233224051339287 0.2012183779761906
0 0.9320417131696429 0.389555431547619 0.8657749720982143 0.9441034226190476 0.8867013113839285 0.9487537202380952 0.9581996372767857 0.3849051339285714
0 0.9512241908482143 0.42094494047619047 0.8893171037946429 0.9673549107142856 0.9259381975446429 0.975492931547619 0.9852294921874999 0.42210751488095233
0 0.9913330078124999 0.4255952380952381 0.9241943359374999 0.9708426339285713 0.9581996372767857 0.9766555059523809 0.999755859375 0.6534404451884931
