0 0.007795061383928631 0.26632254464285715 0.06621442522321436 0.2453962053571429 0.2545514787946429 0.8592354910714285 0.2144426618303572 0.8673735119047619
0 0.08365304129464293 0.3093377976190476 0.1176583426339286 0.2977120535714286 0.2920445033482143 0.8569103422619047 0.2676304408482143 0.8638857886904762
0 0.12637765066964288 0.317475818452381 0.17346191406250006 0.3035249255952382 0.33128138950892855 0.8638857886904762 0.29901994977678575 0.8720238095238094
0 0.15689522879464288 0.2326078869047619 0.20397949218750006 0.2186569940476191 0.3652866908482143 0.8685360863095237 0.3365129743303572 0.8801618303571427
0 0.20833914620535723 0.2372581845238095 0.2554234095982144 0.2233072916666667 0.4053955078125 0.8836495535714285 0.3696463448660714 0.8882998511904762
0 0.260654994419643 0.22679501488095236 0.30773925781250017 0.21284412202380956 0.4437604631696429 0.8801618303571428 0.4071393694196429 0.8859747023809522
0 0.3190743582589286 0.22912016369047625 0.3556954520089286 0.2209821428571429 0.4760219029017857 0.8638857886904762 0.4455043247767857 0.8708612351190476
0 0.3530796595982143 0.2244698660714286 0.3897007533482143 0.21633184523809526 0.5021798270089286 0.8627232142857143 0.4795096261160714 0.8662109375
0 0.6425606863839286 0.41513206845238093 0.6913888113839286 0.4186197916666667 0.6129150390625 0.8917875744047619 0.5719342912946429 0.8976004464285713
0 0.7175467354910715 0.26167224702380953 0.7524239676339286 0.26748511904761907 0.6355852399553571 0.889462425595238 0.6137869698660714 0.8929501488095237
0 0.755039760044643 0.268647693452381 0.7899169921875001 0.2744605654761905 0.6599993024553571 0.8941127232142856 0.6373291015625 0.8929501488095237
0 0.7777099609375002 0.3349144345238096 0.8169468470982143 0.3442150297619047 0.6957484654017857 0.8941127232142856 0.6634870256696429 0.8952752976190476
0 0.8265380859375002 0.3372395833333334 0.8858293805803571 0.34770275297619047 0.7454485212053571 0.9057384672619047 0.6957484654017857 0.8952752976190476
0 0.8997802734375002 0.31398809523809534 0.9730224609374999 0.33142671130952384 0.8038678850446429 0.9208519345238094 0.7541678292410714 0.9092261904761904
0 0.9712785993303571 0.3488653273809524 0.8186907087053571 0.9080636160714285 0.8605433872767857 0.913876488095238 0.999755859375 0.4362532098395761 0.9991803850446429 0.353515625
