0 0.02000209263392863 0.2744605654761905 0.07057407924107145 0.8976004464285713 0.11853027343750006 0.8859747023809522 0.06708635602678575 0.2698102678571429
0 0.07231794084821438 0.27097284226190477 0.12114606584821436 0.9069010416666666 0.1717180524553572 0.890625 0.11940220424107151 0.26632254464285715
0 0.12288992745535723 0.268647693452381 0.1717180524553572 0.9045758928571429 0.22490583147321436 0.8952752976190476 0.16997419084821436 0.26399739583333337
0 0.17520577566964293 0.27329799107142855 0.2275216238839286 0.9069010416666666 0.27722167968750006 0.8999255952380955 0.2301374162946429 0.268647693452381
0 0.23275320870535723 0.2756231398809524 0.2780936104910715 0.9092261904761904 0.3269217354910715 0.9010881696428571 0.2876848493303572 0.27097284226190477
0 0.2850690569196429 0.2756231398809524 0.3304094587053572 0.9092261904761907 0.3792375837053572 0.9010881696428573 0.3400006975446429 0.27097284226190477
0 0.3417445591517857 0.2791108630952382 0.3870849609375 0.9127139136904764 0.4298095703125 0.8987630208333334 0.3844691685267857 0.27911086309523814
0 0.3835972377232143 0.2849237351190477 0.4280657087053572 0.9115513392857143 0.4716622488839286 0.9045758928571427 0.4263218470982143 0.28492373511904767
0 0.4271937779017858 0.28376116071428586 0.4716622488839287 0.9103887648809524 0.5108991350446429 0.9022507440476191 0.4699183872767858 0.2837611607142858
0 0.4707903180803572 0.2977120535714286 0.5152587890625002 0.9045758928571432 0.5544956752232144 0.8964378720238099 0.5047956194196429 0.2977120535714286
0 0.5108991350446429 0.2977120535714286 0.5553676060267859 0.9045758928571432 0.5946044921875001 0.8964378720238099 0.5457763671875 0.2953869047619048
0 0.5527518136160714 0.293061755952381 0.5972202845982144 0.8999255952380958 0.6364571707589286 0.8917875744047624 0.5919886997767857 0.2942243303571429
0 0.5963483537946428 0.3000372023809524 0.6408168247767858 0.9069010416666673 0.6800537109375 0.8987630208333339 0.6355852399553571 0.3011997767857143
0 0.6355852399553571 0.30817522321428575 0.6783098493303571 0.9057384672619047 0.7184186662946428 0.8929501488095237 0.6748221261160714 0.3093377976190476
0 0.6756940569196428 0.20703125000000003 0.7306256975446428 0.8882998511904762 0.7724783761160714 0.8917875744047619 0.7149309430803571 0.20819382440476195
0 0.7245221819196428 0.20935639880952384 0.7742222377232143 0.8999255952380952 0.8213065011160714 0.8941127232142856 0.7637590680803571 0.21051897321428573
0 0.7794538225446429 0.28027343750000006 0.8239222935267858 0.9045758928571429 0.8710065569196429 0.8987630208333334 0.8195626395089285 0.2744605654761905
0 0.8178187779017859 0.20238095238095247 0.8727504185267857 0.8882998511904762 0.9058837890624999 0.8848121279761904 0.8579275948660715 0.19656808035714293
0 0.8570556640625003 0.2105189732142858 0.9050118582589285 0.889462425595238 0.9381452287946429 0.8813244047619047 0.8884451729910715 0.21168154761904767
0 0.8936767578125003 0.21516927083333348 0.9416329520089285 0.8941127232142859 0.9747663225446429 0.8859747023809526 0.9250662667410715 0.21633184523809534
