0 0.00343540736607148 0.053571428571428624 0.05836704799107151 0.04078311011904767 0.2065952845982143 0.8150576636904775 0.1595110212053572 0.8266834077380963
0 0.0688302176339286 0.09426153273809527 0.10893903459821436 0.08728608630952384 0.2554234095982143 0.8185453869047619 0.21618652343750006 0.8208705357142856
0 0.1124267578125 0.10007440476190481 0.1629987444196429 0.08844866071428574 0.2990199497767857 0.8243582589285712 0.2554234095982143 0.8266834077380952
0 0.15253557477678575 0.011625744047619069 0.19526018415178575 9.300595238100062e-05 0.3400006975446429 0.8255208333333334 0.3059953962053572 0.8348214285714285
0 0.2022356305803572 0.011532738095238063 0.25019182477678575 0.0 0.3914446149553572 0.8313337053571428 0.3434884207589286 0.841796875
0 0.2545514787946429 0.011532738095238063 0.30250767299107145 0.0 0.4385288783482143 0.8255208333333334 0.3958042689732143 0.841796875
0 0.3103550502232144 0.03129650297619043 0.3504638671875001 0.019856770833333384 0.4742780412946429 0.8173828125 0.4394008091517858 0.8266834077380952
0 0.3469761439732144 0.03943452380952376 0.3818533761160714 0.029157366071428617 0.5065394810267857 0.8115699404761904 0.4768938337053572 0.8208705357142856
0 0.6425606863839286 0.18726748511904767 0.6887730189732143 0.19424293154761907 0.6460484095982143 0.8301711309523809 0.5963483537946429 0.8336588541666666
0 0.7044677734375 0.032645089285714336 0.7367292131696428 0.037295386904761946 0.6704624720982143 0.8301711309523809 0.6477922712053571 0.8278459821428571
0 0.7419607979910713 0.03497023809523817 0.7742222377232141 0.03962053571428578 0.7018519810267856 0.8324962797619047 0.6756940569196428 0.8371465773809522
0 0.8221784319196428 0.10356212797619058 0.8788539341517857 0.11286272321428574 0.8047398158482143 0.8371465773809522 0.7532958984375 0.8255208333333334
0 0.7655029296875 0.10007440476190481 0.8090994698660715 0.10588727678571434 0.7419607979910715 0.8301711309523809 0.7027239118303572 0.8359840029761904
0 0.8936767578124999 0.06519717261904766 0.9573277064732143 0.07101004464285719 0.8753662109374999 0.840634300595238 0.8152029854910715 0.8394717261904762
0 0.9651750837053571 0.09658668154761907 0.999755859375 0.09889206659226195 0.9939488002232143 0.3442150297619047 0.9459926060267857 0.8301711309523809 0.8962925502232143 0.8371465773809522
