0 0.001691545758928631 0.003580729166666715 0.0025634765625000555 0.14425223214285718 0.12114606584821436 0.9917689732142856 0.17084612165178575 0.9894438244047619 0.059238978794642905 9.300595238100062e-05
0 0.06621442522321436 0.005812872023809518 0.17956542968750006 0.9835379464285712 0.2318812779017858 0.9788876488095237 0.13073730468750006 0.0011625744047618995
0 0.1394566127232143 0.004650297619047619 0.23885672433035715 0.9836309523809522 0.3025076729910715 0.9836309523809522 0.2179303850446429 0.0
0 0.2240339006696429 0.004650297619047619 0.30773925781250006 0.9847935267857144 0.37051827566964285 0.9778180803571429 0.2903006417410715 0.0012555803571429047
0 0.3059953962053572 0.11751302083333341 0.3792375837053572 0.9638671875 0.4324253627232143 0.9627046130952381 0.3713902064732143 0.10937500000000007
0 0.3731340680803572 0.14657738095238096 0.4420166015625 0.9847935267857139 0.4952043805803571 0.983630952380952 0.4376569475446429 0.14076450892857142
0 0.4315534319196429 0.15006510416666666 0.5004359654017857 0.9882812499999994 0.5309535435267857 0.98828125 0.4699183872767857 0.14541480654761907
0 0.4646868024553572 0.15006510416666666 0.5300816127232143 0.9917689732142856 0.5562395368303571 0.9859561011904762 0.5030517578125 0.14541480654761907
0 0.4969482421875 0.15355282738095236 0.5562395368303571 0.9929315476190476 0.5885009765624999 0.9894438244047619 0.5353131975446428 0.14890252976190477
0 0.5248500279017858 0.07914806547619056 0.5885009765625001 0.9859561011904762 0.6233782087053572 0.9801432291666666 0.5806535993303572 0.07101004464285722
0 0.5762939453125002 0.08147321428571433 0.6242501395089286 0.9813058035714285 0.6634870256696429 0.9836309523809522 0.6320975167410716 0.07333519345238099
0 0.6390729631696429 0.017531622023809573 0.6687186104910714 0.98828125 0.7280099051339286 0.9894438244047619 0.7079554966517857 0.005905877976190524
0 0.7062116350446429 0.017531622023809573 0.7306256975446428 0.987118675595238 0.7855573381696429 0.9836309523809522 0.7750941685267857 0.005905877976190524
0 0.8021240234374999 0.0 0.8003801618303571 0.9996744791666666 0.8683907645089285 0.9859561011904762 0.8858293805803571 0.0
0 0.9241943359374999 0.002418154761904809 0.8867013113839285 0.9987444196428571 0.9704066685267857 0.9996744791666666 0.9999999999999999 0.00032552083333348136
