0 0.006923130580357206 0.2500465029761905 0.0627267020089286 0.23958333333333337 0.24060058593750006 0.8569103422619047 0.1996198381696429 0.8685360863095237
0 0.07842145647321436 0.29422433035714285 0.11504255022321436 0.2849237351190476 0.2798374720982143 0.853422619047619 0.2397286551339286 0.8545851934523808
0 0.1115548270089286 0.3011997767857143 0.1603829520089286 0.2814360119047619 0.3129708426339286 0.853422619047619 0.27722167968750006 0.8615606398809522
0 0.14381626674107145 0.21633184523809526 0.1821812220982143 0.20703125000000003 0.3469761439732143 0.8592354910714285 0.3182024274553572 0.8662109374999999
0 0.1874128069196429 0.21633184523809526 0.2327532087053572 0.20586867559523814 0.3835972377232143 0.8638857886904762 0.3495919363839286 0.8720238095238094
0 0.23798479352678575 0.20819382440476195 0.2841971261160715 0.19191778273809526 0.4210902622767857 0.8627232142857141 0.3792375837053572 0.8685360863095237
0 0.2859409877232143 0.21051897321428573 0.3216901506696429 0.1988932291666667 0.4481201171875 0.8429594494047619 0.4193464006696429 0.8499348958333331
0 0.3225620814732143 0.20703125000000003 0.3504638671875 0.1988932291666667 0.4821254185267857 0.8383091517857141 0.4568394252232143 0.8452845982142856
0 0.5911167689732143 0.36049107142857145 0.6382010323660714 0.3616536458333333 0.5972202845982143 0.8685360863095237 0.5597272600446429 0.8731863839285713
0 0.6547677176339286 0.21865699404761907 0.6844133649553571 0.21633184523809526 0.6190185546875 0.8685360863095237 0.5998360770089286 0.8662109374999999
0 0.6861572265625 0.2221447172619048 0.7201625279017857 0.21981956845238096 0.6382010323660714 0.865048363095238 0.6190185546875 0.865048363095238
0 0.7079554966517857 0.28608630952380953 0.7498081752232143 0.28608630952380953 0.6774379185267857 0.8638857886904762 0.6390729631696429 0.865048363095238
0 0.7576555524553571 0.28027343750000006 0.8125871930803571 0.28608630952380953 0.7227783203125 0.8685360863095237 0.6756940569196429 0.8638857886904762
0 0.8256661551339285 0.2570219494047619 0.8875732421874999 0.26167224702380953 0.7768380301339286 0.8801618303571428 0.7280099051339286 0.8755115327380952
0 0.8893171037946429 0.28027343750000006 0.9407610212053571 0.2779482886904762 0.8387451171874999 0.8696986607142856 0.8012520926339285 0.8801618303571428
0 0.9398890904017857 0.28259858630952384 0.9861014229910713 0.2767857142857143 0.8762381417410715 0.8696986607142856 0.8431047712053571 0.8685360863095237
0 0.9861014229910713 0.26981026785714285 0.999755859375 0.26766839548319327 0.999755859375 0.501162574404762 0.9329136439732143 0.8708612351190474 0.8814697265624999 0.865048363095238
