0 0.023395040760869595 0.3634227807971015 0.09451426630434787 0.9040704257246377 0.12848165760869565 0.9083163496376812 0.0584239130434783 0.36483808876811596
0 0.0584239130434783 0.36766870471014496 0.13060461956521743 0.9054857336956522 0.16138756793478262 0.9125622735507246 0.09557574728260873 0.3634227807971015
0 0.09982167119565219 0.3719146286231884 0.1624490489130435 0.9111469655797101 0.19960088315217392 0.9153928894927535 0.13591202445652176 0.36483808876811596
0 0.14440387228260873 0.3719146286231884 0.19960088315217392 0.9210541213768115 0.2325067934782609 0.9267153532608696 0.1804942255434783 0.3704993206521739
0 0.15289572010869565 0.036486639492753666 0.23462975543478262 0.9238847373188405 0.2739045516304348 0.9267153532608696 0.1974779211956522 0.03507133152173917
0 0.19641644021739132 0.029410099637681198 0.2739045516304348 0.9380378170289855 0.30893342391304346 0.9408684329710145 0.24736752717391305 0.029410099637681198
0 0.2463060461956522 0.033656023550724674 0.3110563858695652 0.9507755887681159 0.32697860054347827 0.9507755887681159 0.2654127038043479 0.029410099637681198
0 0.2654127038043479 0.02233355978260874 0.3259171195652174 0.9507755887681159 0.3375934103260869 0.9507755887681159 0.28239639945652173 0.02233355978260874
0 0.2855808423913043 0.013841711956521778 0.2993800951086957 0.013841711956521778 0.34926970108695654 0.9620980525362319 0.3375934103260869 0.9635133605072465
0 0.30362601902173914 0.015257019927536274 0.35139266304347827 0.9748358242753623 0.3991593070652174 0.9734205163043478 0.3662533967391304 0.015257019927536274
0 0.37899116847826086 0.012426403985507288 0.40340523097826086 0.9790817481884058 0.4564792798913043 0.9776664402173912 0.44268002717391297 0.009595788043478303
0 0.44374150815217395 0.009595788043478303 0.45860224184782605 0.9790817481884058 0.49787703804347827 0.9790817481884058 0.5021229619565217 0.005349864130434823
0 0.5042459239130435 0.005349864130434823 0.49787703804347827 0.9861582880434782 0.5435207201086957 0.9904042119565216 0.5594429347826086 0.006765172101449317
0 0.564750339673913 0.006765172101449317 0.5435207201086957 0.9861582880434782 0.5711192255434783 0.9918195199275361 0.6008406929347826 0.009595788043478303
0 0.605086616847826 0.00818048007246381 0.5753651494565217 0.9960654438405797 0.5955332880434783 0.9932348278985508 0.6263162364130435 0.011011096014492796
0 0.6369310461956521 0.011011096014492796 0.59765625 0.9918195199275361 0.6220703125 0.9974807518115942 0.6708984375 0.006765172101449317
0 0.6740828804347826 0.011011096014492796 0.6210088315217391 0.9889889039855072 0.6475458559782609 0.9904042119565216 0.7122961956521738 0.012426403985507288
0 0.7144191576086957 0.012426403985507288 0.6475458559782609 0.9889889039855072 0.6666525135869565 0.9904042119565216 0.744140625 0.011011096014492796
0 0.744140625 0.00818048007246381 0.6677139945652174 0.9918195199275361 0.6963739809782609 0.9932348278985508 0.7781080163043478 0.013841711956521778
0 0.784476902173913 0.016672327898550766 0.6984969429347826 0.9932348278985508 0.7165421195652174 0.9974807518115942 0.8046450407608696 0.012426403985507288
0 0.8067680027173914 0.006765172101449317 0.7239724864130435 0.9960654438405797 0.7632472826086956 0.9974807518115942 0.8810716711956521 0.002519248188405839
0 0.8821331521739131 0.002519248188405839 0.7680518333755527 0.9996744791666666 0.8248131793478259 0.9996744791666666 0.9574983016304348 0.009595788043478303
