0 0.10981096540178575 0.07449776785714289 0.12114606584821436 0.9975818452380952 0.17346191406250006 0.9836309523809522 0.1595110212053572 0.08263578869047623
0 0.17346191406250006 0.08612351190476193 0.18305315290178575 0.9847935267857143 0.23188127790178575 0.9801432291666666 0.2188023158482143 0.09077380952380958
0 0.2275216238839286 0.08496093750000004 0.2432163783482143 0.9813058035714285 0.2911725725446429 0.9789806547619047 0.2763497488839286 0.09542410714285716
0 0.2885567801339286 0.09193638392857147 0.2981480189732143 0.9789806547619047 0.3487200055803572 0.9696800595238094 0.3391287667410715 0.08961123511904767
0 0.3495919363839286 0.0989118303571429 0.3548235212053572 0.9708426339285713 0.4001639229910714 0.9638671875 0.3888288225446429 0.10356212797619051
0 0.3958042689732143 0.09077380952380958 0.4080113002232143 0.9801432291666666 0.4542236328125 0.975492931547619 0.4446323939732143 0.09309895833333337
0 0.4455043247767857 0.07798549107142862 0.4542236328125 0.9603794642857143 0.5021798270089286 0.9592168898809522 0.4891008649553572 0.08031063988095243
0 0.5021798270089286 0.09542410714285716 0.5091552734375 0.9487537202380952 0.5527518136160714 0.9499162946428571 0.5475202287946429 0.09426153273809527
0 0.5745500837053571 0.14657738095238096 0.6068115234375 0.9324776785714285 0.6521519252232143 0.926664806547619 0.6181466238839286 0.14541480654761907
0 0.6268659319196429 0.16052827380952384 0.6573835100446429 0.9220145089285713 0.6809256417410714 0.9255022321428571 0.6477922712053571 0.16401599702380956
0 0.6556396484375 0.12448846726190481 0.6879010881696429 0.9313151041666666 0.7149309430803571 0.9255022321428571 0.6809256417410714 0.1233258928571429
0 0.6896449497767857 0.1512276785714286 0.7210344587053571 0.9278273809523809 0.7419607979910714 0.9196893601190476 0.7166748046875 0.1523902529761905
0 0.7288818359375 0.2512090773809524 0.7532958984375 0.9185267857142856 0.7768380301339286 0.9173642113095237 0.7515520368303571 0.2453962053571429
0 0.7628871372767857 0.21516927083333337 0.7846854073660715 0.9196893601190476 0.8038678850446429 0.9162016369047619 0.7838134765624999 0.21400669642857148
0 0.7881731305803571 0.21981956845238101 0.8099714006696429 0.9115513392857143 0.8308977399553571 0.9127139136904762 0.8064836774553571 0.2209821428571429
0 0.8108433314732143 0.2233072916666667 0.8326416015624999 0.9080636160714285 0.8570556640624999 0.9103887648809522 0.8361293247767857 0.21981956845238101
0 0.8413609095982143 0.16052827380952384 0.8570556640624999 0.902250744047619 0.8797258649553571 0.9034133184523809 0.8614153180803571 0.15936569940476195
0 0.8805977957589285 0.15936569940476195 0.8910609654017857 0.9162016369047619 0.9285539899553571 0.9127139136904762 0.9154750279017857 0.15704055059523814
0 0.9189627511160715 0.15820312500000003 0.9337855747767857 0.9080636160714285 0.9686628069196429 0.9069010416666666 0.9529680524553571 0.15820312500000003
0 0.9564557756696429 0.16052827380952384 0.9704066685267857 0.9045758928571428 0.999755859375 0.9045758928571428 0.999755859375 0.16169084821428578
