0 0.0958600725446429 0.14076450892857148 0.1874128069196429 0.9220145089285713 0.2118268694196429 0.9243396577380952 0.1263776506696429 0.13843936011904767
0 0.13422502790178575 0.13611421130952384 0.21008300781250006 0.9231770833333334 0.2371128627232143 0.9173642113095237 0.1577671595982143 0.13611421130952384
0 0.16212681361607145 0.1012369791666667 0.24496023995535715 0.913876488095238 0.2780936104910715 0.913876488095238 0.2057233537946429 0.09542410714285716
0 0.2153145926339286 0.09193638392857147 0.2833251953125 0.9185267857142856 0.3164585658482143 0.9196893601190476 0.25978306361607145 0.09077380952380958
0 0.27460588727678575 0.21981956845238101 0.3243059430803572 0.9208519345238094 0.3530796595982143 0.9208519345238094 0.3068673270089286 0.21865699404761907
0 0.3155866350446429 0.3267764136904762 0.3583112444196429 0.9255022321428571 0.3774937220982143 0.926664806547619 0.3400006975446429 0.32445126488095244
0 0.3400006975446429 0.25585937500000006 0.3827253069196429 0.9185267857142856 0.3992919921875 0.9196893601190476 0.3609270368303572 0.2523716517857143
0 0.3670305524553572 0.2209821428571429 0.4053955078125 0.9359654017857143 0.4263218470982143 0.9348028273809522 0.3931884765625 0.21749441964285718
0 0.4019077845982143 0.3279389880952381 0.4341692243303572 0.9289899553571428 0.4516078404017857 0.9289899553571428 0.4228341238839286 0.3267764136904762
0 0.4237060546875 0.3256138392857143 0.4559674944196429 0.9278273809523809 0.4760219029017857 0.9278273809523809 0.4498639787946429 0.32910156250000006
0 0.4507359095982143 0.3302641369047619 0.4795096261160714 0.9313151041666666 0.4995640345982143 0.926664806547619 0.4734061104910714 0.3256138392857143
0 0.4742780412946429 0.33142671130952384 0.5056675502232143 0.9162016369047619 0.5222342354910714 0.9173642113095237 0.4978201729910714 0.32910156250000006
0 0.5021798270089286 0.32910156250000006 0.5239780970982143 0.9185267857142856 0.5431605747767857 0.9185267857142856 0.5213623046875 0.32910156250000006
0 0.5274658203125 0.3337518601190476 0.5510079520089286 0.9243396577380952 0.5684465680803571 0.9185267857142856 0.5475202287946429 0.3302641369047619
0 0.5605991908482143 0.09658668154761907 0.5841413225446429 0.9650297619047619 0.6050676618303571 0.9557291666666666 0.5858851841517857 0.08844866071428574
0 0.5919886997767857 0.10007440476190481 0.6102992466517857 0.9475911458333334 0.6303536551339286 0.951078869047619 0.6198904854910714 0.097749255952381
0 0.6216343470982143 0.09426153273809527 0.6338413783482143 0.9499162946428571 0.6530238560267857 0.9487537202380952 0.6451764787946429 0.08961123511904767
0 0.6521519252232143 0.09426153273809527 0.6582554408482143 0.9499162946428571 0.6800537109375 0.9499162946428571 0.6783098493303571 0.09309895833333337
0 0.6809256417410714 0.31166294642857145 0.6809256417410714 0.9429408482142856 0.6940046037946429 0.938290550595238 0.6983642578125 0.30817522321428575
0 0.7009800502232143 0.2512090773809524 0.7018519810267857 0.9348028273809522 0.7236502511160714 0.9371279761904762 0.7306256975446428 0.2570219494047619
0 0.7332414899553571 0.25585937500000006 0.7253941127232143 0.9348028273809522 0.7410888671875 0.9348028273809522 0.7593994140625 0.2535342261904762
0 0.7811976841517857 0.14308965773809526 0.7515520368303571 0.9441034226190476 0.8003801618303571 0.9452659970238094 0.8335135323660715 0.13843936011904767
0 0.8378731863839285 0.18726748511904767 0.8012520926339285 0.9475911458333334 0.8335135323660715 0.9499162946428571 0.8779820033482143 0.18029203869047625
0 0.8753662109374999 0.25818452380952384 0.8343854631696429 0.9348028273809522 0.8579275948660715 0.9336402529761904 0.9023960658482143 0.2570219494047619
0 0.9381452287946429 0.07101004464285719 0.8727504185267857 0.938290550595238 0.9163469587053571 0.9475911458333334 0.9930768694196429 0.05705915178571433
