0 0.010410853794642905 0.06403459821428575 0.1202741350446429 0.9650297619047619 0.1629987444196429 0.9580543154761904 0.0653424944196429 0.06635974702380956
0 0.09760393415178575 0.39071800595238093 0.17433384486607145 0.9720052083333334 0.20746721540178575 0.962704613095238 0.14032854352678575 0.3860677083333333
0 0.09673200334821436 0.014043898809523855 0.21618652343750006 0.9580543154761904 0.25716727120535715 0.9603794642857143 0.15253557477678575 0.012881324404761951
0 0.1638706752232143 0.06752232142857147 0.26850237165178575 0.9592168898809522 0.2981480189732143 0.9545665922619047 0.2092110770089286 0.06287202380952385
0 0.2240339006696429 0.1721540178571429 0.3059953962053572 0.9673549107142856 0.3513357979910715 0.9603794642857143 0.2833251953125 0.16401599702380956
0 0.2894287109375 0.16866629464285718 0.3574393136160715 0.962704613095238 0.4071393694196429 0.9568917410714285 0.3478480747767857 0.16866629464285718
0 0.3478480747767857 0.16866629464285718 0.4088832310267857 0.9534040178571428 0.4376569475446429 0.9487537202380952 0.3844691685267857 0.16169084821428578
0 0.3914446149553572 0.16401599702380956 0.4420166015625 0.9557291666666666 0.4742780412946429 0.9522414434523809 0.4332972935267857 0.16169084821428578
0 0.4315534319196429 0.024507068452380997 0.4795096261160714 0.9534040178571428 0.5204903738839286 0.9557291666666666 0.4847412109375 0.023344494047619093
0 0.4986921037946429 0.029157366071428617 0.5300816127232143 0.9603794642857143 0.5719342912946429 0.962704613095238 0.5510079520089286 0.025669642857142905
0 0.5553676060267857 0.03380766369047624 0.5771658761160714 0.9568917410714285 0.6033238002232143 0.951078869047619 0.5902448381696429 0.03031994047619052
0 0.5998360770089286 0.07914806547619051 0.6094273158482143 0.9592168898809522 0.6512799944196429 0.9568917410714285 0.6573835100446429 0.07682291666666671
0 0.6652308872767857 0.07798549107142862 0.6504080636160714 0.9545665922619047 0.6931326729910714 0.9568917410714285 0.7140590122767857 0.07798549107142862
0 0.7210344587053571 0.08379836309523814 0.6974923270089286 0.951078869047619 0.7437046595982143 0.9464285714285713 0.7768380301339286 0.08263578869047623
0 0.7698625837053571 0.17912946428571433 0.7428327287946428 0.9429408482142856 0.7646309988839286 0.938290550595238 0.8038678850446429 0.18029203869047625
0 0.8117152622767857 0.08961123511904767 0.8640311104910715 0.09077380952380958 0.8195626395089285 0.9417782738095237 0.7742222377232143 0.9429408482142856
0 0.8718784877232143 0.08961123511904767 0.8239222935267857 0.939453125 0.8605433872767857 0.9371279761904762 0.9207066127232143 0.08961123511904767
0 0.9329136439732143 0.09658668154761907 0.8622872488839285 0.9324776785714285 0.8936767578124999 0.9348028273809522 0.9625592912946429 0.09542410714285716
0 0.9643031529017857 0.1047247023809524 0.8936767578124999 0.9278273809523809 0.9180908203124999 0.9220145089285713 0.9965645926339285 0.10007440476190481
