0 0.07231794084821436 0.11286272321428574 0.0 0.609905078567886 0.0025634765625000555 0.8348214285714285 0.01564243861607148 0.8348214285714285 0.10370744977678575 0.11402529761904767
0 0.11504255022321436 0.11518787202380958 0.01738630022321433 0.8336588541666666 0.04616001674107151 0.8348214285714285 0.13335309709821436 0.11751302083333337
0 0.04180036272321436 0.03845796130952386 6.938893903907228e-18 0.37792757372835545 0.005179268973214357 0.5825427827380952 0.06708635602678575 0.050083705357142905
0 0.1420724051339286 0.11983816964285716 0.048775809151785754 0.8359840029761904 0.08539690290178575 0.8336588541666666 0.1752057756696429 0.122163318452381
0 0.18043736049107145 0.12448846726190481 0.09062848772321436 0.8324962797619047 0.13073730468750006 0.8359840029761904 0.2004917689732143 0.1256510416666667
0 0.20136369977678575 0.1233258928571429 0.1359688895089286 0.840634300595238 0.1664864676339286 0.8383091517857143 0.2266496930803572 0.12100074404761907
0 0.2336251395089286 0.1233258928571429 0.16735839843750006 0.841796875 0.18915666852678575 0.840634300595238 0.2545514787946429 0.12448846726190481
0 0.25629534040178575 0.14308965773809526 0.19264439174107145 0.8383091517857143 0.2188023158482143 0.8359840029761904 0.2798374720982143 0.13843936011904767
0 0.2850690569196429 0.13030133928571433 0.22229003906250006 0.8464471726190476 0.2519356863839286 0.8452845982142856 0.3138427734375 0.1291387648809524
0 0.3033796037946429 0.2535342261904762 0.25629534040178575 0.8452845982142856 0.2763497488839286 0.8464471726190476 0.3147147042410715 0.2535342261904762
0 0.3164585658482143 0.2605096726190476 0.2789655412946429 0.8510974702380952 0.2998918805803572 0.8557477678571428 0.3304094587053572 0.2616722470238096
0 0.3295375279017857 0.26399739583333337 0.3077392578125 0.8510974702380952 0.3243059430803572 0.853422619047619 0.3452322823660715 0.26399739583333337
0 0.3574393136160715 0.14076450892857148 0.3373849051339286 0.8522600446428571 0.3530796595982143 0.853422619047619 0.3731340680803572 0.14192708333333337
0 0.3731340680803572 0.11635044642857147 0.3548235212053572 0.8662109375 0.3774937220982143 0.865048363095238 0.3966761997767857 0.11286272321428574
0 0.4088832310267857 0.003580729166666715 0.3809814453125 0.865048363095238 0.4254499162946429 0.8673735119047619 0.4411446707589286 0.002418154761904809
0 0.4481201171875 0.00474330357142862 0.4271937779017857 0.8615606398809522 0.4681745256696429 0.8685360863095237 0.4777657645089286 0.005905877976190524
0 0.4838692801339286 0.02218191964285719 0.4734061104910714 0.8766741071428571 0.4925885881696429 0.8755115327380952 0.5047956194196429 0.017531622023809573
0 0.5056675502232143 0.1291387648809524 0.4978201729910714 0.8696986607142856 0.5257219587053572 0.865048363095238 0.5344412667410714 0.1279761904761905
0 0.5379289899553571 0.1233258928571429 0.5326974051339286 0.8685360863095237 0.5632149832589286 0.8708612351190476 0.5632149832589286 0.1268136160714286
0 0.5684465680803571 0.1698288690476191 0.5710623604910714 0.8662109375 0.6120431082589286 0.8662109375 0.6024518694196429 0.16866629464285718
0 0.6146589006696429 0.17912946428571433 0.6198904854910714 0.8801618303571428 0.6617431640625 0.8801618303571428 0.6477922712053571 0.17796688988095244
0 0.6486642020089286 0.1744791666666667 0.6695905412946429 0.8766741071428571 0.7114432198660714 0.8801618303571428 0.6887730189732143 0.1756417410714286
0 0.6992361886160714 0.18145461309523814 0.7175467354910714 0.8813244047619047 0.7611432756696428 0.8813244047619047 0.7349853515625 0.17796688988095244
0 0.7393450055803571 0.18959263392857148 0.7637590680803571 0.8859747023809522 0.7951485770089285 0.8859747023809522 0.7559116908482143 0.18494233630952384
0 0.7628871372767857 0.13262648809523814 0.7977643694196429 0.8766741071428571 0.8317696707589285 0.8801618303571428 0.7890450613839285 0.13146391369047625
0 0.7873011997767857 0.058221726190476226 0.8352573939732143 0.8882998511904762 0.8587995256696429 0.8859747023809522 0.8099714006696429 0.058221726190476226
0 0.8204345703124999 0.04427083333333338 0.8631591796874999 0.890625 0.8945486886160715 0.890625 0.8413609095982143 0.03845796130952386
0 0.8596714564732143 0.10588727678571434 0.8954206194196429 0.8836495535714285 0.9268101283482143 0.8882998511904762 0.8805977957589285 0.10704985119047623
0 0.8884451729910715 0.15936569940476195 0.9259381975446429 0.8964378720238094 0.9669189453124999 0.8941127232142856 0.9154750279017857 0.15587797619047625
0 0.9302978515624999 0.1500651041666667 0.9738943917410713 0.8941127232142856 0.9991803850446429 0.8941127232142856 0.9625592912946429 0.14541480654761907
