0 0.10109165736607145 0.19424293154761907 0.2092110770089286 0.7301897321428571 0.2205461774553572 0.7290271577380952 0.1141706194196429 0.18726748511904767
0 0.1202741350446429 0.19424293154761907 0.22316196986607145 0.7301897321428571 0.23188127790178575 0.7278645833333334 0.1298653738839286 0.18959263392857148
0 0.13771275111607145 0.19308035714285718 0.23536900111607145 0.7313523065476191 0.2554234095982143 0.7325148809523809 0.15166364397321436 0.18959263392857148
0 0.15863909040178575 0.1965680803571429 0.2606549944196429 0.7360026041666666 0.27722167968750006 0.7290271577380952 0.17956542968750006 0.19191778273809526
0 0.1813092912946429 0.18959263392857148 0.2798374720982143 0.7313523065476191 0.2920445033482143 0.7267020089285713 0.1961321149553572 0.18610491071428573
0 0.21357073102678575 0.25934709821428575 0.2920445033482143 0.7301897321428571 0.3051234654017857 0.7313523065476191 0.22839355468750006 0.25469680059523814
0 0.2310093470982143 0.2570219494047619 0.3059953962053572 0.7325148809523809 0.3216901506696429 0.7301897321428571 0.2423444475446429 0.25934709821428575
0 0.2432163783482143 0.2523716517857143 0.3216901506696429 0.7394903273809524 0.3356410435267857 0.7348400297619047 0.26239885602678575 0.2523716517857143
0 0.2432163783482143 0.08031063988095243 0.3478480747767857 0.7511160714285713 0.3809814453125 0.7569289434523809 0.2894287109375 0.0756603422619048
0 0.2981480189732143 0.08031063988095243 0.3844691685267857 0.7592540922619047 0.4176025390625 0.7522786458333334 0.3338971819196429 0.07217261904761908
0 0.3522077287946429 0.16401599702380956 0.4158586774553572 0.7464657738095237 0.4298095703125 0.7418154761904762 0.3670305524553572 0.15820312500000003
0 0.3696463448660714 0.16866629464285718 0.4324253627232143 0.7580915178571428 0.4437604631696429 0.7569289434523809 0.3844691685267857 0.16517857142857148
0 0.3879568917410714 0.1698288690476191 0.4481201171875 0.7534412202380952 0.4716622488839286 0.7534412202380952 0.4167306082589286 0.16285342261904767
0 0.4350411551339286 0.31631324404761907 0.4725341796875 0.767392113095238 0.4995640345982143 0.7650669642857143 0.4664306640625 0.31282552083333337
0 0.4716622488839286 0.31515066964285715 0.5047956194196429 0.7662295386904762 0.5239780970982143 0.7639043898809524 0.4986921037946429 0.31166294642857145
0 0.4917166573660714 0.13843936011904767 0.5318254743303571 0.7987816220238094 0.5605991908482143 0.7987816220238094 0.5300816127232143 0.14076450892857148
0 0.5431605747767857 0.2512090773809524 0.5640869140625 0.7941313244047619 0.5867571149553571 0.7941313244047619 0.5728062220982143 0.24423363095238096
0 0.5815255301339286 0.1977306547619048 0.5946044921875 0.8115699404761904 0.6399448939732143 0.8080822172619047 0.6303536551339286 0.1988932291666667
0 0.6434326171875 0.2012183779761905 0.6512799944196429 0.8104073660714285 0.6940046037946429 0.8150576636904762 0.7009800502232143 0.19191778273809526
0 0.7123151506696428 0.18843005952380956 0.7027239118303571 0.8208705357142856 0.7463204520089286 0.8220331101190476 0.7698625837053571 0.18959263392857148
0 0.7777099609374999 0.18377976190476195 0.7576555524553571 0.8231956845238094 0.8003801618303571 0.8255208333333334 0.8326416015624999 0.18843005952380956
0 0.8317696707589285 0.23493303571428573 0.8021240234374999 0.8022693452380952 0.8274100167410715 0.8011067708333334 0.8561837332589285 0.23377046130952384
0 0.8614153180803571 0.2221447172619048 0.8300258091517857 0.8255208333333334 0.8570556640624999 0.8278459821428571 0.8919328962053571 0.2244698660714286
0 0.8928048270089285 0.22795758928571433 0.8596714564732143 0.8208705357142856 0.8832135881696429 0.8208705357142856 0.9207066127232143 0.2233072916666667
