0 0.08801269531250006 0.2012183779761905 0.08888462611607145 0.8882998511904762 0.1228899274553572 0.8952752976190476 0.12114606584821436 0.20819382440476195
0 0.1289934430803572 0.11518787202380958 0.1202741350446429 0.9150390625 0.16823032924107145 0.9092261904761904 0.1778215680803572 0.11635044642857147
0 0.17346191406250006 0.2756231398809524 0.17694963727678575 0.8999255952380952 0.21967424665178575 0.8964378720238094 0.2153145926339286 0.2756231398809524
0 0.21357073102678575 0.19308035714285718 0.21357073102678575 0.9115513392857143 0.23798479352678575 0.9069010416666666 0.2397286551339286 0.19308035714285718
0 0.24408830915178575 0.13843936011904767 0.2458321707589286 0.9010881696428571 0.26937430245535715 0.8999255952380952 0.2702462332589286 0.13727678571428573
0 0.2728620256696429 0.14076450892857148 0.2728620256696429 0.9103887648809522 0.2998918805803572 0.9092261904761904 0.2990199497767857 0.13727678571428573 0.2641427176339286 0.14192708333333337
0 0.2998918805803572 0.122163318452381 0.2955322265625 0.9196893601190476 0.3199462890625 0.926664806547619 0.3216901506696429 0.11983816964285716
0 0.3295375279017857 0.122163318452381 0.3225620814732143 0.9348028273809522 0.3461042131696429 0.9289899553571428 0.3487200055803572 0.1268136160714286
0 0.3504638671875 0.13146391369047625 0.3461042131696429 0.9289899553571428 0.3644147600446429 0.9289899553571428 0.3748779296875 0.1291387648809524
0 0.3783656529017857 0.13495163690476195 0.3635428292410714 0.9243396577380952 0.3862130301339286 0.926664806547619 0.3984200613839286 0.13727678571428573
0 0.4053955078125 0.14308965773809526 0.3940604073660714 0.9208519345238094 0.4324253627232143 0.9231770833333334 0.4376569475446429 0.14425223214285718
0 0.4446323939732143 0.13262648809523814 0.4350411551339286 0.9313151041666666 0.4638148716517857 0.9301525297619047 0.4803815569196429 0.13843936011904767
0 0.4829973493303572 0.1512276785714286 0.4690464564732143 0.926664806547619 0.5074114118303572 0.9255022321428571 0.5143868582589286 0.14076450892857148
0 0.5257219587053572 0.14541480654761907 0.5108991350446429 0.9278273809523809 0.5466482979910714 0.9289899553571428 0.5588553292410714 0.14192708333333337
0 0.5658307756696429 0.20354352678571433 0.5475202287946429 0.9301525297619047 0.5745500837053571 0.9301525297619047 0.5911167689732143 0.2012183779761905
0 0.5946044921875 0.14541480654761907 0.5754220145089286 0.9313151041666666 0.6007080078125 0.9336402529761904 0.6146589006696429 0.14192708333333337
0 0.6434326171875 0.25818452380952384 0.6329694475446429 0.926664806547619 0.6608712332589286 0.9255022321428571 0.6678466796875 0.25585937500000006
0 0.6774379185267857 0.2453962053571429 0.6643589564732143 0.9359654017857143 0.6974923270089286 0.9359654017857143 0.7001081194196428 0.24423363095238096
0 0.7079554966517857 0.2465587797619048 0.6957484654017857 0.9301525297619047 0.7166748046875 0.9301525297619047 0.7341134207589286 0.2535342261904762
0 0.7402169363839286 0.16517857142857148 0.7210344587053571 0.9301525297619047 0.7524239676339286 0.9348028273809522 0.7698625837053571 0.16634114583333337
0 0.7777099609374999 0.2570219494047619 0.7628871372767857 0.9441034226190476 0.8021240234374999 0.9371279761904762 0.8186907087053571 0.2570219494047619
0 0.8230503627232143 0.16634114583333337 0.8047398158482143 0.9371279761904762 0.8282819475446429 0.9348028273809522 0.8439767020089285 0.16634114583333337
0 0.8492082868303571 0.1721540178571429 0.8282819475446429 0.9359654017857143 0.8448486328124999 0.9359654017857143 0.8666469029017857 0.1698288690476191
0 0.8753662109374999 0.16750372023809526 0.8509521484374999 0.9348028273809522 0.8762381417410715 0.9406156994047619 0.8919328962053571 0.1768043154761905
0 0.8945486886160715 0.1733165922619048 0.8779820033482143 0.939453125 0.8901890345982143 0.9371279761904762 0.9058837890624999 0.17099144345238101
0 0.9050118582589285 0.18145461309523814 0.8919328962053571 0.9324776785714285 0.9067557198660715 0.9324776785714285 0.9233224051339285 0.18145461309523814
0 0.9808698381696429 0.2512090773809524 0.9616873604910713 0.9534040178571428 0.9869733537946429 0.9545665922619047 0.9948207310267857 0.2488839285714286
