0 0.004307338169642905 0.16866629464285718 0.013026646205357206 0.9208519345238094 0.045288085937500056 0.9185267857142856 0.040928431919642905 0.16401599702380956
0 0.045288085937500056 0.16866629464285718 0.053135463169642905 0.9150390625 0.09062848772321436 0.9115513392857143 0.0801653180803572 0.16866629464285718
0 0.08801269531250006 0.08263578869047623 0.09411621093750006 0.9045758928571428 0.12550571986607145 0.9045758928571428 0.11504255022321436 0.08612351190476193
0 0.12114606584821436 0.08379836309523814 0.13073730468750006 0.9080636160714285 0.1595110212053572 0.9034133184523809 0.1542794363839286 0.08263578869047623
0 0.15602329799107145 0.09193638392857147 0.1638706752232143 0.9010881696428571 0.18915666852678575 0.8964378720238094 0.1813092912946429 0.09193638392857147
0 0.1839250837053572 0.18377976190476195 0.19526018415178575 0.8987630208333334 0.2214181082589286 0.8952752976190476 0.2057233537946429 0.18261718750000003
0 0.21008300781250006 0.18494233630952384 0.2301374162946429 0.8987630208333334 0.2894287109375 0.8917875744047619 0.2763497488839286 0.18726748511904767
0 0.2841971261160715 0.003580729166666715 0.3051234654017857 0.8929501488095237 0.3338971819196429 0.8952752976190476 0.3112269810267857 0.002418154761904809
0 0.3234340122767857 0.002418154761904809 0.3347691127232143 0.8917875744047619 0.3731340680803572 0.889462425595238 0.35489313943045486 1.4802973661668753e-16
0 0.3670305524553572 0.005905877976190524 0.3774937220982143 0.8929501488095237 0.4019077845982143 0.8859747023809522 0.3940604073660714 0.00474330357142862
0 0.3992919921875 0.06519717261904766 0.4123709542410714 0.890625 0.4376569475446429 0.889462425595238 0.4306815011160714 0.06054687500000005
0 0.4332972935267857 0.10356212797619051 0.4402727399553572 0.8882998511904762 0.4681745256696429 0.8848121279761904 0.4620710100446429 0.10937500000000004
0 0.4681745256696429 0.005905877976190524 0.4734061104910714 0.8941127232142856 0.4925885881696429 0.8929501488095237 0.4838692801339286 0.009393601190476239
0 0.4829973493303572 0.010556175595238143 0.4943324497767857 0.8882998511904762 0.5135149274553572 0.8871372767857143 0.5065394810267857 0.011718750000000047
0 0.5108991350446429 0.007068452380952428 0.5213623046875 0.8929501488095237 0.5431605747767857 0.890625 0.5309535435267857 0.009393601190476239
0 0.5300816127232143 0.010556175595238143 0.5431605747767857 0.8929501488095237 0.5632149832589286 0.8871372767857143 0.5518798828125 0.009393601190476239
0 0.5588553292410714 0.01985677083333338 0.5675746372767857 0.8836495535714285 0.5867571149553571 0.8848121279761904 0.5762939453125 0.021019345238095285
0 0.5806535993303571 0.027994791666666713 0.5902448381696429 0.8848121279761904 0.6155308314732143 0.877836681547619 0.5972202845982143 0.031482514880952425
0 0.6007080078125 0.09426153273809527 0.6181466238839286 0.8720238095238094 0.6373291015625 0.8708612351190476 0.6216343470982143 0.09426153273809527
0 0.6294817243303571 0.21633184523809526 0.6399448939732143 0.8720238095238094 0.6661028180803571 0.8673735119047619 0.6521519252232143 0.21865699404761907
0 0.6582554408482143 0.21400669642857148 0.6669747488839286 0.8696986607142856 0.6905168805803571 0.8662109375 0.6791817801339286 0.21749441964285718
0 0.6800537109375 0.21981956845238101 0.6922607421875 0.8580729166666666 0.7210344587053571 0.8580729166666666 0.7009800502232143 0.2233072916666667
0 0.7062116350446428 0.18843005952380956 0.7245221819196428 0.853422619047619 0.7559116908482143 0.8499348958333334 0.7332414899553571 0.18843005952380956
0 0.7332414899553571 0.1512276785714286 0.7541678292410714 0.8545851934523809 0.7742222377232143 0.8464471726190476 0.7515520368303571 0.1512276785714286
0 0.7559116908482143 0.18843005952380956 0.7794538225446429 0.8476097470238094 0.8256661551339285 0.8429594494047619 0.8021240234374999 0.18377976190476195
0 0.8178187779017857 0.23028273809523814 0.8326416015624999 0.8487723214285713 0.8596714564732143 0.8499348958333334 0.8413609095982143 0.23028273809523814
0 0.8465924944196429 0.11751302083333337 0.8631591796874999 0.8510974702380952 0.8901890345982143 0.8499348958333334 0.8710065569196429 0.11635044642857147
0 0.8666469029017857 0.07449776785714289 0.8910609654017857 0.840634300595238 0.9084995814732143 0.840634300595238 0.8962925502232143 0.073335193452381
0 0.8971644810267857 0.06519717261904766 0.9119873046874999 0.8452845982142856 0.9346575055803571 0.8429594494047619 0.9172188895089285 0.05938430059523814
0 0.9180908203124999 0.13611421130952384 0.9346575055803571 0.8452845982142856 0.9669189453124999 0.8441220238095237 0.9538399832589285 0.13727678571428573
0 0.9564557756696429 0.13843936011904767 0.9677908761160713 0.8429594494047619 0.9965645926339285 0.840634300595238 0.9887172154017857 0.13843936011904767
