0 0.036568777901785754 0.9359654017857143 0.0627267020089286 0.9336402529761904 0.010410853794642905 0.021019345238095285 0.0 0.02362205868675601 0.0 0.3686290922619047
0 0.022617885044642905 0.1756417410714286 0.06621442522321436 0.9336402529761904 0.1054513113839286 0.938290550595238 0.0653424944196429 0.1756417410714286
0 0.06447056361607151 0.17912946428571433 0.10719517299107145 0.939453125 0.1473039899553572 0.9417782738095237 0.1115548270089286 0.1756417410714286 0.05400739397321436 0.17912946428571433
0 0.11591448102678575 0.08728608630952384 0.14904785156250006 0.9522414434523809 0.17346191406250006 0.9522414434523809 0.14032854352678575 0.08844866071428574
0 0.1481759207589286 0.097749255952381 0.1778215680803572 0.9545665922619047 0.2065952845982143 0.9522414434523809 0.18043736049107145 0.09542410714285716
0 0.18566894531250006 0.10704985119047623 0.21008300781250006 0.9568917410714285 0.24147251674107145 0.9522414434523809 0.21967424665178575 0.10704985119047623
0 0.24060058593750006 0.9592168898809522 0.26588657924107145 0.9580543154761904 0.24757603236607145 0.003580729166666715 0.21705845424107145 0.003580729166666715
0 0.2554234095982143 0.003580729166666715 0.2728620256696429 0.9499162946428571 0.2929164341517857 0.9499162946428571 0.2824532645089286 0.002418154761904809
0 0.2868129185267857 0.18959263392857148 0.2946602957589286 0.9568917410714285 0.3304094587053572 0.9580543154761904 0.3286655970982143 0.19191778273809526
0 0.3295375279017857 0.2000558035714286 0.3338971819196429 0.9487537202380952 0.3670305524553572 0.9475911458333334 0.3661586216517857 0.2000558035714286
0 0.3713902064732143 0.20470610119047625 0.3687744140625 0.9499162946428571 0.4010358537946429 0.9464285714285713 0.4036516462053572 0.2023809523809524
0 0.4080113002232143 0.08496093750000004 0.4036516462053572 0.9534040178571428 0.4210902622767857 0.9580543154761904 0.4289376395089286 0.08496093750000004
0 0.4332972935267857 0.00474330357142862 0.4263218470982143 0.9615420386904762 0.4498639787946429 0.9615420386904762 0.4681745256696429 0.002418154761904809
0 0.4742780412946429 0.002418154761904809 0.4524797712053572 0.9673549107142856 0.4768938337053572 0.9685174851190476 0.5004359654017857 0.00474330357142862
0 0.5074114118303572 0.002418154761904809 0.4803815569196429 0.939453125 0.4969482421875 0.938290550595238 0.5274658203125 0.003580729166666715
0 0.5344412667410714 0.002418154761904809 0.4952043805803572 0.9603794642857143 0.5161307198660714 0.9615420386904762 0.5527518136160714 0.002418154761904809
0 0.5605991908482143 0.008231026785714335 0.5231061662946429 0.9789806547619047 0.5414167131696429 0.9824683779761904 0.5815255301339286 0.011718750000000047
0 0.5823974609375 0.10821242559523814 0.5440325055803571 0.987118675595238 0.5710623604910714 0.9859561011904762 0.6146589006696429 0.11053757440476193
0 0.6312255859375 0.010556175595238143 0.5745500837053571 0.9964192708333331 0.6190185546875 0.9929315476190476 0.6774379185267857 0.01520647321428576
0 0.6879010881696429 0.010556175595238143 0.6181466238839286 0.9906063988095237 0.6530238560267857 0.9952566964285713 0.7323695591517857 0.01985677083333338
0 0.7376011439732143 0.021019345238095285 0.6599993024553571 0.9929315476190476 0.6957484654017857 0.9975818452380952 0.7846854073660715 0.018694196428571477
0 0.7707345145089286 0.24307105654761907 0.7009800502232143 0.9917689732142856 0.7288818359375 0.9940941220238094 0.8003801618303571 0.24423363095238096
0 0.8073556082589285 0.2500465029761905 0.7341134207589286 0.9894438244047619 0.7646309988839286 0.9964192708333331 0.8396170479910715 0.2500465029761905
0 0.8431047712053571 0.25585937500000006 0.7672467912946428 0.9778180803571428 0.7942766462053571 0.9813058035714285 0.8779820033482143 0.2570219494047619
0 0.8840855189732143 0.25934709821428575 0.7995082310267857 0.9813058035714285 0.8343854631696429 0.9813058035714285 0.9207066127232143 0.25585937500000006
0 0.9250662667410715 0.2616722470238096 0.8387451171874999 0.9789806547619047 0.8753662109374999 0.9859561011904762 0.9660470145089285 0.2605096726190476
0 0.9669189453124999 0.2709728422619048 0.8788539341517857 0.9696800595238094 0.9023960658482143 0.9685174851190476 0.9991803850446429 0.2721354166666667
