0 0.006051199776785782 0.26167224702380953 0.034824916294642905 0.26167224702380953 0.02610560825892863 0.8708612351190474 -3.469446951953614e-18 0.8686857677641369
0 0.034824916294642905 0.2605096726190476 0.055751255580357206 0.26167224702380953 0.05400739397321436 0.8755115327380952 0.02348981584821433 0.8720238095238094
0 0.059238978794642905 0.26632254464285715 0.0897565569196429 0.268647693452381 0.07929338727678575 0.8743489583333331 0.0505196707589286 0.877836681547619
0 0.0932442801339286 0.19075520833333337 0.11504255022321436 0.18843005952380956 0.10893903459821436 0.8743489583333331 0.0836530412946429 0.8766741071428571
0 0.11591448102678575 0.18610491071428573 0.14556012834821436 0.19075520833333337 0.13684082031250006 0.8755115327380952 0.1106828962053572 0.8755115327380952
0 0.1446881975446429 0.19075520833333337 0.1664864676339286 0.19075520833333337 0.15863909040178575 0.8755115327380952 0.13684082031250006 0.8743489583333331
0 0.1656145368303572 0.26748511904761907 0.17956542968750006 0.26399739583333337 0.1821812220982143 0.8848121279761904 0.1629987444196429 0.8813244047619047
0 0.1752057756696429 0.2651599702380953 0.2327532087053572 0.26632254464285715 0.23798479352678575 0.8848121279761904 0.1813092912946429 0.8871372767857141
0 0.23798479352678575 0.08263578869047623 0.26588657924107145 0.08496093750000004 0.2702462332589286 0.8964378720238094 0.2362409319196429 0.8952752976190474
0 0.2676304408482143 0.08147321428571434 0.3086111886160715 0.08496093750000004 0.3016357421875 0.8952752976190474 0.26937430245535715 0.8999255952380952
0 0.3059953962053572 0.08612351190476196 0.3365129743303572 0.08728608630952385 0.3312813895089286 0.902250744047619 0.3016357421875 0.9010881696428571
0 0.3338971819196429 0.14076450892857148 0.3635428292410714 0.13960193452380956 0.3583112444196429 0.9080636160714285 0.3269217354910715 0.902250744047619
0 0.3600551060267857 0.18145461309523814 0.3949323381696429 0.1779668898809524 0.3835972377232143 0.9069010416666665 0.3565673828125 0.9080636160714285
0 0.3975481305803572 0.07798549107142862 0.4184744698660714 0.07798549107142862 0.4027797154017857 0.9127139136904762 0.3783656529017857 0.9103887648809522
0 0.4193464006696429 0.0768229166666667 0.4411446707589286 0.07798549107142862 0.4280657087053572 0.9150390624999999 0.4053955078125 0.9162016369047619
0 0.4420166015625 0.07333519345238099 0.4611990792410714 0.07798549107142862 0.4559674944196429 0.9220145089285713 0.4245779854910714 0.9173642113095237
0 0.4585832868303572 0.08147321428571434 0.4847412109375 0.07798549107142862 0.4725341796875 0.9196893601190474 0.4524797712053572 0.9220145089285713
0 0.4891008649553572 0.08147321428571434 0.5065394810267857 0.08728608630952385 0.4986921037946429 0.9185267857142856 0.4690464564732143 0.9208519345238094
0 0.5170026506696429 0.08496093750000004 0.5335693359375 0.08496093750000004 0.5265938895089286 0.9313151041666665 0.4925885881696429 0.9208519345238094
0 0.5361851283482143 0.14308965773809526 0.5588553292410714 0.146577380952381 0.5536237444196429 0.9336402529761904 0.5300816127232143 0.9220145089285713
0 0.5571114676339286 0.26399739583333337 0.5858851841517857 0.268647693452381 0.5841413225446429 0.9324776785714285 0.5553676060267857 0.9336402529761904
0 0.5858851841517857 0.26632254464285715 0.6155308314732143 0.26399739583333337 0.6155308314732143 0.9324776785714285 0.5858851841517857 0.9324776785714285
0 0.6181466238839286 0.26632254464285715 0.6425606863839286 0.26981026785714285 0.6495361328125 0.9289899553571428 0.6164027622767857 0.9243396577380952
0 0.6469203404017857 0.23260788690476195 0.6765659877232143 0.22912016369047625 0.6887730189732143 0.9220145089285713 0.6477922712053571 0.926664806547619
0 0.6783098493303571 0.19075520833333337 0.6974923270089286 0.18726748511904764 0.7201625279017857 0.9301525297619047 0.6861572265625 0.9231770833333331
0 0.7018519810267857 0.21981956845238096 0.7637590680803571 0.21633184523809526 0.7759660993303571 0.9255022321428571 0.7158028738839286 0.9336402529761904
0 0.7716064453125 0.26399739583333337 0.8047398158482143 0.26632254464285715 0.8090994698660715 0.9452659970238094 0.7759660993303571 0.9371279761904762
0 0.8038678850446429 0.1291387648809524 0.8378731863839285 0.14076450892857148 0.8492082868303571 0.9475911458333331 0.8134591238839285 0.9464285714285713
0 0.8326416015624999 0.08147321428571434 0.8727504185267857 0.08379836309523814 0.8823416573660715 0.9406156994047619 0.8483363560267857 0.9441034226190474
0 0.8701346261160715 0.06635974702380958 0.8971644810267857 0.06403459821428575 0.9076276506696429 0.9580543154761904 0.8805977957589285 0.9499162946428571
0 0.8954206194196429 0.1512276785714286 0.9416329520089285 0.14308965773809526 0.9468645368303571 0.9615420386904762 0.9111153738839285 0.9522414434523808
0 0.9477364676339285 0.146577380952381 0.9878452845982143 0.14192708333333337 0.9904610770089285 0.9685174851190474 0.9486083984374999 0.9568917410714285
