0 0.00343540736607148 0.2488839285714286 0.055751255580357206 0.2488839285714286 0.1054513113839286 0.9499162946428571 0.060982840401785754 0.951078869047619
0 0.05836704799107151 0.2523716517857143 0.1080671037946429 0.2500465029761905 0.15863909040178575 0.9429408482142856 0.1106828962053572 0.9487537202380952
0 0.1106828962053572 0.24539620535714288 0.1603829520089286 0.24423363095238096 0.20746721540178575 0.9475911458333331 0.1577671595982143 0.9499162946428571
0 0.1725899832589286 0.24423363095238096 0.2214181082589286 0.2465587797619048 0.2580392020089286 0.9394531249999999 0.2153145926339286 0.9394531249999999
0 0.22229003906250006 0.2279575892857143 0.2859409877232143 0.2221447172619048 0.3129708426339286 0.9452659970238094 0.25891113281250006 0.9406156994047619
0 0.2885567801339286 0.21981956845238096 0.3452322823660715 0.21865699404761907 0.3644147600446429 0.9522414434523808 0.3190743582589286 0.9487537202380952 0.2972760881696429 0.2233072916666667
0 0.3434884207589286 0.14425223214285718 0.3905726841517857 0.146577380952381 0.4106270926339286 0.9475911458333331 0.3661586216517857 0.9487537202380952
0 0.4027797154017857 0.13727678571428575 0.4498639787946429 0.14192708333333337 0.4699183872767857 0.9522414434523808 0.4184744698660714 0.9557291666666665
0 0.4533517020089286 0.11053757440476196 0.4995640345982143 0.10472470238095243 0.5196184430803572 0.962704613095238 0.4734061104910714 0.9545665922619047
0 0.5047956194196429 0.11286272321428575 0.5510079520089286 0.11286272321428575 0.5588553292410714 0.9487537202380952 0.5117710658482143 0.9557291666666665
0 0.5518798828125 0.10937500000000004 0.6015799386160714 0.10937500000000004 0.5998360770089286 0.9475911458333331 0.5605991908482143 0.9464285714285713
0 0.6024518694196429 0.2023809523809524 0.6451764787946429 0.1965680803571429 0.6477922712053571 0.9417782738095237 0.5937325613839286 0.9441034226190474
0 0.6512799944196429 0.11635044642857147 0.7044677734375 0.12100074404761908 0.6992361886160714 0.9499162946428571 0.6477922712053571 0.9487537202380952
0 0.7105712890625 0.21633184523809526 0.7655029296875 0.21051897321428573 0.7471923828125 0.9487537202380952 0.7027239118303571 0.9475911458333331
0 0.7681187220982143 0.20703125000000003 0.8056117466517857 0.20703125000000003 0.7934047154017857 0.9417782738095237 0.7393450055803571 0.9417782738095237
0 0.8396170479910715 0.0012555803571429047 0.8971644810267857 0.00474330357142862 0.8492082868303571 0.9359654017857141 0.7995082310267857 0.9417782738095237 0.8403417908690806 1.4802973661668753e-16
0 0.8962925502232143 0.08844866071428575 0.9459926060267857 0.08263578869047623 0.9102434430803571 0.9499162946428571 0.8640311104910715 0.9394531249999999
0 0.9599434988839285 0.08263578869047623 0.9991803850446429 0.08263578869047623 0.9608154296874999 0.9499162946428571 0.9198346819196429 0.951078869047619
