0 0.005179268973214357 0.3302641369047619 0.061854771205357206 0.33375186011904767 0.16474260602678575 0.9429408482142856 0.11940220424107145 0.9359654017857141
0 0.0627267020089286 0.3291015625 0.11591448102678575 0.3302641369047619 0.2065952845982143 0.9464285714285713 0.1664864676339286 0.9441034226190474
0 0.1202741350446429 0.3291015625 0.1752057756696429 0.3267764136904762 0.2554234095982143 0.9522414434523808 0.2092110770089286 0.9522414434523808
0 0.17346191406250006 0.3291015625 0.2275216238839286 0.3232886904761905 0.2964041573660715 0.9417782738095237 0.25106375558035715 0.9452659970238094
0 0.2301374162946429 0.31166294642857145 0.2868129185267857 0.30817522321428575 0.3443603515625 0.9394531249999999 0.2955322265625 0.9499162946428571
0 0.2903006417410715 0.3035249255952381 0.3469761439732143 0.3093377976190476 0.3905726841517857 0.9545665922619047 0.3461042131696429 0.9406156994047619
0 0.3469761439732143 0.2267950148809524 0.3914446149553572 0.23028273809523814 0.4367850167410714 0.9685174851190474 0.3888288225446429 0.9522414434523808
0 0.4062674386160714 0.2221447172619048 0.4559674944196429 0.2256324404761905 0.4847412109375 0.9545665922619047 0.4420166015625 0.9592168898809522
0 0.4620710100446429 0.1977306547619048 0.5161307198660714 0.1977306547619048 0.5265938895089286 0.9638671874999999 0.4917166573660714 0.962704613095238
0 0.5178745814732143 0.19540550595238096 0.5658307756696429 0.1977306547619048 0.5658307756696429 0.9650297619047619 0.5309535435267857 0.9673549107142856
0 0.5675746372767857 0.1988932291666667 0.6120431082589286 0.19540550595238096 0.6050676618303571 0.9650297619047619 0.5693184988839286 0.9615420386904762
0 0.6164027622767857 0.28724888392857145 0.6643589564732143 0.28841145833333337 0.6495361328125 0.9580543154761904 0.6094273158482143 0.9499162946428571
0 0.6765659877232143 0.20935639880952384 0.7349853515625 0.1988932291666667 0.6957484654017857 0.962704613095238 0.6469203404017857 0.9603794642857141
0 0.7393450055803571 0.31166294642857145 0.7838134765624999 0.3093377976190476 0.7428327287946428 0.9615420386904762 0.6974923270089286 0.9603794642857141
0 0.7907889229910715 0.3011997767857143 0.8396170479910715 0.2988746279761905 0.7829415457589285 0.9673549107142856 0.7419607979910714 0.9650297619047619
0 0.8858293805803571 0.0744977678571429 0.9390171595982143 0.0744977678571429 0.8413609095982143 0.9685174851190474 0.7942766462053571 0.9708426339285713
0 0.9372732979910715 0.16982886904761907 0.999755859375 0.16316406250000004 0.9041399274553571 0.9708426339285713 0.8404889787946429 0.9696800595238094
