0 0.031337193080357206 0.1756417410714286 0.06447056361607151 0.1721540178571429 0.040928431919642905 0.9894438244047619 0.013026646205357206 0.9952566964285713
0 0.0627267020089286 0.18029203869047625 0.09498814174107145 0.18377976190476195 0.0775495256696429 0.9789806547619047 0.04005650111607151 0.9894438244047619
0 0.08801269531250006 0.33607700892857145 0.10719517299107145 0.33491443452380953 0.0993477957589286 0.9836309523809522 0.07318987165178575 0.9847935267857141
0 0.10719517299107145 0.3384021577380953 0.1237618582589286 0.3384021577380953 0.11504255022321436 0.9894438244047619 0.0993477957589286 0.9882812499999999
0 0.12463378906250006 0.3384021577380953 0.1446881975446429 0.3314267113095238 0.13422502790178575 0.9882812499999999 0.1167864118303572 0.987118675595238
0 0.1412004743303572 0.18377976190476195 0.16823032924107145 0.18377976190476195 0.1603829520089286 0.9847935267857141 0.1350969587053572 0.9859561011904762
0 0.16823032924107145 0.18843005952380956 0.19264439174107145 0.18726748511904764 0.18566894531250006 0.9882812499999999 0.16212681361607145 0.9836309523809522
0 0.1970040457589286 0.18377976190476195 0.22577776227678575 0.18145461309523814 0.2118268694196429 0.9906063988095237 0.18654087611607145 0.9894438244047619
0 0.22316196986607145 0.18377976190476195 0.24670410156250006 0.17912946428571433 0.24147251674107145 0.9940941220238094 0.2092110770089286 0.9894438244047619
0 0.2493198939732143 0.2732979910714286 0.27547781808035715 0.2721354166666667 0.26850237165178575 0.9917689732142856 0.2432163783482143 0.9894438244047619
0 0.2728620256696429 0.27911086309523814 0.2876848493303572 0.2814360119047619 0.2885567801339286 0.9917689732142856 0.26850237165178575 0.9940941220238094
0 0.2876848493303572 0.268647693452381 0.3094831194196429 0.2721354166666667 0.3051234654017857 0.9917689732142856 0.2876848493303572 0.9894438244047619
0 0.3077392578125 0.26399739583333337 0.3452322823660715 0.26632254464285715 0.3443603515625 0.987118675595238 0.3051234654017857 0.9917689732142856
0 0.3513357979910715 0.26981026785714285 0.3818533761160714 0.268647693452381 0.3801095145089286 0.9906063988095237 0.3469761439732143 0.997581845238095
0 0.3888288225446429 0.2744605654761905 0.4141148158482143 0.268647693452381 0.4123709542410714 0.9906063988095237 0.3844691685267857 0.9859561011904762
0 0.4184744698660714 0.2709728422619048 0.4158586774553572 0.9917689732142856 0.4481201171875 0.9894438244047619 0.4524797712053572 0.2756231398809524
0 0.4611990792410714 0.19424293154761907 0.4507359095982143 0.9882812499999999 0.4777657645089286 0.9847935267857141 0.4856131417410714 0.18726748511904764
0 0.4856131417410714 0.18610491071428573 0.4812534877232143 0.9894438244047619 0.5004359654017857 0.987118675595238 0.5091552734375 0.18261718750000003
0 0.5108991350446429 0.1779668898809524 0.5021798270089286 0.9917689732142856 0.5196184430803572 0.9917689732142856 0.5300816127232143 0.18377976190476195
0 0.5326974051339286 0.2814360119047619 0.5265938895089286 0.9882812499999999 0.5632149832589286 0.9894438244047619 0.5614711216517857 0.2814360119047619
0 0.5623430524553571 0.2721354166666667 0.5937325613839286 0.2709728422619048 0.5998360770089286 0.9952566964285713 0.5649588448660714 0.9940941220238094
0 0.6024518694196429 0.10239955357142862 0.6294817243303571 0.10704985119047623 0.6277378627232143 0.9894438244047619 0.6007080078125 0.9917689732142856
0 0.6320975167410714 0.10821242559523814 0.6608712332589286 0.10472470238095243 0.6565115792410714 0.997581845238095 0.6294817243303571 0.9906063988095237
0 0.6617431640625 0.10472470238095243 0.6931326729910714 0.10588727678571432 0.6861572265625 0.9929315476190474 0.6617431640625 0.9929315476190474
0 0.6879010881696429 0.18494233630952384 0.7070835658482143 0.18494233630952384 0.6966203962053571 0.9894438244047619 0.6852852957589286 0.987118675595238
0 0.7062116350446428 0.18261718750000003 0.7201625279017857 0.18377976190476195 0.7131870814732143 0.987118675595238 0.7001081194196428 0.9906063988095237
0 0.7210344587053571 0.18494233630952384 0.7358572823660714 0.18959263392857148 0.7306256975446428 0.9847935267857141 0.7149309430803571 0.9894438244047619
0 0.7332414899553571 0.18610491071428573 0.7541678292410714 0.18494233630952384 0.7489362444196428 0.9882812499999999 0.7280099051339286 0.9836309523809522
0 0.7550397600446428 0.19191778273809526 0.7672467912946428 0.18843005952380956 0.7655029296875 0.9836309523809522 0.7480643136160714 0.9836309523809522
0 0.7681187220982143 0.18377976190476195 0.7890450613839285 0.18726748511904764 0.7855573381696429 0.9813058035714285 0.7646309988839286 0.9847935267857141
0 0.7855573381696429 0.18843005952380956 0.8038678850446429 0.18959263392857148 0.8021240234374999 0.9824683779761904 0.7881731305803571 0.9847935267857141
0 0.8038678850446429 0.28259858630952384 0.8343854631696429 0.2814360119047619 0.8343854631696429 0.9801432291666665 0.8021240234374999 0.9836309523809522
0 0.8370012555803571 0.2814360119047619 0.8727504185267857 0.28027343750000006 0.8805977957589285 0.9836309523809522 0.8422328404017857 0.9836309523809522
0 0.8727504185267857 0.2849237351190476 0.9023960658482143 0.28608630952380953 0.9154750279017857 0.9813058035714285 0.8788539341517857 0.9778180803571428
0 0.9006522042410715 0.28841145833333337 0.9398890904017857 0.28027343750000006 0.9520961216517857 0.9847935267857141 0.9137311662946429 0.987118675595238
0 0.9390171595982143 0.2814360119047619 0.9555838448660713 0.28027343750000006 0.9721505301339285 0.9801432291666665 0.9547119140624999 0.9847935267857141
