0 0.001691545758928631 0.23609561011904764 0.029593331473214357 0.24074590773809526 0.016514369419642905 0.8673735119047619 0.0 0.8706763857886903
0 0.037440708705357206 0.23260788690476195 0.07667759486607145 0.23377046130952384 0.057495117187500056 0.8685360863095237 0.01738630022321433 0.8638857886904762
0 0.07929338727678575 0.23260788690476195 0.12201799665178575 0.23260788690476195 0.10109165736607145 0.8708612351190474 0.055751255580357206 0.8720238095238094
0 0.12463378906250006 0.2535342261904762 0.1507917131696429 0.2535342261904762 0.1385846819196429 0.8755115327380952 0.0993477957589286 0.8755115327380952
0 0.1542794363839286 0.25818452380952384 0.17694963727678575 0.2512090773809524 0.1691022600446429 0.8766741071428571 0.1350969587053572 0.8755115327380952
0 0.1786934988839286 0.12448846726190481 0.24147251674107145 0.12797619047619052 0.22229003906250006 0.8859747023809522 0.16735839843750006 0.8766741071428571
0 0.24496023995535715 0.1256510416666667 0.3138427734375 0.12100074404761908 0.2929164341517857 0.9115513392857141 0.22839355468750006 0.8964378720238094
0 0.3164585658482143 0.13378906250000003 0.3609270368303572 0.13030133928571433 0.3548235212053572 0.8859747023809522 0.2955322265625 0.8859747023809522
0 0.3766217912946429 0.12216331845238099 0.4271937779017857 0.11635044642857147 0.4053955078125 0.8964378720238094 0.3556954520089286 0.8941127232142856
0 0.4237060546875 0.28376116071428575 0.4673025948660714 0.29073660714285715 0.4542236328125 0.8871372767857141 0.4097551618303572 0.8917875744047619
0 0.4673025948660714 0.21981956845238096 0.5047956194196429 0.2221447172619048 0.4908447265625 0.8941127232142856 0.4524797712053572 0.8906249999999999
0 0.5100272042410714 0.2221447172619048 0.5396728515625 0.21865699404761907 0.5300816127232143 0.9010881696428571 0.4925885881696429 0.8999255952380952
0 0.5510079520089286 0.20935639880952384 0.5867571149553571 0.21284412202380956 0.5780378069196429 0.8987630208333331 0.5379289899553571 0.8952752976190474
0 0.5902448381696429 0.2221447172619048 0.6251220703125 0.21516927083333337 0.6181466238839286 0.8906249999999999 0.5762939453125 0.8917875744047619
0 0.6390729631696429 0.1268136160714286 0.6661028180803571 0.1268136160714286 0.6512799944196429 0.8976004464285713 0.6198904854910714 0.8929501488095237
0 0.6739501953125 0.13262648809523814 0.7053397042410714 0.1291387648809524 0.6922607421875 0.8906249999999999 0.6547677176339286 0.8906249999999999
0 0.7105712890625 0.1256510416666667 0.7437046595982143 0.1291387648809524 0.7306256975446428 0.9010881696428571 0.6905168805803571 0.8882998511904762
0 0.7593994140625 0.11983816964285719 0.7960205078124999 0.12448846726190481 0.7855573381696429 0.913876488095238 0.7376011439732143 0.9069010416666665
0 0.8134591238839285 0.1291387648809524 0.8622872488839285 0.13611421130952386 0.8483363560267857 0.9057384672619047 0.8021240234374999 0.9069010416666665
0 0.8657749720982143 0.11402529761904766 0.9250662667410715 0.11867559523809527 0.9111153738839285 0.9080636160714285 0.8579275948660715 0.9069010416666665
