0 0.001691545758928631 0.1977306547619048 0.031337193080357206 0.975492931547619 0.07842145647321436 0.9789806547619047 0.060982840401785754 0.2000558035714286
0 0.06621442522321436 0.2023809523809524 0.08539690290178575 0.9859561011904762 0.13771275111607145 0.987118675595238 0.1202741350446429 0.1988932291666667
0 0.12463378906250006 0.16634114583333337 0.14556012834821436 0.9859561011904762 0.1874128069196429 0.9859561011904762 0.17084612165178575 0.17099144345238101
0 0.1839250837053572 0.16634114583333337 0.1900285993303572 0.9940941220238094 0.23885672433035715 0.9996744791666666 0.2327532087053572 0.1698288690476191
0 0.24147251674107145 0.17796688988095244 0.23885672433035715 0.9952566964285713 0.2850690569196429 0.9964192708333331 0.2885567801339286 0.17912946428571433
0 0.2964041573660715 0.17796688988095244 0.28507226345442266 0.9996744791666666 0.3286655970982143 0.9987444196428571 0.3434884207589286 0.17796688988095244
0 0.3478480747767857 0.18261718750000003 0.3286655970982143 0.9940941220238094 0.3649379185267859 0.9996744791666666 0.3949323381696429 0.18261718750000003
0 0.3992919921875 0.007068452380952428 0.3661586216517857 0.9731677827380952 0.3862130301339286 0.9743303571428571 0.4219621930803572 0.00474330357142862
0 0.4271937779017857 0.003580729166666715 0.3923165457589286 0.9987444196428571 0.4097551618303572 0.9987444196428571 0.4507359095982143 0.007068452380952428
0 0.4472481863839286 0.122163318452381 0.4106270926339286 0.9952566964285713 0.4394008091517857 0.9952566964285713 0.4760219029017857 0.12100074404761907
0 0.4777657645089286 0.12100074404761907 0.4412027226908969 0.9996744791666666 0.4629429408482143 0.9987444196428571 0.5013078962053572 0.122163318452381
0 0.5074114118303572 0.19540550595238101 0.4699183872767857 0.9917689732142856 0.5143868582589286 0.9952566964285713 0.5553676060267857 0.1988932291666667
0 0.5684465680803571 0.09542410714285716 0.5126429966517857 0.9952566964285713 0.5300816127232143 0.9940941220238094 0.5850132533482143 0.09309895833333337
0 0.5841413225446429 0.09658668154761907 0.5274658203125 0.9952566964285713 0.5446951729910715 0.9996744791666666 0.6068115234375 0.097749255952381
0 0.6085553850446429 0.09426153273809527 0.5510079520089286 0.9987444196428571 0.5719342912946455 0.9996744791666666 0.6364571707589286 0.09658668154761907
0 0.6294817243303571 0.22795758928571433 0.5808148934369637 0.9996744791666664 0.6198904854910714 0.9987444196428571 0.6687186104910714 0.23144531250000003
0 0.6739501953125 0.23260788690476195 0.6164027622767857 0.9975818452380952 0.6460484095982143 0.9964192708333331 0.7027239118303571 0.23377046130952384
0 0.6913888113839286 0.40350632440476186 0.6573835100446429 0.9940941220238094 0.6774379185267857 0.9952566964285713 0.7140590122767857 0.40583147321428564
0 0.7166748046875 0.40815662202380953 0.6826695033482143 0.9906063988095237 0.7053397042410714 0.9917689732142856 0.7393450055803571 0.4069940476190476
0 0.7541678292410714 0.13030133928571433 0.7096993582589286 0.9940941220238094 0.7376011439732143 0.9952566964285713 0.7777099609374999 0.1268136160714286
0 0.7881731305803571 0.1279761904761905 0.7349853515625 0.9906063988095237 0.7576555524553571 0.9940941220238094 0.8099714006696429 0.13030133928571433
0 0.8213065011160715 0.10007440476190481 0.7585274832589286 0.9964192708333331 0.7853829520089296 0.9996744791666666 0.8492082868303571 0.10704985119047623
0 0.8474644252232143 0.1047247023809524 0.7864292689732143 0.9906063988095237 0.8160749162946429 0.9952566964285713 0.8788539341517857 0.10821242559523814
0 0.8980364118303571 0.017531622023809573 0.8160749162946429 0.9906063988095237 0.8370012555803571 0.9964192708333331 0.9189627511160715 0.01985677083333338
0 0.9302978515624999 0.023344494047619093 0.8387451171874999 0.9940941220238094 0.8579275948660715 0.9975818452380952 0.9512241908482143 0.023344494047619093
0 0.9564557756696429 0.018694196428571477 0.8587995256696429 0.9975818452380952 0.8762381417410715 0.9996744791666666 0.9721505301339285 0.01985677083333338
0 0.9756382533482143 0.023344494047619093 0.8797258649553571 0.9929315476190476 0.8962925502232143 0.9952566964285713 0.9887172154017857 0.03031994047619052
0 0.9956926618303571 0.1268136160714286 0.8910609654017857 0.9929315476190476 0.9093715122767857 0.9940941220238094 0.9965645926339285 0.30701264880952384
