0 0.01825823102678578 0.2233072916666667 0.05836704799107151 0.21865699404761907 0.028721400669642905 0.9464285714285713 0.001691545758928631 0.951078869047619
0 0.06621442522321436 0.21981956845238096 0.10021972656250006 0.21981956845238096 0.07842145647321436 0.9522414434523808 0.0322091238839286 0.9452659970238094
0 0.11591448102678575 0.2779482886904762 0.1725899832589286 0.2779482886904762 0.1359688895089286 0.9487537202380952 0.0836530412946429 0.9464285714285713
0 0.1656145368303572 0.3244512648809524 0.16823032924107145 0.32561383928571436 0.21357073102678575 0.3232886904761905 0.1847970145089286 0.9313151041666665 0.14032854352678575 0.9417782738095237
0 0.22839355468750006 0.3023623511904762 0.2780936104910715 0.3023623511904762 0.2362409319196429 0.9487537202380952 0.19177246093750006 0.9406156994047619
0 0.2824532645089286 0.3139880952380953 0.3556954520089286 0.31050037202380953 0.3120989118303572 0.938290550595238 0.23798479352678575 0.9464285714285713
0 0.3792375837053572 0.19424293154761907 0.4472481863839286 0.19540550595238096 0.3853410993303572 0.938290550595238 0.3164585658482143 0.9336402529761904
0 0.4455043247767857 0.23725818452380956 0.4786376953125 0.23493303571428573 0.4210902622767857 0.9394531249999999 0.3844691685267857 0.9324776785714285
0 0.4917166573660714 0.23028273809523814 0.5326974051339286 0.23725818452380956 0.4664306640625 0.9487537202380952 0.4210902622767857 0.9452659970238094
0 0.5361851283482143 0.21400669642857148 0.6007080078125 0.2233072916666667 0.5274658203125 0.9441034226190474 0.4699183872767857 0.938290550595238
0 0.6050676618303571 0.21516927083333337 0.6634870256696429 0.2209821428571429 0.5902448381696429 0.9487537202380952 0.5335693359375 0.9359654017857141
0 0.6687186104910714 0.28841145833333337 0.7009800502232143 0.29073660714285715 0.6303536551339286 0.9429408482142856 0.6033238002232143 0.9417782738095237
0 0.7201625279017857 0.2267950148809524 0.7550397600446428 0.23028273809523814 0.6695905412946429 0.9464285714285713 0.6347133091517857 0.9336402529761904
0 0.7593994140625 0.19540550595238096 0.8134591238839285 0.21051897321428573 0.7210344587053571 0.951078869047619 0.6722063337053571 0.9359654017857141
0 0.8073556082589285 0.26748511904761907 0.8544398716517857 0.26981026785714285 0.7559116908482143 0.9452659970238094 0.7253941127232143 0.926664806547619
0 0.8544398716517857 0.28608630952380953 0.8788539341517857 0.2953869047619048 0.7968924386160715 0.9359654017857141 0.7655029296875 0.9243396577380952
0 0.8849574497767857 0.26167224702380953 0.9459926060267857 0.2744605654761905 0.8605433872767857 0.9475911458333331 0.7934047154017857 0.9173642113095237
