0 0.008666992187500056 9.300595238099947e-05 0.0984758649553572 0.962704613095238 0.08190917968750006 0.9661923363095237 0.0008196149553572063 0.11518787202380958 0.006748402485994464 -1.850371707708594e-17
0 0.00953892299107148 0.002418154761904809 0.0383126395089286 0.0012555803571429047 0.11940220424107145 0.9661923363095237 0.10109165736607145 0.975492931547619
0 0.0444161551339286 0.10937500000000004 0.08801269531250006 0.11286272321428575 0.15863909040178575 0.9801432291666665 0.1202741350446429 0.9847935267857141
0 0.0871407645089286 0.11402529761904766 0.1263776506696429 0.11635044642857147 0.1961321149553572 0.9847935267857141 0.1629987444196429 0.9847935267857141
0 0.1359688895089286 0.12100074404761908 0.18915666852678575 0.1256510416666667 0.2423444475446429 0.9824683779761904 0.20136369977678575 0.9906063988095237
0 0.20485142299107145 0.24307105654761907 0.25629534040178575 0.24307105654761907 0.2911725725446429 0.9708426339285713 0.25106375558035715 0.9766555059523808
0 0.2545514787946429 0.24423363095238096 0.2972760881696429 0.2512090773809524 0.3277936662946429 0.9708426339285713 0.2920445033482143 0.975492931547619
0 0.2955322265625 0.24539620535714288 0.3347691127232143 0.24423363095238096 0.3661586216517857 0.9603794642857141 0.3269217354910715 0.9685174851190474
0 0.3434884207589286 0.25934709821428575 0.3818533761160714 0.2523716517857143 0.4053955078125 0.962704613095238 0.3705182756696429 0.9615420386904762
0 0.3827253069196429 0.2570219494047619 0.4149867466517857 0.26399739583333337 0.4315534319196429 0.962704613095238 0.4071393694196429 0.9603794642857141
0 0.4176025390625 0.005905877976190524 0.4367850167410714 0.009393601190476239 0.4577113560267857 0.9615420386904762 0.4376569475446429 0.9661923363095237
0 0.4455043247767857 0.021019345238095285 0.4646868024553572 0.02683221726190481 0.4742780412946429 0.938290550595238 0.4550955636160714 0.951078869047619
0 0.4690464564732143 0.014043898809523855 0.4891008649553572 0.012881324404761951 0.4873570033482143 0.9603794642857141 0.4725341796875 0.9592168898809522
0 0.4934605189732143 0.23028273809523814 0.5265938895089286 0.2267950148809524 0.5213623046875 0.9685174851190474 0.4917166573660714 0.9673549107142856
0 0.5300816127232143 0.023344494047619093 0.5544956752232143 0.01520647321428576 0.5422886439732143 0.9661923363095237 0.5248500279017857 0.9650297619047619
0 0.5579833984375 0.012881324404761951 0.5797816685267857 0.014043898809523855 0.5658307756696429 0.9720052083333331 0.5422886439732143 0.9696800595238094
0 0.5815255301339286 0.02683221726190481 0.6007080078125 0.0256696428571429 0.5823974609375 0.9592168898809522 0.5640869140625 0.9580543154761904
0 0.6033238002232143 0.0256696428571429 0.6233782087053571 0.024507068452380997 0.6024518694196429 0.9580543154761904 0.5832693917410714 0.9545665922619047
0 0.6216343470982143 0.26981026785714285 0.6661028180803571 0.2732979910714286 0.6399448939732143 0.9615420386904762 0.6024518694196429 0.9592168898809522
0 0.6626150948660714 0.2732979910714286 0.7027239118303571 0.2756231398809524 0.6722063337053571 0.9720052083333331 0.6460484095982143 0.9708426339285713
0 0.7088274274553571 0.2756231398809524 0.7498081752232143 0.2721354166666667 0.7088274274553571 0.9824683779761904 0.6730782645089286 0.9720052083333331
0 0.7515520368303571 0.27911086309523814 0.7864292689732143 0.2721354166666667 0.7489362444196428 0.9824683779761904 0.7096993582589286 0.975492931547619
0 0.7942766462053571 0.26632254464285715 0.8361293247767857 0.2721354166666667 0.7803257533482143 0.9778180803571428 0.7480643136160714 0.9801432291666665
0 0.8300258091517857 0.268647693452381 0.8701346261160715 0.268647693452381 0.8160749162946429 0.9661923363095237 0.7785818917410715 0.9708426339285713
0 0.8779820033482143 0.2465587797619048 0.9093715122767857 0.2535342261904762 0.8370012555803571 0.9720052083333331 0.8064836774553571 0.9720052083333331
0 0.9067557198660715 0.2488839285714286 0.9337855747767857 0.2488839285714286 0.8596714564732143 0.9661923363095237 0.8308977399553571 0.9708426339285713
0 0.9189627511160715 0.3779296875 0.9494803292410713 0.37444196428571436 0.8910609654017857 0.9731677827380952 0.8587995256696429 0.9673549107142856
0 0.9555838448660713 0.3779296875 0.9852294921874999 0.3756045386904762 0.9180908203124999 0.9603794642857141 0.8893171037946429 0.9708426339285713
