0 0.016514369419642905 0.2756231398809524 0.11853027343750006 0.9045758928571428 0.1725899832589286 0.9010881696428571 0.0871407645089286 0.2698102678571429
0 0.08888462611607145 0.2535342261904762 0.18043736049107145 0.8987630208333334 0.21967424665178575 0.9034133184523809 0.1446881975446429 0.2453962053571429
0 0.13945661272321436 0.1698288690476191 0.2240339006696429 0.9034133184523809 0.2606549944196429 0.9045758928571428 0.18654087611607145 0.16285342261904767
0 0.18566894531250006 0.13727678571428573 0.2676304408482143 0.9092261904761904 0.2903006417410715 0.9115513392857143 0.2118268694196429 0.13378906250000003
0 0.2275216238839286 0.18029203869047625 0.3007638113839286 0.9103887648809522 0.3556954520089286 0.913876488095238 0.2990199497767857 0.1768043154761905
0 0.3086111886160715 0.18843005952380956 0.3713902064732143 0.9115513392857143 0.4315534319196429 0.9231770833333334 0.3931884765625 0.17796688988095244
0 0.3940604073660714 0.18494233630952384 0.4376569475446429 0.9185267857142856 0.4812534877232143 0.9220145089285713 0.4516078404017857 0.18145461309523814
0 0.4611990792410714 0.14541480654761907 0.4856131417410714 0.9243396577380952 0.5257219587053572 0.926664806547619 0.5082833426339286 0.14308965773809526
0 0.5178745814732143 0.24307105654761907 0.5353131975446429 0.9162016369047619 0.5745500837053571 0.9162016369047619 0.5623430524553571 0.23493303571428573
0 0.5754220145089286 0.1477399553571429 0.5850132533482143 0.9220145089285713 0.6259940011160714 0.9289899553571428 0.6259940011160714 0.1477399553571429
0 0.6399448939732143 0.26399739583333337 0.6312255859375 0.9313151041666666 0.6739501953125 0.9313151041666666 0.6861572265625 0.26283482142857145
0 0.6974923270089286 0.1512276785714286 0.6817975725446429 0.9289899553571428 0.7437046595982143 0.939453125 0.7689906529017857 0.1477399553571429
0 0.7986363002232143 0.1500651041666667 0.7454485212053571 0.9475911458333334 0.8090994698660715 0.9568917410714285 0.8736223493303571 0.14657738095238096
0 0.8814697265624999 0.1535528273809524 0.8108433314732143 0.9522414434523809 0.8736223493303571 0.9592168898809522 0.9581996372767857 0.15704055059523814
0 0.9773821149553571 0.16401599702380956 0.8771100725446429 0.9557291666666666 0.9398890904017857 0.9661923363095237 0.999755859375 0.5601394684912017 0.999755859375 0.16401599702380956
