0 0.029593331473214357 0.2244698660714286 0.07842145647321436 0.9103887648809522 0.1420724051339286 0.9103887648809522 0.1019635881696429 0.2209821428571429
0 0.10283551897321436 0.1965680803571429 0.1446881975446429 0.9150390625 0.19264439174107145 0.9243396577380952 0.15602329799107145 0.2023809523809524
0 0.15863909040178575 0.11867559523809527 0.19874790736607145 0.9220145089285713 0.2397286551339286 0.9208519345238094 0.2031075613839286 0.11867559523809527
0 0.20485142299107145 0.09193638392857147 0.24147251674107145 0.9289899553571428 0.27460588727678575 0.9243396577380952 0.23449707031250006 0.08961123511904767
0 0.2432163783482143 0.14076450892857148 0.2789655412946429 0.9359654017857143 0.3382568359375 0.9348028273809522 0.3190743582589286 0.13611421130952384
0 0.3234340122767857 0.14192708333333337 0.3487200055803572 0.9324776785714285 0.4158586774553572 0.9441034226190476 0.4080113002232143 0.13727678571428573
0 0.4149867466517857 0.14657738095238096 0.4289376395089286 0.9464285714285713 0.4742780412946429 0.9499162946428571 0.4646868024553572 0.14425223214285718
0 0.4707903180803572 0.10704985119047623 0.4795096261160714 0.9545665922619047 0.5239780970982143 0.9545665922619047 0.5196184430803572 0.1023995535714286
0 0.5309535435267857 0.20354352678571433 0.5318254743303571 0.9464285714285713 0.5789097377232143 0.9534040178571428 0.5780378069196429 0.1977306547619048
0 0.5876290457589286 0.11518787202380958 0.5850132533482143 0.9580543154761904 0.6312255859375 0.9603794642857143 0.6373291015625 0.11170014880952384
0 0.6469203404017857 0.23493303571428573 0.6364571707589286 0.9580543154761904 0.6826695033482143 0.962704613095238 0.6966203962053571 0.23493303571428573
0 0.7062116350446428 0.1233258928571429 0.6922607421875 0.9778180803571428 0.7541678292410714 0.9789806547619047 0.7794538225446429 0.11518787202380958
0 0.8134591238839285 0.11402529761904767 0.7628871372767857 0.9847935267857143 0.8291538783482143 0.9917689732142856 0.8788539341517857 0.12100074404761907
0 0.8936767578124999 0.1279761904761905 0.8326416015624999 0.9940941220238094 0.8980364118303571 0.9975818452380952 0.9634312220982143 0.11983816964285716
0 0.9808698381696429 0.1291387648809524 0.9084995814732143 0.9906063988095237 0.9782540457589285 0.9975818452380952 0.9965645926339285 0.7476283482142857 0.9991803850446429 0.1233258928571429
