0 0.001691545758928631 0.1965680803571429 0.013026646205357206 0.19308035714285718 0.0862688337053572 0.8987630208333334 0.0566231863839286 0.9092261904761904 0.0 0.3544830890916144 0.0 0.20470610119047625
0 0.03395298549107151 0.21051897321428573 0.1019635881696429 0.8976004464285713 0.13771275111607145 0.8941127232142856 0.057495117187500056 0.21051897321428573
0 0.0688302176339286 0.13727678571428573 0.1664864676339286 0.9034133184523809 0.19874790736607145 0.8964378720238094 0.1019635881696429 0.1233258928571429
0 0.1228899274553572 0.19075520833333337 0.21357073102678575 0.8987630208333334 0.2554234095982143 0.8929501488095237 0.1577671595982143 0.18494233630952384
0 0.16735839843750006 0.2023809523809524 0.25978306361607145 0.902250744047619 0.2972760881696429 0.8929501488095237 0.19787597656250006 0.19075520833333337
0 0.19264439174107145 0.11286272321428574 0.3077392578125 0.9057384672619047 0.3216901506696429 0.8976004464285713 0.20397949218750006 0.10704985119047623
0 0.2126988002232143 0.11402529761904767 0.3234340122767857 0.8987630208333334 0.3408726283482143 0.8929501488095237 0.22229003906250006 0.10821242559523814
0 0.2371128627232143 0.09077380952380958 0.3400006975446429 0.8569103422619047 0.3522077287946429 0.853422619047619 0.2458321707589286 0.08379836309523814
0 0.2763497488839286 0.2256324404761905 0.3635428292410714 0.8871372767857143 0.4019077845982143 0.8789992559523809 0.3155866350446429 0.21168154761904767
0 0.3216901506696429 0.21284412202380956 0.4062674386160714 0.889462425595238 0.4455043247767857 0.8848121279761904 0.3495919363839286 0.2012183779761905
0 0.3609270368303572 0.21400669642857148 0.4455043247767857 0.8882998511904762 0.4821254185267857 0.8836495535714285 0.3923165457589286 0.20703125000000003
0 0.4001639229910714 0.21633184523809526 0.4864850725446429 0.8917875744047619 0.5274658203125 0.8813244047619047 0.4332972935267857 0.20703125000000003
0 0.4481201171875 0.21633184523809526 0.5300816127232143 0.8941127232142856 0.5745500837053571 0.8859747023809522 0.4864850725446429 0.20586867559523814
0 0.4978201729910714 0.21516927083333337 0.5806535993303571 0.889462425595238 0.6225062779017857 0.8859747023809522 0.5388009207589286 0.20819382440476195
0 0.5466482979910714 0.21400669642857148 0.6294817243303571 0.8871372767857143 0.6591273716517857 0.8882998511904762 0.5762939453125 0.20703125000000003
0 0.5867571149553571 0.20819382440476195 0.6643589564732143 0.8929501488095237 0.6983642578125 0.889462425595238 0.6207624162946429 0.20354352678571433
0 0.6233782087053571 0.1233258928571429 0.7001081194196428 0.8941127232142856 0.7149309430803571 0.889462425595238 0.6416887555803571 0.11983816964285716
0 0.6582554408482143 0.11518787202380958 0.7175467354910714 0.8999255952380952 0.7349853515625 0.9010881696428571 0.6774379185267857 0.11053757440476193
0 0.6966203962053571 0.10007440476190481 0.7376011439732143 0.9080636160714285 0.7567836216517857 0.9057384672619047 0.7114432198660714 0.09658668154761907
0 0.7332414899553571 0.18843005952380956 0.7672467912946428 0.9092261904761904 0.8195626395089285 0.9080636160714285 0.7803257533482143 0.18377976190476195
0 0.7995082310267857 0.18610491071428573 0.8282819475446429 0.9185267857142856 0.8875732421874999 0.9150390625 0.8526960100446429 0.18494233630952384
0 0.8622872488839285 0.19308035714285718 0.8884451729910715 0.9127139136904762 0.9364013671874999 0.9103887648809522 0.9128592354910715 0.18494233630952384
0 0.9172188895089285 0.2000558035714286 0.9398890904017857 0.913876488095238 0.9939488002232143 0.9069010416666666 0.9616873604910713 0.1977306547619048
