0 0.0322091238839286 0.005905877976190524 0.11504255022321436 0.9720052083333334 0.15602329799107145 0.9661923363095237 0.07850726620181583 0.0
0 0.08801269531250006 0.007068452380952428 0.16474260602678575 0.9650297619047619 0.2083391462053572 0.9615420386904762 0.1324811662946429 0.00474330357142862
0 0.14381626674107145 0.13378906250000003 0.20746721540178575 0.9638671875 0.2484479631696429 0.9592168898809522 0.19264439174107145 0.13495163690476195
0 0.1961321149553572 0.1477399553571429 0.2493198939732143 0.9580543154761904 0.2929164341517857 0.951078869047619 0.24496023995535715 0.14541480654761907
0 0.23536900111607145 0.005905877976190524 0.3016357421875 0.9615420386904762 0.3417445591517857 0.9580543154761904 0.2850690569196429 0.002418154761904809
0 0.2911725725446429 0.003580729166666715 0.3565673828125 0.9603794642857143 0.3949323381696429 0.9615420386904762 0.3400006975446429 9.300595238100062e-05
0 0.3522077287946429 0.16052827380952384 0.4149867466517857 0.9487537202380952 0.4655587332589286 0.9452659970238094 0.4184744698660714 0.15936569940476195
0 0.4237060546875 0.18726748511904767 0.4768938337053572 0.9603794642857143 0.5353131975446429 0.9522414434523809 0.4908447265625 0.17912946428571433
0 0.4943324497767857 0.18145461309523814 0.5396728515625 0.9615420386904762 0.5789097377232143 0.951078869047619 0.5353131975446429 0.1744791666666667
0 0.5422886439732143 0.19308035714285718 0.5806535993303571 0.9545665922619047 0.6164027622767857 0.9580543154761904 0.5858851841517857 0.18610491071428573
0 0.5841413225446429 0.008231026785714335 0.6242501395089286 0.9580543154761904 0.6905168805803571 0.9592168898809522 0.6634870256696429 9.300595238100062e-05
0 0.6704624720982143 0.12448846726190481 0.6870291573660714 0.9557291666666666 0.7262660435267857 0.9534040178571428 0.7088274274553571 0.11983816964285716
0 0.7105712890625 0.2477213541666667 0.7253941127232143 0.9348028273809522 0.7576555524553571 0.9313151041666666 0.7428327287946428 0.23958333333333337
0 0.7445765904017857 0.2488839285714286 0.7576555524553571 0.9417782738095237 0.7934047154017857 0.939453125 0.7829415457589285 0.23725818452380956
0 0.7934047154017857 0.1500651041666667 0.7960205078124999 0.9429408482142856 0.8378731863839285 0.9429408482142856 0.8413609095982143 0.14425223214285718
0 0.8509521484374999 0.1489025297619048 0.8361293247767857 0.9289899553571428 0.8640311104910715 0.926664806547619 0.8945486886160715 0.14541480654761907
0 0.9302978515624999 0.02218191964285719 0.9067557198660715 0.951078869047619 0.9259381975446429 0.9464285714285713 0.9503522600446429 0.023344494047619093
0 0.9529680524553571 0.027994791666666713 0.9294259207589285 0.9580543154761904 0.9442487444196429 0.9499162946428571 0.9704066685267857 0.02683221726190481
0 0.9817417689732143 0.03497023809523814 0.9459926060267857 0.9522414434523809 0.9773821149553571 0.9499162946428571 0.999755859375 0.31792706955467015 0.999755859375 0.031482514880952425
