0 0.00343540736607148 0.2000558035714286 0.0025634765625000555 0.4244326636904762 0.059238978794642905 0.9534040178571428 0.10981096540178575 0.9534040178571428 0.04180036272321436 0.1977306547619048
0 0.047031947544642905 0.09193638392857147 0.11591448102678575 0.9499162946428571 0.16125488281250006 0.9522414434523809 0.0993477957589286 0.08844866071428574
0 0.12114606584821436 0.08961123511904767 0.17346191406250006 0.9557291666666666 0.21705845424107145 0.9522414434523809 0.17346191406250006 0.09077380952380958
0 0.18566894531250006 0.09426153273809527 0.22229003906250006 0.9487537202380952 0.26327078683035715 0.9475911458333334 0.2371128627232143 0.09309895833333337
0 0.24496023995535715 0.09426153273809527 0.2667585100446429 0.9650297619047619 0.3077392578125 0.9685174851190476 0.2955322265625 0.08728608630952384
0 0.3086111886160715 0.07914806547619051 0.3112269810267857 0.9661923363095237 0.3574393136160715 0.9650297619047619 0.3600551060267857 0.07914806547619051
0 0.3661586216517857 0.07914806547619051 0.3617989676339286 0.9592168898809522 0.4019077845982143 0.9661923363095237 0.4158586774553572 0.07798549107142862
0 0.4245779854910714 0.08031063988095243 0.4027797154017857 0.975492931547619 0.4463762555803572 0.9789806547619047 0.4725341796875 0.08379836309523814
0 0.4812534877232143 0.07682291666666671 0.4489920479910714 0.9778180803571428 0.4952043805803572 0.9813058035714285 0.5361851283482143 0.07449776785714289
0 0.5335693359375 0.30817522321428575 0.5030517578125 0.9789806547619047 0.5326974051339286 0.9789806547619047 0.5640869140625 0.3093377976190476
0 0.5728062220982143 0.3139880952380953 0.5370570591517857 0.9813058035714285 0.5667027064732143 0.9813058035714285 0.6033238002232143 0.31166294642857145
0 0.6329694475446429 0.05240885416666671 0.5806535993303571 0.9766555059523809 0.6940046037946429 0.9778180803571428 0.7646309988839286 0.061709449404761946
0 0.7777099609374999 0.058221726190476226 0.7018519810267857 0.9743303571428571 0.8090994698660715 0.9847935267857143 0.9137311662946429 0.06635974702380956
