0 0.0008196149553572063 0.14076450892857148 0.07057407924107145 0.9010881696428571 0.10109165736607145 0.8976004464285713 0.022617885044642905 0.14076450892857148
0 0.026977539062500056 0.14541480654761907 0.1045793805803572 0.9092261904761904 0.13160923549107145 0.9045758928571428 0.054879324776785754 0.13727678571428573
0 0.061854771205357206 0.14192708333333337 0.13335309709821436 0.913876488095238 0.15515136718750006 0.913876488095238 0.07929338727678575 0.14076450892857148
0 0.0801653180803572 0.13843936011904767 0.15515136718750006 0.9220145089285713 0.17433384486607145 0.9208519345238094 0.1080671037946429 0.13843936011904767
0 0.1115548270089286 0.1768043154761905 0.1778215680803572 0.9324776785714285 0.1996198381696429 0.9301525297619047 0.13684082031250006 0.1768043154761905
0 0.1420724051339286 0.1733165922619048 0.2022356305803572 0.9429408482142856 0.22577776227678575 0.939453125 0.1717180524553572 0.17099144345238101
0 0.17433384486607145 0.1756417410714286 0.22839355468750006 0.9452659970238094 0.25367954799107145 0.9475911458333334 0.2022356305803572 0.1698288690476191
0 0.19787597656250006 0.05589657738095242 0.25367954799107145 0.951078869047619 0.2789655412946429 0.9545665922619047 0.2301374162946429 0.05357142857142861
0 0.2301374162946429 0.048921130952380994 0.2780936104910715 0.9650297619047619 0.3120989118303572 0.9638671875 0.25978306361607145 0.04775855654761909
0 0.2946602957589286 0.06287202380952385 0.3225620814732143 0.9545665922619047 0.3600551060267857 0.9534040178571428 0.3225620814732143 0.05589657738095242
0 0.3330252511160715 0.05240885416666671 0.3626708984375 0.9534040178571428 0.3897007533482143 0.9568917410714285 0.3766217912946429 0.050083705357142905
0 0.3801095145089286 0.05589657738095242 0.3923165457589286 0.9708426339285713 0.4306815011160714 0.9720052083333334 0.4176025390625 0.05589657738095242
0 0.4245779854910714 0.05357142857142861 0.4306815011160714 0.9731677827380952 0.4620710100446429 0.9743303571428571 0.4655587332589286 0.058221726190476226
0 0.4707903180803572 0.17912946428571433 0.4655587332589286 0.9778180803571428 0.5108991350446429 0.9824683779761904 0.5196184430803572 0.18377976190476195
0 0.5318254743303571 0.18494233630952384 0.5135149274553572 0.987118675595238 0.5597272600446429 0.9859561011904762 0.5797816685267857 0.18726748511904767
0 0.5867571149553571 0.18726748511904767 0.5623430524553571 0.9813058035714285 0.5885009765625 0.9789806547619047 0.6172746930803571 0.18610491071428573
0 0.6164027622767857 0.18843005952380956 0.5902448381696429 0.9917689732142856 0.6181466238839286 0.9929315476190476 0.6521519252232143 0.18843005952380956
0 0.6599993024553571 0.073335193452381 0.6190185546875 0.9917689732142856 0.6390729631696429 0.9929315476190476 0.6791817801339286 0.07101004464285719
0 0.6809256417410714 0.0756603422619048 0.6408168247767857 0.9987444196428571 0.6565115792410714 0.9975818452380952 0.7001081194196428 0.07449776785714289
0 0.7158028738839286 0.05589657738095242 0.6591273716517857 0.9929315476190476 0.6835414341517857 0.9894438244047619 0.7367292131696428 0.05589657738095242
0 0.7454485212053571 0.06635974702380956 0.6844133649553571 0.9894438244047619 0.7088274274553571 0.9894438244047619 0.7698625837053571 0.06519717261904766
0 0.7733503069196428 0.04427083333333338 0.7105712890625 0.9964192708333331 0.7384730747767857 0.9975818452380952 0.8108433314732143 0.04543340773809528
0 0.8195626395089285 0.05705915178571433 0.7498081752232143 0.9929315476190476 0.7873011997767857 0.9952566964285713 0.8683907645089285 0.05357142857142861
0 0.8867013113839285 0.04775855654761909 0.7951485770089285 0.9987444196428571 0.8500802176339285 0.9975818452380952 0.9372732979910715 0.046595982142857185
0 0.9398890904017857 0.14308965773809526 0.8561837332589285 0.9975818452380952 0.9111153738839316 0.9996744791666666 0.9983084542410713 0.32445126488095244 0.9983084542410713 0.13843936011904767
