0 0.001691545758928631 0.41513206845238093 0.09673200334821436 0.8569103422619047 0.14032854352678575 0.8499348958333334 0.013026646205357206 0.17796688988095244 -1.734723475976807e-18 0.17883533296130957
0 0.01738630022321433 0.18610491071428573 0.14643205915178575 0.865048363095238 0.1961321149553572 0.8545851934523809 0.0775495256696429 0.18261718750000003
0 0.07929338727678575 0.19191778273809526 0.20136369977678575 0.8557477678571428 0.25106375558035715 0.8580729166666666 0.14381626674107145 0.18726748511904767
0 0.1577671595982143 0.1977306547619048 0.2519356863839286 0.8569103422619047 0.2955322265625 0.8557477678571428 0.1813092912946429 0.2012183779761905
0 0.16212681361607145 0.08147321428571433 0.3173304966517857 0.9220145089285713 0.3652866908482143 0.9231770833333334 0.2214181082589286 0.0756603422619048
0 0.23449707031250006 0.08379836309523814 0.3661586216517857 0.9231770833333334 0.4184744698660714 0.9255022321428571 0.2964041573660715 0.06635974702380956
0 0.3373849051339286 0.16750372023809526 0.4359130859375 0.8871372767857143 0.4751499720982143 0.8824869791666666 0.3818533761160714 0.15704055059523814
0 0.3870849609375 0.16169084821428578 0.4786376953125 0.8836495535714285 0.5178745814732143 0.8789992559523809 0.4376569475446429 0.1489025297619048
0 0.4542236328125 0.2012183779761905 0.5213623046875 0.8731863839285713 0.5736781529017857 0.8743489583333334 0.5082833426339286 0.19308035714285718
0 0.5213623046875 0.1988932291666667 0.5762939453125 0.8766741071428571 0.6198904854910714 0.8731863839285713 0.5823974609375 0.19075520833333337
0 0.5876290457589286 0.1477399553571429 0.6207624162946429 0.877836681547619 0.6434326171875 0.8743489583333334 0.6137869698660714 0.13960193452380956
0 0.6198904854910714 0.15704055059523814 0.6469203404017857 0.8731863839285713 0.6695905412946429 0.8731863839285713 0.6469203404017857 0.1535528273809524
0 0.6538957868303571 0.15704055059523814 0.6722063337053571 0.8836495535714285 0.6948765345982143 0.8766741071428571 0.6879010881696429 0.1535528273809524
0 0.7009800502232143 0.17099144345238101 0.7009800502232143 0.8801618303571428 0.7262660435267857 0.8813244047619047 0.7332414899553571 0.16634114583333337
0 0.7445765904017857 0.2814360119047619 0.7349853515625 0.9162016369047619 0.7707345145089286 0.9103887648809522 0.7838134765624999 0.2767857142857143
0 0.8169468470982143 0.06519717261904766 0.7768380301339286 0.938290550595238 0.8526960100446429 0.9441034226190476 0.9058837890624999 0.058221726190476226
