0 0.001691545758928631 0.20935639880952384 0.039184570312500056 0.21051897321428573 0.1289934430803572 0.962704613095238 0.0862688337053572 0.9731677827380952
0 0.047031947544642905 0.21284412202380956 0.0836530412946429 0.21284412202380956 0.1717180524553572 0.9545665922619047 0.1324811662946429 0.9673549107142856
0 0.0923723493303572 0.21400669642857148 0.1298653738839286 0.21400669642857148 0.2022356305803572 0.9731677827380952 0.1752057756696429 0.9603794642857141
0 0.1446881975446429 0.20819382440476195 0.17956542968750006 0.20586867559523814 0.2432163783482143 0.9685174851190474 0.20485142299107145 0.9615420386904762
0 0.18043736049107145 0.2035435267857143 0.2275216238839286 0.2023809523809524 0.2911725725446429 0.9557291666666665 0.2458321707589286 0.9743303571428571
0 0.23188127790178575 0.20935639880952384 0.2885567801339286 0.2012183779761905 0.3234340122767857 0.9708426339285713 0.2850690569196429 0.9720052083333331
0 0.2868129185267857 0.1977306547619048 0.3260498046875 0.1988932291666667 0.3644147600446429 0.9592168898809522 0.3225620814732143 0.9650297619047619
0 0.3373849051339286 0.28724888392857145 0.3713902064732143 0.28841145833333337 0.4071393694196429 0.9673549107142856 0.3740059988839286 0.9592168898809522
0 0.3827253069196429 0.29422433035714285 0.4254499162946429 0.28841145833333337 0.4481201171875 0.962704613095238 0.4088832310267857 0.9650297619047619 0.3827253069196429 0.3058500744047619
0 0.4332972935267857 0.28724888392857145 0.4734061104910714 0.2849237351190476 0.4864850725446429 0.9661923363095237 0.4385288783482143 0.9603794642857141 0.4219621930803572 0.2709728422619048
0 0.4716622488839286 0.2767857142857143 0.5257219587053572 0.28027343750000006 0.5248500279017857 0.9603794642857141 0.4856131417410714 0.962704613095238
0 0.5239780970982143 0.27911086309523814 0.5736781529017857 0.2732979910714286 0.5667027064732143 0.9545665922619047 0.5152587890625 0.9592168898809522
0 0.5789097377232143 0.16169084821428573 0.6225062779017857 0.16401599702380956 0.6207624162946429 0.9568917410714285 0.5736781529017857 0.9603794642857141
0 0.6338413783482143 0.17912946428571433 0.6931326729910714 0.1744791666666667 0.6783098493303571 0.9661923363095237 0.6181466238839286 0.962704613095238
0 0.7062116350446428 0.16634114583333337 0.7689906529017857 0.1721540178571429 0.7280099051339286 0.9731677827380952 0.6678466796875 0.9638671874999999
0 0.7794538225446429 0.16401599702380956 0.8352573939732143 0.16052827380952384 0.7890450613839285 0.9603794642857141 0.7393450055803571 0.962704613095238
0 0.8343854631696429 0.23958333333333337 0.8962925502232143 0.23260788690476195 0.8431047712053571 0.9603794642857141 0.7934047154017857 0.9685174851190474
0 0.9163469587053571 0.13378906250000003 0.9660470145089285 0.13960193452380956 0.8910609654017857 0.9743303571428571 0.8492082868303571 0.9592168898809522
0 0.9808698381696429 0.13262648809523814 0.9983084542410713 0.13378906250000003 0.999755859375 0.44449869791664937 0.9407610212053571 0.9603794642857141 0.8971644810267857 0.9650297619047619
