0 0.0010375976562499445 0.655300564236111 0.033589680989583315 0.8655327690972223 0.0020548502604166297 0.8655327690972223
0 2.034505208331483e-05 0.32842339409722227 0.07326253255208331 0.8736707899305557 0.03562418619791663 0.8723144531250001 0.003072102864583315 0.6458062065972222
0 2.034505208331483e-05 0.25653754340277773 0.031555175781249944 0.2511121961805555 0.11700439453124994 0.8682454427083335 0.07631429036458331 0.8763834635416669
0 0.036641438802083315 0.16159396701388887 0.07834879557291663 0.164306640625 0.16379801432291663 0.8641764322916669 0.12209065755208331 0.8723144531250001
0 0.08140055338541663 0.15345594618055555 0.12514241536458331 0.15616861979166666 0.19838460286458331 0.8736707899305557 0.16278076171874994 0.8682454427083335
0 0.14853922526041663 0.28095160590277773 0.18312581380208331 0.2850206163194444 0.23297119140624994 0.8682454427083335 0.20143636067708331 0.8790961371527778
0 0.18312581380208331 0.23212348090277776 0.22279866536458331 0.237548828125 0.2706095377604167 0.8709581163194445 0.23805745442708331 0.8736707899305557
0 0.23093668619791669 0.24026150173611108 0.2828165690104167 0.2429741753472222 0.3194376627604167 0.8750271267361112 0.2746785481770833 0.8750271267361112
0 0.2899373372395833 0.2782389322916667 0.3194376627604167 0.2850206163194444 0.3509724934895833 0.8777398003472223 0.32147216796874994 0.8763834635416669
0 0.3224894205729167 0.13446723090277776 0.3509724934895833 0.13853624131944442 0.38250732421874994 0.8750271267361112 0.3530069986979167 0.8831651475694445
0 0.3591105143229167 0.1331108940972222 0.3926798502604167 0.13989257812499997 0.40692138671874994 0.8804524739583335 0.3865763346354167 0.8777398003472223
0 0.3936971028645833 0.14396158854166666 0.46185302734374994 0.13582356770833331 0.4608357747395833 0.8885904947916669 0.4120076497395833 0.8845214843750001
0 0.47100830078124994 0.13989257812499997 0.53814697265625 0.14124891493055555 0.51983642578125 0.8926595052083335 0.46795654296874994 0.8926595052083335
0 0.5452677408854167 0.17922634548611108 0.5890096028645833 0.176513671875 0.5706990559895833 0.8831651475694445 0.5340779622395833 0.8872341579861112
0 0.59307861328125 0.16837565104166666 0.6337687174479167 0.16566297743055555 0.6103719075520833 0.8953721788194445 0.5737508138020833 0.8899468315972223
0 0.6347859700520833 0.14938693576388887 0.7192179361979167 0.15481228298611108 0.6683553059895833 0.8913031684027778 0.6103719075520833 0.894015842013889
0 0.73040771484375 0.15074327256944442 0.8107706705729167 0.152099609375 0.7405802408854167 0.9035101996527778 0.6795450846354167 0.8926595052083335
0 0.82806396484375 0.09784613715277775 0.87689208984375 0.10191514756944442 0.7934773763020835 0.9048665364583335 0.7466837565104167 0.8994411892361112
0 0.8819783528645835 0.1453179253472222 0.9389444986979167 0.14260525173611108 0.8392537434895835 0.9130045572916669 0.7924601236979167 0.9102918836805557
0 0.94097900390625 0.15616861979166666 0.99285888671875 0.15345594618055555 0.87994384765625 0.8899468315972223 0.84027099609375 0.8994411892361112
