0 0.0010375976562499445 0.735324435763889 0.03562418619791663 0.9387749565972223 0.0020548502604166297 0.9414876302083335
0 0.0010375976562499445 0.5657823350694444 0.06715901692708331 0.9387749565972223 0.036641438802083315 0.9387749565972223 0.0 0.7382112915752929
0 0.0010375976562499445 0.34198676215277773 0.10683186848958331 0.9347059461805557 0.06919352213541663 0.9401312934027778 0.0010375976562499445 0.552218967013889
0 0.003072102864583315 0.24433051215277776 0.034606933593749944 0.24433051215277776 0.14752197265624994 0.9265679253472223 0.10886637369791663 0.9333496093750001 0.0010375976562499445 0.335205078125
0 0.03562418619791663 0.237548828125 0.08241780598958331 0.23483615451388887 0.18312581380208331 0.9130045572916669 0.14752197265624994 0.9279242621527778
0 0.08445231119791663 0.22805447048611108 0.12310791015624994 0.22805447048611108 0.21771240234374994 0.9102918836805557 0.18007405598958331 0.9197862413194445
0 0.11700439453124994 0.13446723090277776 0.15464274088541663 0.13717990451388887 0.2502644856770833 0.9143608940972223 0.21771240234374994 0.9102918836805557
0 0.15972900390624994 0.13446723090277776 0.19533284505208331 0.13853624131944442 0.2828165690104167 0.9197862413194445 0.2522989908854167 0.9211425781250001
0 0.20753987630208331 0.2551812065972222 0.24110921223958331 0.2551812065972222 0.3163859049479167 0.9197862413194445 0.2807820638020833 0.9265679253472223
0 0.2533162434895833 0.347412109375 0.3021443684895833 0.3446994357638889 0.3540242513020833 0.918429904513889 0.3143513997395833 0.9211425781250001
0 0.2990926106770833 0.25653754340277773 0.3418172200520833 0.25653754340277773 0.38861083984374994 0.9075792100694445 0.3560587565104167 0.9102918836805557
0 0.3387654622395833 0.2782389322916667 0.3845418294270833 0.28095160590277773 0.43438720703124994 0.906222873263889 0.39166259765624994 0.9089355468750001
0 0.3936971028645833 0.2673882378472222 0.4333699544270833 0.25653754340277773 0.47711181640624994 0.8953721788194445 0.43133544921874994 0.9089355468750001
0 0.4384562174479167 0.12497287326388888 0.50152587890625 0.12361653645833331 0.53204345703125 0.8980848524305557 0.47711181640624994 0.8953721788194445
0 0.5116984049479167 0.10327148437499999 0.5706990559895833 0.10327148437499999 0.5859578450520833 0.8994411892361112 0.5361124674479167 0.8967285156250001
0 0.5768025716145833 0.13039822048611108 0.6164754231770833 0.13175455729166666 0.6215616861979167 0.8831651475694445 0.58697509765625 0.8926595052083335
0 0.6134236653645833 0.12632921006944442 0.65411376953125 0.12632921006944442 0.64495849609375 0.8804524739583335 0.62054443359375 0.8885904947916669
0 0.6520792643229167 0.12226019965277775 0.6887003580729167 0.12361653645833331 0.6703898111979167 0.8777398003472223 0.6469930013020833 0.8790961371527778
0 0.6927693684895833 0.12361653645833331 0.73956298828125 0.12090386284722221 0.72125244140625 0.8994411892361112 0.6714070638020833 0.8899468315972223
0 0.7477010091145835 0.12768554687499997 0.8056844075520835 0.11547851562499999 0.76397705078125 0.8736707899305557 0.72735595703125 0.8750271267361112 0.72735595703125 0.8777398003472223
0 0.8117879231770835 0.11412217881944442 0.8789265950520835 0.10734049479166664 0.82196044921875 0.8804524739583335 0.7680460611979167 0.8804524739583335
0 0.8809611002604167 0.10734049479166664 0.9552205403645835 0.10869683159722221 0.8758748372395835 0.8831651475694445 0.81890869140625 0.8804524739583335
0 0.9542032877604167 0.17380099826388887 0.99896240234375 0.16701931423611108 0.91961669921875 0.8723144531250001 0.8819783528645835 0.8777398003472223
