0 0.00343540736607148 0.30468750000000006 0.06359863281250006 0.8580729166666666 0.1019635881696429 0.8557477678571428 0.0383126395089286 0.2977120535714286
0 0.04180036272321436 0.30352492559523814 0.10109165736607145 0.8603980654761904 0.1289934430803572 0.8580729166666666 0.0775495256696429 0.2988746279761905
0 0.06970214843750006 0.20354352678571433 0.13422502790178575 0.8627232142857143 0.15863909040178575 0.8569103422619047 0.1054513113839286 0.2023809523809524
0 0.1115548270089286 0.20586867559523814 0.1638706752232143 0.8708612351190476 0.19787597656250006 0.8685360863095237 0.14381626674107145 0.2012183779761905
0 0.1507917131696429 0.20586867559523814 0.1996198381696429 0.8743489583333334 0.2275216238839286 0.8731863839285713 0.1813092912946429 0.2000558035714286
0 0.1821812220982143 0.2000558035714286 0.2266496930803572 0.8766741071428571 0.25629534040178575 0.8766741071428571 0.2144426618303572 0.2023809523809524
0 0.22316196986607145 0.28841145833333337 0.2580392020089286 0.8755115327380952 0.2964041573660715 0.8743489583333334 0.2676304408482143 0.28724888392857145
0 0.2676304408482143 0.20819382440476195 0.2990199497767857 0.8766741071428571 0.3434884207589286 0.8801618303571428 0.3199462890625 0.20586867559523814
0 0.3216901506696429 0.20703125000000003 0.3469761439732143 0.8755115327380952 0.3905726841517857 0.877836681547619 0.3748779296875 0.20586867559523814
0 0.3844691685267857 0.29073660714285715 0.3940604073660714 0.8766741071428571 0.4237060546875 0.8755115327380952 0.4210902622767857 0.2965494791666667
0 0.4254499162946429 0.20703125000000003 0.4306815011160714 0.8824869791666666 0.4664306640625 0.8813244047619047 0.4629429408482143 0.20586867559523814
0 0.4725341796875 0.18261718750000003 0.4655587332589286 0.8882998511904762 0.5021798270089286 0.8848121279761904 0.5065394810267857 0.18377976190476195
0 0.5126429966517857 0.2221447172619048 0.5056675502232143 0.8743489583333334 0.5388009207589286 0.8824869791666666 0.5553676060267857 0.21865699404761907
0 0.5588553292410714 0.21633184523809526 0.5414167131696429 0.8848121279761904 0.5789097377232143 0.8882998511904762 0.5980922154017857 0.21633184523809526
0 0.6155308314732143 0.18494233630952384 0.5832693917410714 0.8882998511904762 0.6329694475446429 0.8929501488095237 0.6748221261160714 0.18145461309523814
0 0.6774379185267857 0.29073660714285715 0.6329694475446429 0.8964378720238094 0.6704624720982143 0.8976004464285713 0.7088274274553571 0.2942243303571429
0 0.7201625279017857 0.2849237351190476 0.6661028180803571 0.8964378720238094 0.7035958426339286 0.9034133184523809 0.7576555524553571 0.28259858630952384
0 0.7646309988839286 0.28376116071428575 0.7053397042410714 0.9103887648809522 0.7428327287946428 0.9115513392857143 0.8056117466517857 0.28376116071428575
0 0.8230503627232143 0.1547154017857143 0.7454485212053571 0.902250744047619 0.7855573381696429 0.9103887648809522 0.8701346261160715 0.15587797619047625
0 0.8762381417410715 0.18843005952380956 0.7881731305803571 0.913876488095238 0.8352573939732143 0.9196893601190476 0.9259381975446429 0.1965680803571429
0 0.9398890904017857 0.18726748511904767 0.8387451171874999 0.9162016369047619 0.8840855189732143 0.9231770833333334 0.9956926618303571 0.18610491071428573
