0 0.00510660807291663 0.23347981770833334 0.021382649739583315 0.23483615451388887 0.01426188151041663 0.8899468315972223 0.0 0.8911353217230903 0.0020548502604166297 0.8899468315972223
0 0.022399902343749944 0.2185601128472222 0.058003743489583315 0.22805447048611108 0.04783121744791663 0.8899468315972223 0.019348144531249944 0.8899468315972223
0 0.055969238281249944 0.22262912326388887 0.08445231119791663 0.22941080729166666 0.07733154296874994 0.894015842013889 0.051900227864583315 0.8913031684027778
0 0.08750406901041663 0.14803059895833331 0.11090087890624994 0.14803059895833331 0.10072835286458331 0.9035101996527778 0.07834879557291663 0.8926595052083335
0 0.11293538411458331 0.14803059895833331 0.13836669921874994 0.14803059895833331 0.13226318359374994 0.9197862413194445 0.10174560546874994 0.9116482204861112
0 0.13328043619791663 0.23347981770833334 0.17295328776041663 0.237548828125 0.15159098307291663 0.9224989149305557 0.12717692057291663 0.9170735677083335
0 0.16074625651041663 0.322998046875 0.19838460286458331 0.3121473524305555 0.19635009765624994 0.9170735677083335 0.15159098307291663 0.9224989149305557
0 0.20753987630208331 0.249755859375 0.23195393880208331 0.249755859375 0.23195393880208331 0.9157172309027778 0.19431559244791663 0.9170735677083335
0 0.22991943359374994 0.2578938802083333 0.2767130533854167 0.2606065538194444 0.2716267903645833 0.9265679253472223 0.22991943359374994 0.9252115885416669
0 0.2838338216145833 0.24704318576388887 0.3235066731770833 0.24568684895833334 0.3174031575520833 0.930636935763889 0.2777303059895833 0.9292805989583335
0 0.32757568359374994 0.11683485243055554 0.37640380859374994 0.11140950520833331 0.37030029296874994 0.9496256510416669 0.3194376627604167 0.9414876302083335
0 0.3845418294270833 0.09513346354166664 0.43133544921874994 0.09377712673611109 0.4272664388020833 0.9509819878472223 0.3723347981770833 0.9536946614583335
0 0.4364217122395833 0.12090386284722221 0.4760945638020833 0.11683485243055554 0.47100830078124994 0.9618326822916669 0.42828369140624994 0.9659016927083335
0 0.4791463216145833 0.10598415798611109 0.5086466471354167 0.10734049479166664 0.4974568684895833 0.9726833767361112 0.4730428059895833 0.9699707031250001
0 0.5116984049479167 0.11140950520833331 0.5452677408854167 0.11005316840277775 0.5300089518229167 0.9726833767361112 0.5025431315104167 0.9726833767361112
0 0.55035400390625 0.09242078993055554 0.60223388671875 0.09377712673611109 0.58392333984375 0.9821777343750001 0.5310262044270833 0.979465060763889
0 0.6093546549479167 0.09784613715277775 0.6612345377604167 0.09784613715277775 0.64190673828125 0.9903157552083335 0.5890096028645833 0.9848904079861112
0 0.6703898111979167 0.09242078993055554 0.7324422200520835 0.08699544270833331 0.7131144205729167 0.9970974392361112 0.6483662923177107 0.9996744791666666
0 0.7466837565104167 0.07071940104166664 0.8199259440104167 0.06393771701388888 0.7863566080729167 0.9957411024305557 0.7171834309895833 0.9957411024305557
0 0.8290812174479167 0.14667426215277776 0.88604736328125 0.13582356770833331 0.8606200405342427 0.9996744791666666 0.79754638671875 0.9957411024305557
