0 2.034505208331483e-05 0.7393934461805557 0.025451660156249944 0.8790961371527778 0.003072102864583315 0.881808810763889
0 0.003072102864583315 0.36640082465277773 0.08241780598958331 0.8885904947916669 0.04477945963541663 0.894015842013889 0.003072102864583315 0.643093532986111
0 2.034505208331483e-05 0.7407497829861112 0.0040893554687499445 0.6485188802083334 0.042744954427083315 0.8926595052083335 0.025451660156249944 0.8899468315972223
0 0.0020548502604166297 0.3216417100694444 0.043762207031249944 0.3189290364583333 0.12514241536458331 0.8980848524305557 0.09157307942708331 0.8980848524305557
0 0.049865722656249944 0.3257107204861111 0.09767659505208331 0.3257107204861111 0.17498779296874994 0.8994411892361112 0.13633219401041663 0.8994411892361112
0 0.10378011067708331 0.3189290364583333 0.14955647786458331 0.3189290364583333 0.22076416015624994 0.9048665364583335 0.18109130859374994 0.9007975260416669
0 0.15972900390624994 0.31757269965277773 0.20855712890624994 0.3202853732638889 0.2685750325520833 0.9170735677083335 0.23093668619791669 0.9143608940972223
0 0.21669514973958331 0.3243543836805556 0.2645060221354167 0.3135036892361111 0.3163859049479167 0.9211425781250001 0.2777303059895833 0.9211425781250001
0 0.2706095377604167 0.3162163628472222 0.3265584309895833 0.3202853732638889 0.36419677734374994 0.9238552517361112 0.3224894205729167 0.9252115885416669
0 0.33673095703124994 0.3148600260416667 0.3804728190104167 0.31757269965277773 0.4120076497395833 0.9292805989583335 0.3723347981770833 0.9265679253472223
0 0.38861083984374994 0.24568684895833334 0.43438720703124994 0.24433051215277776 0.4577840169270833 0.930636935763889 0.4170939127604167 0.9279242621527778
0 0.4425252278645833 0.24433051215277776 0.4903361002604167 0.2429741753472222 0.4994913736979167 0.9374186197916669 0.45880126953124994 0.9333496093750001
0 0.4933878580729167 0.24568684895833334 0.54425048828125 0.24839952256944442 0.5452677408854167 0.9414876302083335 0.50152587890625 0.9469129774305557
0 0.5513712565104167 0.2524685329861111 0.60833740234375 0.24568684895833334 0.59307861328125 0.9509819878472223 0.5554402669270833 0.9469129774305557
0 0.60528564453125 0.3080783420138889 0.6520792643229167 0.30536566840277773 0.6368204752604167 0.9523383246527778 0.6001993815104167 0.9469129774305557
0 0.6642862955729167 0.3148600260416667 0.7131144205729167 0.3121473524305555 0.67547607421875 0.9536946614583335 0.6459757486979167 0.955050998263889
0 0.7232869466145833 0.237548828125 0.7812703450520835 0.24026150173611108 0.7344767252604167 0.9536946614583335 0.6775105794270833 0.9631890190972223
0 0.7934773763020835 0.2307671440972222 0.8595987955729167 0.2307671440972222 0.7863566080729167 0.9659016927083335 0.7446492513020835 0.9536946614583335
0 0.8657023111979167 0.261962890625 0.9155476888020835 0.2646755642361111 0.8321329752604167 0.9659016927083335 0.8026326497395835 0.9577636718750001
0 0.91351318359375 0.2606065538194444 0.9521687825520835 0.2673882378472222 0.8687540690104167 0.9442003038194445 0.84027099609375 0.9482693142361112
0 0.9389444986979167 0.3514811197916667 0.95318603515625 0.3501247829861111 0.8880818684895835 0.9401312934027778 0.8748575846354167 0.9319932725694445 0.8748575846354167 0.9347059461805557
