0 2.034505208331483e-05 0.16159396701388887 0.03257242838541663 0.16701931423611108 0.05698649088541663 0.8506130642361112 0.024434407552083315 0.8411187065972223
0 0.031555175781249944 0.13175455729166666 0.06817626953124994 0.13175455729166666 0.10072835286458331 0.8479003906250001 0.061055501302083315 0.8479003906250001
0 0.07936604817708331 0.2063530815972222 0.12209065755208331 0.21449110243055555 0.14853922526041663 0.8465440538194445 0.10683186848958331 0.8506130642361112
0 0.12412516276041663 0.22669813368055555 0.16786702473958331 0.225341796875 0.19228108723958331 0.8519694010416669 0.15464274088541663 0.8519694010416669
0 0.16278076171874994 0.12361653645833331 0.22076416015624994 0.12632921006944442 0.24822998046874994 0.8628200954861112 0.19838460286458331 0.8668891059027778
0 0.23195393880208331 0.10462782118055554 0.28179931640624994 0.11005316840277775 0.2990926106770833 0.8533257378472223 0.26043701171874994 0.8506130642361112
0 0.2797648111979167 0.15345594618055555 0.3133341471354167 0.15481228298611108 0.33673095703124994 0.8614637586805557 0.30316162109374994 0.8628200954861112
0 0.3143513997395833 0.15481228298611108 0.3448689778645833 0.15616861979166666 0.37640380859374994 0.8668891059027778 0.34588623046874994 0.8682454427083335
0 0.35198974609374994 0.16023763020833334 0.3835245768229167 0.16566297743055555 0.41607666015624994 0.8546820746527778 0.3865763346354167 0.8641764322916669
0 0.3998006184895833 0.22398546006944442 0.43133544921874994 0.22941080729166666 0.4537150065104167 0.8587510850694445 0.42218017578124994 0.8533257378472223
0 0.4323527018229167 0.22262912326388887 0.4628702799479167 0.22398546006944442 0.49542236328124994 0.8682454427083335 0.46185302734374994 0.8736707899305557
0 0.4628702799479167 0.22127278645833334 0.4994913736979167 0.22127278645833334 0.5310262044270833 0.8736707899305557 0.50152587890625 0.8804524739583335
0 0.5025431315104167 0.22127278645833334 0.5330607096354167 0.2185601128472222 0.5666300455729167 0.8804524739583335 0.53814697265625 0.8750271267361112
0 0.53509521484375 0.21720377604166666 0.5605265299479167 0.22127278645833334 0.60223388671875 0.8777398003472223 0.56866455078125 0.8790961371527778
0 0.55950927734375 0.21449110243055555 0.5981648763020833 0.22398546006944442 0.6408894856770833 0.881808810763889 0.60528564453125 0.8804524739583335
0 0.5971476236979167 0.21991644965277776 0.62664794921875 0.21991644965277776 0.6703898111979167 0.881808810763889 0.6469930013020833 0.881808810763889
0 0.63275146484375 0.21991644965277776 0.6683553059895833 0.21584743923611108 0.7171834309895833 0.8872341579861112 0.6775105794270833 0.8885904947916669
0 0.67547607421875 0.14260525173611108 0.7110799153645833 0.13582356770833331 0.7527872721354167 0.8913031684027778 0.7222696940104167 0.8926595052083335
0 0.7080281575520833 0.11412217881944442 0.7507527669270835 0.10462782118055554 0.7965291341145835 0.8926595052083335 0.75787353515625 0.8926595052083335
0 0.7599080403645835 0.13853624131944442 0.8016153971354167 0.13853624131944442 0.8382364908854167 0.8926595052083335 0.8016153971354167 0.8967285156250001
0 0.8056844075520835 0.12226019965277775 0.8453572591145835 0.12361653645833331 0.88299560546875 0.9035101996527778 0.8443400065104167 0.8994411892361112
0 0.8514607747395835 0.13175455729166666 0.8809611002604167 0.12632921006944442 0.9267374674479167 0.8926595052083335 0.88909912109375 0.894015842013889
0 0.8880818684895835 0.21449110243055555 0.9033406575520835 0.213134765625 0.9511515299479167 0.857394748263889 0.92572021484375 0.8533257378472223
0 0.92572021484375 0.14124891493055555 0.9603068033854167 0.13582356770833331 0.9948933919270835 0.8953721788194445 0.9542032877604167 0.8858778211805557
0 0.003072102864583315 0.8384060329861112 0.02341715494791663 0.8356933593750001 2.034505208331483e-05 0.2795952690972222
