0 0.0040893554687499445 0.2660319010416667 0.05393473307291663 0.9577636718750001 0.012227376302083315 0.9753960503472223 0.0040893554687499445 0.8587510850694445
0 0.0040893554687499445 0.18329535590277776 0.11700439453124994 0.20499674479166666 0.14345296223958331 0.9523383246527778 0.059020996093749944 0.9631890190972223
0 0.11903889973958331 0.20364040798611108 0.22483317057291663 0.20770941840277776 0.22585042317708331 0.9387749565972223 0.14243570963541663 0.9509819878472223
0 0.22585042317708331 0.11819118923611109 0.2868855794270833 0.12226019965277775 0.2746785481770833 0.9265679253472223 0.22788492838541669 0.9279242621527778
0 0.28485107421874994 0.11819118923611109 0.3377482096354167 0.13039822048611108 0.31842041015624994 0.9211425781250001 0.2767130533854167 0.9319932725694445
0 0.3387654622395833 0.1331108940972222 0.3957316080729167 0.1331108940972222 0.3591105143229167 0.9143608940972223 0.32147216796874994 0.9224989149305557
0 0.39776611328124994 0.13175455729166666 0.44049072265624994 0.14124891493055555 0.4018351236979167 0.9007975260416669 0.3652140299479167 0.9116482204861112
0 0.4394734700520833 0.16023763020833334 0.4944051106770833 0.1697319878472222 0.4476114908854167 0.8899468315972223 0.40386962890624994 0.8953721788194445
0 0.49237060546874994 0.16837565104166666 0.5422159830729167 0.17108832465277776 0.49237060546874994 0.8723144531250001 0.44659423828124994 0.8885904947916669
0 0.54425048828125 0.176513671875 0.60223388671875 0.17922634548611108 0.54119873046875 0.8682454427083335 0.49237060546874994 0.881808810763889
0 0.60528564453125 0.176513671875 0.6469930013020833 0.1819390190972222 0.5818888346354167 0.8641764322916669 0.54119873046875 0.8709581163194445
0 0.6469930013020833 0.2511121961805555 0.6988728841145833 0.2592502170138889 0.6246134440104167 0.8492567274305557 0.58392333984375 0.8601074218750001
0 0.70294189453125 0.2606065538194444 0.7599080403645835 0.2701009114583333 0.67242431640625 0.8465440538194445 0.62054443359375 0.8479003906250001
0 0.7588907877604167 0.286376953125 0.80059814453125 0.2904459635416667 0.7192179361979167 0.8397623697916669 0.6795450846354167 0.8384060329861112
0 0.80059814453125 0.286376953125 0.8321329752604167 0.286376953125 0.7568562825520835 0.8248426649305557 0.71820068359375 0.8397623697916669
0 0.8300984700520835 0.2850206163194444 0.8697713216145835 0.2877332899305555 0.7843221028645835 0.8248426649305557 0.7568562825520835 0.820773654513889
0 0.88299560546875 0.19821506076388887 0.9247029622395835 0.2063530815972222 0.8148396809895835 0.8167046440972223 0.7873738606770835 0.8194173177083335
0 0.9236857096354167 0.20364040798611108 0.9552205403645835 0.21042209201388887 0.8545125325520835 0.8058539496527778 0.81585693359375 0.8139919704861112 0.8178914388020835 0.8126356336805557
