0 2.034505208331483e-05 0.6051161024305556 0.04477945963541663 0.9699707031250001 0.08546956380208331 0.9618326822916669 0.003072102864583315 0.23890516493055555
0 0.0020548502604166297 0.237548828125 0.08546956380208331 0.967258029513889 0.12412516276041663 0.9564073350694445 0.036641438802083315 0.22127278645833334
0 0.03867594401041663 0.23212348090277776 0.07631429036458331 0.2307671440972222 0.15260823567708331 0.9496256510416669 0.12107340494791663 0.9618326822916669
0 0.07427978515624994 0.22805447048611108 0.11293538411458331 0.22669813368055555 0.18414306640624994 0.9496256510416669 0.15972900390624994 0.9482693142361112
0 0.11496988932291663 0.24568684895833334 0.16481526692708331 0.24433051215277776 0.22076416015624994 0.9401312934027778 0.17702229817708331 0.9536946614583335
0 0.16176350911458331 0.22398546006944442 0.19940185546874994 0.21720377604166666 0.2522989908854167 0.9442003038194445 0.22381591796874994 0.9414876302083335
0 0.19736735026041663 0.21720377604166666 0.24212646484374994 0.21991644965277776 0.2868855794270833 0.9238552517361112 0.2522989908854167 0.9292805989583335
0 0.23907470703124994 0.20499674479166666 0.27874755859374994 0.200927734375 0.3224894205729167 0.918429904513889 0.2889200846354167 0.9211425781250001
0 0.2797648111979167 0.19821506076388887 0.32452392578124994 0.20770941840277776 0.35504150390624994 0.918429904513889 0.3285929361979167 0.9211425781250001
0 0.3255411783854167 0.23619249131944442 0.3662312825520833 0.23347981770833334 0.39776611328124994 0.9048665364583335 0.3601277669270833 0.9130045572916669
0 0.3652140299479167 0.22805447048611108 0.40386962890624994 0.22941080729166666 0.43133544921874994 0.9007975260416669 0.4028523763020833 0.9089355468750001
0 0.40081787109374994 0.21720377604166666 0.4425252278645833 0.21584743923611108 0.45880126953124994 0.9048665364583335 0.4303181966145833 0.9048665364583335
0 0.4415079752604167 0.21584743923611108 0.47406005859374994 0.21584743923611108 0.4913533528645833 0.8994411892361112 0.4608357747395833 0.8994411892361112
0 0.4750773111979167 0.28095160590277773 0.5188191731770833 0.28095160590277773 0.5300089518229167 0.8913031684027778 0.4913533528645833 0.8953721788194445
0 0.52288818359375 0.2836642795138889 0.57476806640625 0.2782389322916667 0.5727335611979167 0.8750271267361112 0.5300089518229167 0.8926595052083335
0 0.5645955403645833 0.2768825954861111 0.59613037109375 0.2823079427083333 0.5951131184895833 0.8763834635416669 0.5706990559895833 0.8804524739583335
0 0.59918212890625 0.19550238715277776 0.63275146484375 0.19278971354166666 0.6276652018229167 0.8668891059027778 0.5981648763020833 0.8736707899305557
0 0.6317342122395833 0.19007703993055555 0.6775105794270833 0.1941460503472222 0.66326904296875 0.8587510850694445 0.62664794921875 0.8668891059027778
0 0.6764933268229167 0.19278971354166666 0.70599365234375 0.19278971354166666 0.6887003580729167 0.8519694010416669 0.6592000325520833 0.8546820746527778
0 0.70599365234375 0.188720703125 0.7354939778645835 0.200927734375 0.7110799153645833 0.8519694010416669 0.68463134765625 0.8546820746527778
0 0.7283732096354167 0.2850206163194444 0.7690633138020835 0.2850206163194444 0.7385457356770835 0.8411187065972223 0.7080281575520833 0.8506130642361112
0 0.7710978190104167 0.2836642795138889 0.7985636393229167 0.2836642795138889 0.77313232421875 0.8438313802083335 0.7436319986979167 0.8424750434027778
0 0.80059814453125 0.2904459635416667 0.84027099609375 0.29315863715277773 0.80670166015625 0.8356933593750001 0.77313232421875 0.845187717013889
0 0.84942626953125 0.19278971354166666 0.8809611002604167 0.19278971354166666 0.8392537434895835 0.8234863281250001 0.8026326497395835 0.8356933593750001
0 0.8809611002604167 0.19685872395833334 0.9185994466145835 0.1941460503472222 0.8687540690104167 0.8221299913194445 0.8473917643229167 0.8275553385416669
0 0.9185994466145835 0.19550238715277776 0.9450480143229167 0.19278971354166666 0.89825439453125 0.8099229600694445 0.8697713216145835 0.8180609809027778
0 0.94097900390625 0.19278971354166666 0.96844482421875 0.188720703125 0.91961669921875 0.8099229600694445 0.8962198893229167 0.8153483072916669
