0 0.0020548502604166297 0.2850206163194444 0.05698649088541663 0.7461751302083335 0.03257242838541663 0.7434624565972223 0.0010375976562499445 0.5142415364583334
0 0.0020548502604166297 0.20770941840277776 0.021382649739583315 0.20770941840277776 0.08038330078124994 0.7502441406250001 0.059020996093749944 0.7448187934027778
0 0.02341715494791663 0.2768825954861111 0.054951985677083315 0.2768825954861111 0.09971110026041663 0.759738498263889 0.08038330078124994 0.7556694878472223
0 0.043762207031249944 0.22805447048611108 0.09869384765624994 0.22805447048611108 0.14345296223958331 0.7692328559027778 0.10581461588541663 0.7638075086805557
0 0.10174560546874994 0.26874457465277773 0.13836669921874994 0.2701009114583333 0.17803955078124994 0.7692328559027778 0.14548746744791663 0.7678765190972223
0 0.13734944661458331 0.2646755642361111 0.17498779296874994 0.2646755642361111 0.20550537109374994 0.7760145399305557 0.18007405598958331 0.7733018663194445
0 0.16990152994791663 0.2673882378472222 0.20448811848958331 0.2673882378472222 0.23805745442708331 0.7814398871527778 0.20753987630208331 0.7800835503472223
0 0.20143636067708331 0.2606065538194444 0.22991943359374994 0.2578938802083333 0.2594197591145833 0.7827962239583335 0.24009195963541669 0.7800835503472223
0 0.22483317057291663 0.2524685329861111 0.2522989908854167 0.25653754340277773 0.2828165690104167 0.7868652343750001 0.26043701171874994 0.784152560763889
0 0.25433349609374994 0.25653754340277773 0.27569580078124994 0.2551812065972222 0.3051961263020833 0.7977159288194445 0.2828165690104167 0.7922905815972223
0 0.27874755859374994 0.2538248697916667 0.29705810546874994 0.2578938802083333 0.3235066731770833 0.7977159288194445 0.30621337890624994 0.7922905815972223
0 0.2950236002604167 0.2551812065972222 0.3357137044270833 0.25653754340277773 0.35504150390624994 0.8031412760416669 0.3235066731770833 0.8004286024305557
0 0.33367919921874994 0.2823079427083333 0.3743693033854167 0.2850206163194444 0.3814900716145833 0.8153483072916669 0.3560587565104167 0.8044976128472223
0 0.36724853515624994 0.2551812065972222 0.4079386393229167 0.2578938802083333 0.4150594075520833 0.8180609809027778 0.38250732421874994 0.8058539496527778 0.3865763346354167 0.8072102864583335
0 0.4079386393229167 0.21449110243055555 0.4781290690104167 0.22127278645833334 0.4689737955729167 0.832980685763889 0.41302490234374994 0.8194173177083335
0 0.4811808268229167 0.21720377604166666 0.5361124674479167 0.23483615451388887 0.52593994140625 0.8424750434027778 0.47406005859374994 0.8370496961805557
0 0.54730224609375 0.22262912326388887 0.6134236653645833 0.22262912326388887 0.5910441080729167 0.8424750434027778 0.5269571940104167 0.8424750434027778 0.5279744466145833 0.8424750434027778
0 0.6307169596354167 0.22262912326388887 0.69683837890625 0.22262912326388887 0.65106201171875 0.8723144531250001 0.59002685546875 0.857394748263889
0 0.7070109049479167 0.22262912326388887 0.7812703450520835 0.22669813368055555 0.7263387044270833 0.8858778211805557 0.65716552734375 0.8668891059027778
0 0.7833048502604167 0.2592502170138889 0.8168741861979167 0.2592502170138889 0.7649943033854167 0.8831651475694445 0.7253214518229167 0.8790961371527778
0 0.8138224283854167 0.35419379340277773 0.8636678059895835 0.3636881510416667 0.80975341796875 0.894015842013889 0.7588907877604167 0.8899468315972223
0 0.87384033203125 0.3569064670138889 0.9297892252604167 0.3704698350694444 0.8575642903645835 0.8967285156250001 0.8168741861979167 0.8913031684027778
0 0.92877197265625 0.36640082465277773 0.96539306640625 0.3636881510416667 0.8880818684895835 0.9197862413194445 0.8565470377604167 0.9089355468750001
0 0.9633585611979167 0.36640082465277773 0.9969278971354167 0.3745388454861111 0.90740966796875 0.9211425781250001 0.8880818684895835 0.918429904513889
