0 0.033589680989583315 0.17922634548611108 0.10072835286458331 0.7570258246527778 0.13022867838541663 0.7570258246527778 0.06614176432291663 0.17108832465277776
0 0.06817626953124994 0.20770941840277776 0.13124593098958331 0.7556694878472223 0.17091878255208331 0.7624511718750001 0.10784912109374994 0.2063530815972222
0 0.11191813151041663 0.21177842881944442 0.16990152994791663 0.7746582031250001 0.20347086588541663 0.7678765190972223 0.15362548828124994 0.20364040798611108
0 0.15667724609374994 0.20770941840277776 0.20143636067708331 0.7624511718750001 0.2502644856770833 0.7746582031250001 0.20957438151041663 0.21042209201388887
0 0.21262613932291663 0.20906575520833334 0.2502644856770833 0.7773708767361112 0.29705810546874994 0.771945529513889 0.2614542643229167 0.2063530815972222
0 0.26043701171874994 0.21177842881944442 0.2990926106770833 0.7705891927083335 0.33673095703124994 0.7787272135416669 0.3102823893229167 0.2063530815972222
0 0.30621337890624994 0.2063530815972222 0.33673095703124994 0.7773708767361112 0.3753865559895833 0.7787272135416669 0.3540242513020833 0.20364040798611108
0 0.3591105143229167 0.20499674479166666 0.3774210611979167 0.7855088975694445 0.4170939127604167 0.7827962239583335 0.4018351236979167 0.19821506076388887
0 0.4059041341145833 0.20228407118055555 0.4181111653645833 0.7895779079861112 0.4506632486979167 0.7909342447916669 0.4384562174479167 0.20228407118055555
0 0.4425252278645833 0.21991644965277776 0.45269775390624994 0.8044976128472223 0.4994913736979167 0.8031412760416669 0.4933878580729167 0.20770941840277776
0 0.5005086263020833 0.2063530815972222 0.5035603841145833 0.8044976128472223 0.5432332356770833 0.7990722656250001 0.5483194986979167 0.20364040798611108
0 0.5554402669270833 0.22941080729166666 0.5483194986979167 0.8058539496527778 0.5818888346354167 0.8153483072916669 0.59613037109375 0.21449110243055555
0 0.59918212890625 0.225341796875 0.5818888346354167 0.8072102864583335 0.6164754231770833 0.8099229600694445 0.6469930013020833 0.21584743923611108
0 0.65411376953125 0.20499674479166666 0.62359619140625 0.808566623263889 0.6520792643229167 0.8167046440972223 0.6958211263020833 0.20228407118055555
0 0.6978556315104167 0.20228407118055555 0.66021728515625 0.8126356336805557 0.6978556315104167 0.8194173177083335 0.7415974934895835 0.20364040798611108
0 0.74871826171875 0.213134765625 0.7019246419270833 0.8221299913194445 0.7466837565104167 0.8180609809027778 0.79754638671875 0.21449110243055555
0 0.80059814453125 0.21449110243055555 0.7477010091145835 0.8194173177083335 0.7863566080729167 0.8167046440972223 0.8534952799479167 0.2063530815972222
0 0.85858154296875 0.21042209201388887 0.7894083658854167 0.8194173177083335 0.83111572265625 0.8275553385416669 0.9053751627604167 0.21449110243055555
0 0.9124959309895835 0.22262912326388887 0.83111572265625 0.8302680121527778 0.8667195638020835 0.8316243489583335 0.94708251953125 0.22669813368055555
0 0.9430135091145835 0.2945149739583333 0.8728230794270835 0.8316243489583335 0.9175821940104167 0.8302680121527778 0.9948933919270835 0.2945149739583333
