0 0.0010375976562499445 0.6715766059027778 0.027486165364583315 0.832980685763889 0.0020548502604166297 0.8316243489583335
0 0.0020548502604166297 0.4844021267361111 0.058003743489583315 0.8302680121527778 0.027486165364583315 0.8384060329861112 0.0010375976562499445 0.662082248263889
0 0.0010375976562499445 0.335205078125 0.08648681640624994 0.8356933593750001 0.058003743489583315 0.8302680121527778 2.034505208331483e-05 0.4830457899305556
0 0.0010375976562499445 0.3338487413194444 0.03257242838541663 0.32842339409722227 0.11191813151041663 0.8370496961805557 0.08140055338541663 0.8316243489583335
0 0.033589680989583315 0.3270670572916667 0.058003743489583315 0.32977973090277773 0.13328043619791663 0.8411187065972223 0.10784912109374994 0.8356933593750001
0 0.058003743489583315 0.3026529947916667 0.11191813151041663 0.2999403211805555 0.18109130859374994 0.8438313802083335 0.13734944661458331 0.8465440538194445
0 0.11293538411458331 0.2972276475694444 0.17600504557291663 0.2918023003472222 0.22686767578124994 0.8384060329861112 0.18210856119791663 0.8465440538194445
0 0.16278076171874994 0.22127278645833334 0.19431559244791663 0.21720377604166666 0.26043701171874994 0.857394748263889 0.22788492838541669 0.8587510850694445
0 0.19329833984374994 0.21042209201388887 0.22483317057291663 0.21177842881944442 0.2950236002604167 0.8601074218750001 0.26043701171874994 0.8560384114583335
0 0.22991943359374994 0.20770941840277776 0.26654052734374994 0.19685872395833334 0.3255411783854167 0.8641764322916669 0.29705810546874994 0.857394748263889
0 0.2716267903645833 0.19685872395833334 0.3051961263020833 0.200927734375 0.3570760091145833 0.8668891059027778 0.3255411783854167 0.8641764322916669
0 0.3133341471354167 0.20228407118055555 0.3560587565104167 0.19957139756944442 0.40081787109374994 0.8668891059027778 0.3591105143229167 0.869601779513889
0 0.3540242513020833 0.1941460503472222 0.3998006184895833 0.19685872395833334 0.4384562174479167 0.8777398003472223 0.40692138671874994 0.8750271267361112
0 0.40386962890624994 0.19278971354166666 0.4486287434895833 0.18329535590277776 0.48321533203124994 0.8763834635416669 0.4425252278645833 0.8804524739583335
0 0.45574951171874994 0.18465169270833334 0.50152587890625 0.17922634548611108 0.53204345703125 0.881808810763889 0.48016357421874994 0.881808810763889
0 0.51373291015625 0.2429741753472222 0.5727335611979167 0.23890516493055555 0.5849405924479167 0.8845214843750001 0.5340779622395833 0.8845214843750001
0 0.58087158203125 0.23890516493055555 0.6551310221354167 0.237548828125 0.6469930013020833 0.9021538628472223 0.5859578450520833 0.8980848524305557
0 0.6612345377604167 0.23890516493055555 0.7161661783854167 0.2429741753472222 0.6978556315104167 0.9116482204861112 0.65106201171875 0.9089355468750001
0 0.7161661783854167 0.23619249131944442 0.77008056640625 0.23347981770833334 0.7497355143229167 0.9102918836805557 0.70599365234375 0.9130045572916669
0 0.7751668294270835 0.2307671440972222 0.8138224283854167 0.22398546006944442 0.79144287109375 0.9265679253472223 0.7527872721354167 0.9102918836805557
0 0.83416748046875 0.10327148437499999 0.90130615234375 0.09377712673611109 0.8565470377604167 0.9238552517361112 0.79754638671875 0.9238552517361112
0 0.90435791015625 0.08021375868055554 0.9704793294270835 0.07750108506944442 0.9155476888020835 0.9319932725694445 0.8565470377604167 0.9238552517361112
