0 2.034505208331483e-05 0.5712076822916666 0.046813964843749944 0.9211425781250001 0.015279134114583315 0.9292805989583335 0.0010375976562499445 0.832980685763889
0 0.0010375976562499445 0.2633192274305555 0.05393473307291663 0.2633192274305555 0.11598714192708331 0.9224989149305557 0.04783121744791663 0.930636935763889 2.034505208331483e-05 0.567138671875
0 0.051900227864583315 0.2633192274305555 0.14955647786458331 0.2606065538194444 0.18414306640624994 0.9279242621527778 0.11496988932291663 0.9211425781250001
0 0.14040120442708331 0.17922634548611108 0.19024658203124994 0.176513671875 0.23093668619791669 0.9265679253472223 0.18617757161458331 0.9252115885416669
0 0.19024658203124994 0.17787000868055555 0.23907470703124994 0.17922634548611108 0.27569580078124994 0.9211425781250001 0.23093668619791669 0.9279242621527778
0 0.23704020182291669 0.17515733506944442 0.2889200846354167 0.176513671875 0.3174031575520833 0.9252115885416669 0.2767130533854167 0.9197862413194445
0 0.29095458984374994 0.17108832465277776 0.3346964518229167 0.18058268229166666 0.35504150390624994 0.9224989149305557 0.31231689453124994 0.9238552517361112
0 0.3438517252604167 0.1941460503472222 0.4028523763020833 0.188720703125 0.4079386393229167 0.9170735677083335 0.3560587565104167 0.9238552517361112
0 0.4018351236979167 0.18600802951388887 0.45880126953124994 0.19143337673611108 0.4537150065104167 0.9252115885416669 0.4140421549479167 0.9211425781250001
0 0.4628702799479167 0.188720703125 0.5147501627604167 0.1941460503472222 0.5035603841145833 0.9224989149305557 0.4567667643229167 0.9197862413194445
0 0.5208536783854167 0.18058268229166666 0.57476806640625 0.19007703993055555 0.55340576171875 0.9157172309027778 0.5066121419270833 0.918429904513889
0 0.57476806640625 0.2578938802083333 0.6469930013020833 0.2633192274305555 0.6093546549479167 0.9102918836805557 0.5544230143229167 0.9157172309027778
0 0.6500447591145833 0.2578938802083333 0.73040771484375 0.2578938802083333 0.6714070638020833 0.9157172309027778 0.61444091796875 0.9102918836805557
0 0.73040771484375 0.2701009114583333 0.7894083658854167 0.2795952690972222 0.7222696940104167 0.9157172309027778 0.6734415690104167 0.9116482204861112
0 0.78839111328125 0.2782389322916667 0.8351847330729167 0.2836642795138889 0.7690633138020835 0.9116482204861112 0.7263387044270833 0.9116482204861112
0 0.8392537434895835 0.2714572482638889 0.87994384765625 0.2728135850694444 0.8087361653645835 0.9170735677083335 0.7710978190104167 0.8994411892361112
0 0.90130615234375 0.164306640625 0.96234130859375 0.16566297743055555 0.8595987955729167 0.9089355468750001 0.81280517578125 0.9130045572916669
0 0.9643758138020835 0.16023763020833334 0.8636678059895835 0.9102918836805557 0.9114786783854167 0.9075792100694445 0.99896240234375 0.2755262586805555 0.9969278971354167 0.16159396701388887
