0 0.051900227864583315 0.16023763020833334 0.09971110026041663 0.16023763020833334 0.09360758463541663 0.8302680121527778 0.03867594401041663 0.8316243489583335
0 0.11090087890624994 0.164306640625 0.15972900390624994 0.1697319878472222 0.14243570963541663 0.8356933593750001 0.09360758463541663 0.8289116753472223
0 0.16074625651041663 0.16566297743055555 0.20652262369791663 0.1697319878472222 0.19126383463541663 0.832980685763889 0.14752197265624994 0.8356933593750001
0 0.20347086588541663 0.1697319878472222 0.24924723307291669 0.17787000868055555 0.23602294921874994 0.8356933593750001 0.19635009765624994 0.832980685763889
0 0.2522989908854167 0.17515733506944442 0.2980753580729167 0.176513671875 0.28485107421874994 0.8384060329861112 0.23907470703124994 0.8356933593750001
0 0.30010986328124994 0.176513671875 0.3418172200520833 0.17922634548611108 0.33062744140624994 0.8411187065972223 0.2868855794270833 0.8397623697916669
0 0.3509724934895833 0.11683485243055554 0.3896280924479167 0.12226019965277775 0.3784383138020833 0.8356933593750001 0.3346964518229167 0.8316243489583335
0 0.3936971028645833 0.10191514756944442 0.4384562174479167 0.11547851562499999 0.42218017578124994 0.8424750434027778 0.3784383138020833 0.8424750434027778
0 0.4394734700520833 0.11140950520833331 0.4821980794270833 0.11412217881944442 0.4699910481770833 0.845187717013889 0.4262491861979167 0.8479003906250001
0 0.4903361002604167 0.10462782118055554 0.53204345703125 0.11005316840277775 0.5127156575520833 0.8546820746527778 0.47406005859374994 0.8519694010416669
0 0.5330607096354167 0.11005316840277775 0.5737508138020833 0.11140950520833331 0.55645751953125 0.8533257378472223 0.5127156575520833 0.8560384114583335
0 0.5798543294270833 0.09242078993055554 0.6225789388020833 0.10191514756944442 0.5940958658854167 0.857394748263889 0.5554402669270833 0.8533257378472223
0 0.62054443359375 0.09920247395833331 0.6795450846354167 0.10055881076388888 0.64801025390625 0.8587510850694445 0.6012166341145833 0.8519694010416669
0 0.6714070638020833 0.09920247395833331 0.71514892578125 0.10327148437499999 0.6927693684895833 0.8587510850694445 0.6520792643229167 0.8533257378472223
0 0.7222696940104167 0.10598415798611109 0.7619425455729167 0.10598415798611109 0.7405802408854167 0.8533257378472223 0.6958211263020833 0.857394748263889
0 0.7680460611979167 0.10598415798611109 0.8138224283854167 0.10869683159722221 0.79144287109375 0.8601074218750001 0.7466837565104167 0.8601074218750001
0 0.8168741861979167 0.10462782118055554 0.87078857421875 0.10869683159722221 0.8362019856770835 0.8546820746527778 0.7924601236979167 0.8546820746527778
0 0.86468505859375 0.12904188368055555 0.9206339518229167 0.12904188368055555 0.8850301106770835 0.8560384114583335 0.8362019856770835 0.857394748263889
0 0.92266845703125 0.13582356770833331 0.9674275716145835 0.13582356770833331 0.9308064778645835 0.8546820746527778 0.8840128580729167 0.8587510850694445
0 0.9674275716145835 0.14803059895833331 0.9338582356770835 0.8587510850694445 0.99896240234375 0.857394748263889 0.99591064453125 0.14938693576388887
