0 0.003072102864583315 0.420654296875 0.08852132161458331 0.9536946614583335 0.048848470052083315 0.9591200086805557 0.0010375976562499445 0.6959906684027778 0.0 0.6973741319444445
0 0.0040893554687499445 0.19278971354166666 0.02646891276041663 0.19821506076388887 0.13531494140624994 0.9442003038194445 0.09360758463541663 0.9536946614583335 2.034505208331483e-05 0.371826171875
0 0.040710449218749944 0.2633192274305555 0.08953857421874994 0.2592502170138889 0.17905680338541663 0.9360622829861112 0.13429768880208331 0.955050998263889
0 0.09767659505208331 0.2606065538194444 0.15565999348958331 0.25653754340277773 0.22686767578124994 0.9347059461805557 0.18516031901041663 0.942843967013889
0 0.15159098307291663 0.2592502170138889 0.20041910807291663 0.2538248697916667 0.2746785481770833 0.9347059461805557 0.22890218098958331 0.9442003038194445
0 0.19228108723958331 0.18465169270833334 0.24822998046874994 0.18600802951388887 0.3163859049479167 0.9279242621527778 0.2767130533854167 0.9360622829861112
0 0.2502644856770833 0.16837565104166666 0.2929890950520833 0.16837565104166666 0.3591105143229167 0.9224989149305557 0.3204549153645833 0.9265679253472223
0 0.29095458984374994 0.16701931423611108 0.33367919921874994 0.17108832465277776 0.3967488606770833 0.9238552517361112 0.3652140299479167 0.9319932725694445
0 0.34588623046874994 0.2511121961805555 0.3865763346354167 0.2511121961805555 0.4333699544270833 0.9157172309027778 0.40081787109374994 0.9265679253472223
0 0.3896280924479167 0.2538248697916667 0.4384562174479167 0.2511121961805555 0.47711181640624994 0.9157172309027778 0.43743896484374994 0.9252115885416669
0 0.4364217122395833 0.10598415798611109 0.5025431315104167 0.09648980034722221 0.53509521484375 0.9116482204861112 0.4811808268229167 0.9238552517361112
0 0.5096638997395833 0.17922634548611108 0.5544230143229167 0.1697319878472222 0.5696818033854167 0.906222873263889 0.5401814778645833 0.9048665364583335
0 0.56256103515625 0.17108832465277776 0.60528564453125 0.16701931423611108 0.6124064127604167 0.9048665364583335 0.5696818033854167 0.9130045572916669
0 0.6042683919270833 0.2429741753472222 0.66326904296875 0.24568684895833334 0.66021728515625 0.8831651475694445 0.6124064127604167 0.8994411892361112
0 0.66326904296875 0.24161783854166666 0.7070109049479167 0.24026150173611108 0.69683837890625 0.8872341579861112 0.6612345377604167 0.8994411892361112
0 0.70599365234375 0.12497287326388888 0.7568562825520835 0.13175455729166666 0.7324422200520835 0.8899468315972223 0.6948038736979167 0.8953721788194445
0 0.7588907877604167 0.12226019965277775 0.8077189127604167 0.13175455729166666 0.7751668294270835 0.8763834635416669 0.7324422200520835 0.8899468315972223
0 0.8026326497395835 0.23212348090277776 0.8504435221354167 0.23212348090277776 0.8117879231770835 0.8858778211805557 0.7751668294270835 0.8831651475694445
0 0.8504435221354167 0.22262912326388887 0.9002888997395835 0.22805447048611108 0.85552978515625 0.881808810763889 0.8178914388020835 0.8885904947916669
0 0.9002888997395835 0.22398546006944442 0.95623779296875 0.22262912326388887 0.8972371419270835 0.8709581163194445 0.8545125325520835 0.8736707899305557
0 0.9582722981770835 0.152099609375 0.9969278971354167 0.1575249565972222 0.92877197265625 0.869601779513889 0.89825439453125 0.8736707899305557
0 0.9969278971354167 0.16159396701388887 0.9308064778645835 0.8682454427083335 0.9664103190104167 0.8601074218750001 0.9969278971354167 0.527804904513889
0 0.9979451497395835 0.5467936197916666 0.9643758138020835 0.8587510850694445 0.999755859375 0.8587510850694445
