0 0.07427978515624994 0.2945149739583333 0.11090087890624994 0.2945149739583333 0.09462483723958331 0.9075792100694445 0.061055501302083315 0.8994411892361112
0 0.10784912109374994 0.2918023003472222 0.14243570963541663 0.286376953125 0.13022867838541663 0.906222873263889 0.09564208984374994 0.9075792100694445
0 0.13734944661458331 0.408447265625 0.18821207682291663 0.4043782552083333 0.17905680338541663 0.9143608940972223 0.12921142578124994 0.9130045572916669
0 0.18719482421874994 0.3446994357638889 0.23500569661458331 0.3433430989583333 0.22178141276041663 0.9102918836805557 0.17397054036458331 0.9143608940972223
0 0.23500569661458331 0.28095160590277773 0.29400634765624994 0.28095160590277773 0.2807820638020833 0.918429904513889 0.22483317057291663 0.9130045572916669
0 0.2960408528645833 0.2823079427083333 0.35198974609374994 0.2755262586805555 0.3357137044270833 0.9211425781250001 0.2838338216145833 0.9170735677083335
0 0.3530069986979167 0.274169921875 0.37945556640624994 0.2673882378472222 0.3774210611979167 0.9197862413194445 0.33673095703124994 0.9265679253472223
0 0.3845418294270833 0.2728135850694444 0.41607666015624994 0.2768825954861111 0.40997314453124994 0.9265679253472223 0.3713175455729167 0.9211425781250001
0 0.42218017578124994 0.3853895399305556 0.4659220377604167 0.3881022135416667 0.4537150065104167 0.9252115885416669 0.4089558919270833 0.9279242621527778
0 0.4628702799479167 0.3446994357638889 0.4883015950520833 0.347412109375 0.4883015950520833 0.9238552517361112 0.4547322591145833 0.9265679253472223
0 0.4883015950520833 0.347412109375 0.5188191731770833 0.3501247829861111 0.5096638997395833 0.9347059461805557 0.49237060546874994 0.9347059461805557
0 0.5208536783854167 0.21991644965277776 0.56561279296875 0.2185601128472222 0.56866455078125 0.930636935763889 0.5096638997395833 0.9360622829861112
0 0.5706990559895833 0.22127278645833334 0.62359619140625 0.21991644965277776 0.62054443359375 0.9319932725694445 0.5727335611979167 0.9360622829861112
0 0.6215616861979167 0.2578938802083333 0.6673380533854167 0.2606065538194444 0.66326904296875 0.9442003038194445 0.62054443359375 0.9414876302083335
0 0.6622517903645833 0.2551812065972222 0.6988728841145833 0.2524685329861111 0.7009073893229167 0.9401312934027778 0.66326904296875 0.9455566406250001
0 0.6978556315104167 0.24568684895833334 0.7497355143229167 0.24161783854166666 0.74261474609375 0.9455566406250001 0.7009073893229167 0.9442003038194445
0 0.7436319986979167 0.24161783854166666 0.7904256184895835 0.237548828125 0.7863566080729167 0.9360622829861112 0.74261474609375 0.9455566406250001
0 0.7965291341145835 0.24433051215277776 0.85247802734375 0.24704318576388887 0.8534952799479167 0.955050998263889 0.7904256184895835 0.9414876302083335
0 0.8575642903645835 0.26874457465277773 0.9063924153645835 0.261962890625 0.9094441731770835 0.9536946614583335 0.8565470377604167 0.9523383246527778
0 0.8972371419270835 0.18736436631944442 0.9603068033854167 0.18600802951388887 0.9674275716145835 0.9591200086805557 0.91351318359375 0.9536946614583335
