0 0.02013739224137928 0.23004220545977005 0.11190059267241376 0.8676140445402298 0.13631465517241376 0.866491558908046 0.05212823275862066 0.23116469109195395
0 0.05717941810344823 0.23004220545977005 0.14304956896551724 0.8743489583333334 0.1716729525862069 0.8698590158045977 0.08917025862068961 0.23116469109195395
0 0.0959051724137931 0.23004220545977005 0.17672413793103448 0.8765939295977011 0.2036637931034483 0.878838900862069 0.12621228448275862 0.22667474856321834
0 0.13799838362068967 0.22891971982758616 0.20871497844827586 0.8777164152298851 0.2339709051724138 0.8799613864942528 0.16493803879310343 0.22779723419540224
0 0.1725148168103448 0.22891971982758616 0.24070581896551724 0.8855738146551723 0.2659617456896552 0.8844513290229884 0.2045056573275862 0.23116469109195395
0 0.21292429956896552 0.22891971982758616 0.2743803879310345 0.8990436422413793 0.3030037715517241 0.8990436422413793 0.24407327586206895 0.23004220545977005
0 0.2533337823275862 0.24126706178160914 0.3114224137931034 0.9046560704022988 0.3509900323275862 0.9091460129310344 0.3021619073275862 0.24351203304597693
0 0.31815732758620685 0.22555226293103445 0.3594086745689655 0.9080235272988505 0.4065530711206896 0.91363595545977 0.3745622306034483 0.21769486350574707
0 0.39055765086206895 0.32545348419540227 0.41244612068965514 0.91363595545977 0.451171875 0.914758441091954 0.4292834051724138 0.32994342672413784
0 0.43686018318965514 0.2199398347701149 0.46211610991379315 0.9248608117816092 0.5 0.9282282686781609 0.48653017241379315 0.22330729166666663
0 0.4957906788793104 0.24126706178160914 0.5050511853448276 0.9282282686781609 0.5429350754310345 0.9293507543103448 0.5387257543103449 0.24126706178160914
0 0.5547211745689655 0.21657237787356318 0.5513537176724138 0.9360856681034483 0.6001818426724138 0.939453125 0.610284213362069 0.21769486350574707
0 0.6195447198275862 0.32545348419540227 0.6060748922413793 0.9450655531609194 0.658270474137931 0.951800466954023 0.6810008081896552 0.32433099856321834
0 0.6953125 0.2098374640804597 0.6641635237068966 0.9540454382183907 0.7037311422413793 0.9630253232758621 0.7432987607758621 0.2120824353448275
0 0.7584523168103449 0.2120824353448275 0.7138335129310345 0.9562904094827586 0.7643453663793104 0.9596578663793104 0.8190665409482759 0.21320492097701146
0 0.8207502693965517 0.32208602729885055 0.769396551724138 0.964147808908046 0.8156990840517241 0.9686377514367815 0.8695783943965517 0.32657596982758613
0 0.9024110991379312 0.2491244612068965 0.8325363685344828 0.9742501795977011 0.8746295797413793 0.9832300646551723 0.9520810883620691 0.25249191810344823
0 0.9621834590517241 0.2480019755747126 0.8872575431034483 0.976495150862069 0.9242995689655172 0.9865975215517241 0.999755859375 0.24806562421055936
