0 0.0369746767241379 0.24126706178160914 0.02518857758620688 0.9574128951149424 0.051286368534482735 0.9529229525862069 0.06643992456896552 0.24575700431034478
0 0.06896551724137928 0.2468794899425287 0.05633755387931033 0.9529229525862069 0.0849609375 0.9540454382183907 0.096747036637931 0.2468794899425287
0 0.10516567887931033 0.2491244612068965 0.09506330818965514 0.9529229525862069 0.12621228448275862 0.9551679238505747 0.1337890625 0.2502469468390804
0 0.14389143318965514 0.16381555316091947 0.13210533405172414 0.9529229525862069 0.158203125 0.9529229525862069 0.16746363146551724 0.16381555316091947
0 0.17588227370689652 0.1649380387931034 0.16577990301724138 0.9551679238505747 0.19524515086206895 0.951800466954023 0.20282192887931033 0.1671830100574712
0 0.20618938577586204 0.169427981321839 0.20029633620689652 0.9540454382183907 0.2179754849137931 0.950677981321839 0.22639412715517243 0.169427981321839
0 0.2280778556034483 0.254736889367816 0.22471039870689652 0.950677981321839 0.24912446120689657 0.950677981321839 0.2457570043103448 0.2513694324712643
0 0.25417564655172414 0.25249191810344823 0.2592268318965517 0.9551679238505747 0.31563173491379315 0.9529229525862069 0.31310614224137934 0.25585937499999994
0 0.3215247844827587 0.06054687499999994 0.3299434267241379 0.9574128951149424 0.3577249461206896 0.9607803520114943 0.3501481681034483 0.06166936063218384
0 0.3594086745689655 0.06054687499999994 0.36361799568965514 0.9562904094827586 0.3956088362068966 0.9619028376436781 0.39139951508620685 0.06166936063218384
0 0.4031856142241379 0.06728178879310338 0.40234375 0.9574128951149424 0.4267578125 0.9574128951149424 0.4292834051724138 0.07177173132183902
0 0.43517645474137934 0.13126346982758616 0.43686018318965514 0.9663927801724137 0.45874865301724144 0.964147808908046 0.46127424568965514 0.13014098419540224
0 0.4713766163793104 0.17391792385057467 0.46464170258620696 0.9607803520114943 0.48905576508620696 0.9607803520114943 0.49158135775862066 0.17504040948275856
0 0.5025255926724138 0.07064924568965511 0.4924232219827587 0.9708827227011493 0.5159954202586207 0.9720052083333334 0.5202047413793104 0.07064924568965511
0 0.5269396551724138 0.07064924568965511 0.5185210129310345 0.9663927801724137 0.5395676185344828 0.9652702945402298 0.5404094827586207 0.07177173132183902
0 0.548828125 0.07401670258620684 0.5463025323275862 0.866491558908046 0.5665072737068966 0.866491558908046 0.562297952586207 0.07626167385057465
0 0.5715584590517242 0.07513918821839073 0.5724003232758621 0.8485317887931033 0.5917632004310345 0.8485317887931033 0.5883957435344828 0.07513918821839073
0 0.5934469288793104 0.08524155890804591 0.5984981142241379 0.8586341594827586 0.6136516702586207 0.8620016163793104 0.611126077586207 0.08187410201149418
0 0.6170191271551725 0.08636404454022982 0.6237540409482759 0.8608791307471263 0.6405913254310345 0.8608791307471263 0.6363820043103449 0.08748653017241374
0 0.6422750538793104 0.14810075431034478 0.6490099676724138 0.853021731321839 0.6675309806034483 0.854144216954023 0.6633216594827587 0.14922323994252867
0 0.6700565732758621 0.2738191451149425 0.6742658943965517 0.8563891882183907 0.7020474137931034 0.8563891882183907 0.6927869073275862 0.2738191451149425
0 0.7003636853448276 0.2771866020114942 0.707098599137931 0.8552667025862069 0.733196390086207 0.8552667025862069 0.7230940193965517 0.2783090876436781
0 0.7264614762931034 0.2839215158045976 0.7365638469827587 0.853021731321839 0.7626616379310345 0.853021731321839 0.7475080818965517 0.28504400143678155
0 0.7525592672413793 0.2502469468390804 0.7677128232758621 0.8474093031609194 0.7971780711206897 0.8474093031609194 0.780340786637931 0.2502469468390804
0 0.782024515086207 0.2087149784482758 0.8013873922413793 0.8451643318965516 0.8241177262931035 0.8451643318965516 0.8013873922413793 0.2087149784482758
0 0.8098060344827586 0.23789960488505743 0.8300107758620691 0.8485317887931033 0.8729458512931035 0.8462868175287356 0.8577922952586207 0.23902209051724133
0 0.8805226293103449 0.2906564295977011 0.8973599137931035 0.853021731321839 0.9192483836206896 0.8496542744252874 0.9032529633620691 0.28504400143678155
0 0.915880926724138 0.169427981321839 0.9268251616379312 0.8395519037356322 0.9554485452586207 0.840674389367816 0.9360856681034483 0.1671830100574712
0 0.9352438038793104 0.12116109913793098 0.9571322737068967 0.8474093031609194 0.9882812500000001 0.8440418462643677 0.9655509159482759 0.12116109913793098
