0 0.004141971982758591 0.049322018678160856 0.031081627155172403 0.81597970545977 0.06391433189655171 0.817102191091954 0.04034213362068964 0.049322018678160856
0 0.04539331896551724 0.00554507902298844 0.06812365301724138 0.8215921336206896 0.0992726293103448 0.8227146192528735 0.08159348060344829 0.002177622126436716
0 0.09422144396551724 0.08636404454022982 0.109375 0.8204696479885056 0.1548356681034483 0.8227146192528735 0.14304956896551724 0.08973150143678155
0 0.15315193965517243 0.07626167385057465 0.16577990301724138 0.8260820761494253 0.1969288793103448 0.828327047413793 0.1859846443965517 0.07850664511494247
0 0.19524515086206895 0.07064924568965511 0.20198006465517243 0.8249595905172414 0.23649649784482757 0.8305720186781609 0.2322871767241379 0.06615930316091947
0 0.23902209051724138 0.05044450431034476 0.2449151400862069 0.829449533045977 0.27606411637931033 0.829449533045977 0.27101293103448276 0.04707704741379304
0 0.2769059806034483 0.08075161637931028 0.2827990301724138 0.8361844468390803 0.3122642780172413 0.8361844468390803 0.3080549568965517 0.084119073275862
0 0.3122642780172413 0.07177173132183902 0.3274178340517241 0.8395519037356322 0.36866918103448276 0.8451643318965516 0.36277613146551724 0.06840427442528729
0 0.3754040948275862 0.07401670258620684 0.3787715517241379 0.8496542744252874 0.41665544181034486 0.8496542744252874 0.4217066271551724 0.07850664511494247
0 0.4309671336206896 0.08299658764367811 0.4292834051724138 0.8518992456896551 0.4696928879310345 0.8552667025862069 0.4797952586206896 0.08075161637931028
0 0.48989762931034486 0.05493444683908039 0.4823208512931034 0.854144216954023 0.513469827586207 0.8586341594827586 0.5193628771551724 0.0560569324712643
0 0.5294652478448276 0.05717941810344821 0.5244140625 0.8563891882183907 0.5513537176724138 0.8563891882183907 0.5597723599137931 0.053811961206896484
0 0.5681910021551725 0.0560569324712643 0.560614224137931 0.8575116738505747 0.6043911637931034 0.8642465876436781 0.610284213362069 0.0560569324712643
0 0.6245959051724138 0.07401670258620684 0.6153353987068966 0.865369073275862 0.6641635237068966 0.8676140445402298 0.6767914870689655 0.07401670258620684
0 0.6902613146551725 0.084119073275862 0.6759496228448276 0.866491558908046 0.7306707974137931 0.8709815014367815 0.7508755387931034 0.08748653017241374
0 0.7794989224137931 0.08299658764367811 0.756768588362069 0.8754714439655172 0.8148572198275862 0.878838900862069 0.8434806034482759 0.08299658764367811
0 0.8897831357758622 0.017892420977011433 0.842638739224138 0.8866963002873564 0.8880994073275862 0.8900637571839081 0.9352438038793104 0.014524964080459704
0 0.9604997306034483 0.020137392241379243 0.901569234913793 0.8799613864942528 0.9571322737068967 0.8889412715517241 0.9983836206896551 0.015647449712643615
