0 0.09758890086206895 0.09871138649425282 0.15399380387931033 0.9349631824712644 0.2045056573275862 0.9360856681034483 0.1548356681034483 0.10207884339080453
0 0.1615705818965517 0.10656878591954017 0.2095568426724138 0.9372081537356322 0.26006869612068967 0.9349631824712644 0.2213429418103448 0.10544630028735626
0 0.22976158405172414 0.10993624281609189 0.2659617456896552 0.9349631824712644 0.31394800646551724 0.9349631824712644 0.2878502155172414 0.1133036997126436
0 0.30047817887931033 0.11442618534482753 0.31899919181034486 0.9304732399425287 0.3711947737068966 0.9327182112068965 0.3543574892241379 0.11667115660919535
0 0.36361799568965514 0.11891612787356315 0.3770878232758621 0.9327182112068965 0.43854391163793105 0.9282282686781609 0.43601831896551724 0.11891612787356315
0 0.451171875 0.11779364224137924 0.4469625538793104 0.927105783045977 0.512627963362069 0.9214933548850573 0.5235721982758621 0.12228358477011488
0 0.5328327047413793 0.09871138649425282 0.5227303340517242 0.9203708692528735 0.5732421875 0.9192483836206896 0.5984981142241379 0.0975889008620689
0 0.6086004849137931 0.10656878591954017 0.5808189655172414 0.9113909841954023 0.5816608297413793 0.9125134698275862 0.6321726831896552 0.9102684985632185 0.6692147090517242 0.11218121408045971
0 0.671740301724138 0.13014098419540224 0.6389075969827587 0.902411099137931 0.7003636853448276 0.9012886135057471 0.7491918103448276 0.13799838362068959
0 0.7643453663793104 0.13799838362068959 0.7104660560344828 0.8990436422413793 0.793810614224138 0.9069010416666666 0.8620016163793104 0.1402433548850574
