0 0.046235183189655166 0.05493444683908039 0.007509428879310331 0.8182246767241379 0.030239762931034475 0.8137347341954023 0.06643992456896552 0.06503681752873557
0 0.06980738146551724 0.06615930316091947 0.0369746767241379 0.8148572198275862 0.05717941810344823 0.8114897629310344 0.08917025862068961 0.06728178879310338
0 0.09506330818965514 0.07064924568965511 0.059705010775862044 0.8193471623563218 0.09169585129310343 0.8215921336206896 0.11695177801724138 0.07738415948275855
0 0.12873787715517238 0.07626167385057465 0.09758890086206895 0.8204696479885056 0.12537042025862066 0.8215921336206896 0.15062634698275862 0.07850664511494247
0 0.15231007543103448 0.1391208692528735 0.12957974137931033 0.8238371048850573 0.1472588900862069 0.8238371048850573 0.17419854525862066 0.14136584051724133
0 0.1725148168103448 0.26708423132183906 0.1548356681034483 0.8350619612068965 0.1851427801724138 0.8373069324712644 0.20282192887931033 0.26820671695402293
0 0.20534752155172414 0.2704516882183908 0.18851023706896552 0.8440418462643677 0.2179754849137931 0.8451643318965516 0.23060344827586204 0.26708423132183906
0 0.23565463362068967 0.2738191451149425 0.22976158405172414 0.840674389367816 0.2634361530172414 0.840674389367816 0.2668036099137931 0.2738191451149425
0 0.2726966594827586 0.24463451867816088 0.2693292025862069 0.8451643318965516 0.3021619073275862 0.8462868175287356 0.30047817887931033 0.24463451867816088
0 0.3063712284482759 0.20085757902298843 0.3072130926724138 0.8451643318965516 0.3291015625 0.8462868175287356 0.3274178340517241 0.20198006465517238
0 0.3274178340517241 0.23453214798850572 0.3349946120689655 0.8462868175287356 0.39392510775862066 0.8462868175287356 0.38719019396551724 0.23228717672413787
0 0.3956088362068966 0.27269665948275856 0.3998181573275862 0.8496542744252874 0.4267578125 0.8496542744252874 0.4191810344827587 0.2783090876436781
0 0.4292834051724138 0.15932561063218384 0.4334927262931034 0.8518992456896551 0.4579067887931034 0.854144216954023 0.4536974676724138 0.15708063936781605
0 0.46295797413793105 0.1133036997126436 0.46632543103448276 0.8485317887931033 0.4966325431034483 0.8485317887931033 0.48568830818965514 0.11554867097701144
0 0.49158135775862066 0.09983387212643673 0.5 0.8518992456896551 0.5193628771551724 0.8518992456896551 0.512627963362069 0.09422144396551718
0 0.5176791487068966 0.17167295258620685 0.5277815193965517 0.8496542744252874 0.5631398168103449 0.8507767600574713 0.5496699892241379 0.169427981321839
0 0.5597723599137931 0.17279543821839075 0.5673491379310345 0.8496542744252874 0.5993399784482759 0.8462868175287356 0.5892376077586207 0.17167295258620685
0 0.5993399784482759 0.23789960488505743 0.6043911637931034 0.8451643318965516 0.6490099676724138 0.8462868175287356 0.6422750538793104 0.22891971982758616
0 0.6641635237068966 0.19636763649425282 0.6624797952586207 0.8474093031609194 0.707940463362069 0.8485317887931033 0.7062567349137931 0.1974901221264367
0 0.7121497844827587 0.21769486350574707 0.7138335129310345 0.8462868175287356 0.744982489224138 0.8474093031609194 0.744140625 0.22442977729885052
0 0.7609779094827587 0.19973509339080453 0.757610452586207 0.8485317887931033 0.7980199353448276 0.8462868175287356 0.7971780711206897 0.19973509339080453
0 0.806438577586207 0.15708063936781605 0.8005455280172414 0.8474093031609194 0.8502155172413793 0.8462868175287356 0.8518992456896551 0.16269306752873558
0 0.8628434806034483 0.10432381465517236 0.855266702586207 0.8440418462643677 0.9150390625000001 0.8451643318965516 0.9175646551724138 0.10207884339080453
