0 0.003072102864583315 0.7516004774305557 0.016296386718749944 0.8804524739583335 0.05088297526041663 0.8790961371527778 2.034505208331483e-05 0.506103515625
0 0.0020548502604166297 0.503390842013889 0.051900227864583315 0.881808810763889 0.10174560546874994 0.8831651475694445 0.033589680989583315 0.24026150173611108 0.0 0.24537992931547617 2.034505208331483e-05 0.24704318576388887
0 0.03867594401041663 0.24026150173611108 0.09869384765624994 0.24161783854166666 0.15362548828124994 0.881808810763889 0.10072835286458331 0.8804524739583335
0 0.09767659505208331 0.23619249131944442 0.14243570963541663 0.24026150173611108 0.19736735026041663 0.8845214843750001 0.15159098307291663 0.8913031684027778
0 0.14040120442708331 0.23890516493055555 0.18922932942708331 0.237548828125 0.24110921223958331 0.8845214843750001 0.20143636067708331 0.8858778211805557
0 0.19736735026041663 0.3202853732638889 0.23805745442708331 0.322998046875 0.2777303059895833 0.8845214843750001 0.24314371744791669 0.881808810763889
0 0.24110921223958331 0.322998046875 0.28179931640624994 0.3257107204861111 0.3204549153645833 0.881808810763889 0.27874755859374994 0.8858778211805557
0 0.27264404296874994 0.22805447048611108 0.3174031575520833 0.22669813368055555 0.3591105143229167 0.894015842013889 0.3163859049479167 0.8899468315972223
0 0.3224894205729167 0.23347981770833334 0.3601277669270833 0.2307671440972222 0.38861083984374994 0.8885904947916669 0.3591105143229167 0.8913031684027778
0 0.36114501953124994 0.22941080729166666 0.3987833658854167 0.2307671440972222 0.4231974283854167 0.8913031684027778 0.3936971028645833 0.8913031684027778
0 0.3998006184895833 0.2307671440972222 0.4272664388020833 0.23212348090277776 0.4506632486979167 0.8885904947916669 0.4262491861979167 0.8926595052083335
0 0.42828369140624994 0.21584743923611108 0.4628702799479167 0.21449110243055555 0.48321533203124994 0.8980848524305557 0.4516805013020833 0.8967285156250001
0 0.46185302734374994 0.21042209201388887 0.5157674153645833 0.213134765625 0.5330607096354167 0.8980848524305557 0.4842325846354167 0.8994411892361112
0 0.52288818359375 0.2429741753472222 0.5645955403645833 0.237548828125 0.57171630859375 0.8980848524305557 0.53204345703125 0.8994411892361112
0 0.5615437825520833 0.3094346788194444 0.6317342122395833 0.3067220052083333 0.63275146484375 0.8980848524305557 0.57781982421875 0.8980848524305557
0 0.6307169596354167 0.3012966579861111 0.68463134765625 0.3040093315972222 0.67547607421875 0.8980848524305557 0.6337687174479167 0.9007975260416669
0 0.68768310546875 0.2999403211805555 0.73040771484375 0.2972276475694444 0.7171834309895833 0.9021538628472223 0.6775105794270833 0.9021538628472223
0 0.7344767252604167 0.19278971354166666 0.7812703450520835 0.19685872395833334 0.7649943033854167 0.8994411892361112 0.7171834309895833 0.9035101996527778
0 0.7812703450520835 0.19957139756944442 0.8239949544270835 0.19278971354166666 0.80670166015625 0.906222873263889 0.77008056640625 0.906222873263889
0 0.8270467122395835 0.22127278645833334 0.8718058268229167 0.22262912326388887 0.8443400065104167 0.9075792100694445 0.81280517578125 0.9021538628472223
0 0.8748575846354167 0.18465169270833334 0.9175821940104167 0.18329535590277776 0.8809611002604167 0.9021538628472223 0.8473917643229167 0.9048665364583335
0 0.9236857096354167 0.17922634548611108 0.95928955078125 0.176513671875 0.9216512044270835 0.918429904513889 0.87994384765625 0.906222873263889
