0 0.0 0.22106232040229878 0.022662984913793094 0.22442977729885052 0.027714170258620663 0.8260820761494253 0.0 0.828327047413793
0 0.031081627155172403 0.22442977729885052 0.05717941810344823 0.22330729166666663 0.0613887392241379 0.8215921336206896 0.034449084051724116 0.8249595905172414
0 0.062230603448275856 0.20085757902298843 0.08832839439655171 0.1974901221264367 0.096747036637931 0.8238371048850573 0.072332974137931 0.828327047413793
0 0.0992726293103448 0.1974901221264367 0.12452855603448276 0.19524515086206892 0.1312634698275862 0.828327047413793 0.10600754310344829 0.829449533045977
0 0.1346309267241379 0.19973509339080453 0.16072871767241376 0.19636763649425282 0.16746363146551724 0.828327047413793 0.13547279094827586 0.8272045617816092
0 0.1716729525862069 0.23902209051724133 0.19861260775862066 0.23789960488505743 0.20282192887931033 0.8316945043103448 0.17588227370689652 0.8238371048850573
0 0.20029633620689652 0.21769486350574707 0.22555226293103448 0.21769486350574707 0.22976158405172414 0.8305720186781609 0.20534752155172414 0.828327047413793
0 0.2339709051724138 0.21657237787356318 0.26006869612068967 0.21769486350574707 0.2659617456896552 0.828327047413793 0.2348127693965517 0.8350619612068965
0 0.26848733836206895 0.22779723419540224 0.2743803879310345 0.8328169899425286 0.3063712284482759 0.8328169899425286 0.3030037715517241 0.22891971982758616
0 0.3122642780172413 0.22667474856321834 0.34088766163793105 0.22667474856321834 0.3459388469827587 0.8328169899425286 0.3122642780172413 0.8305720186781609
0 0.34425511853448276 0.18514278017241373 0.3754040948275862 0.18402029454022983 0.3804552801724138 0.8350619612068965 0.3509900323275862 0.8316945043103448
0 0.3804552801724138 0.2367771192528735 0.38887392241379315 0.8316945043103448 0.4208647629310345 0.8373069324712644 0.41581357758620685 0.23453214798850572
0 0.4233903556034483 0.23453214798850572 0.4301252693965517 0.8316945043103448 0.45959051724137934 0.8328169899425286 0.4570649245689655 0.23340966235632177
0 0.46716729525862066 0.23116469109195395 0.4688510237068966 0.8328169899425286 0.5151535560344828 0.8361844468390803 0.5159954202586207 0.23340966235632177
0 0.5269396551724138 0.23004220545977005 0.5252559267241379 0.8373069324712644 0.5749259159482759 0.840674389367816 0.5740840517241379 0.22442977729885052
0 0.5909213362068966 0.19973509339080453 0.5808189655172414 0.8384294181034483 0.6086004849137931 0.8429193606321839 0.6170191271551725 0.1974901221264367
0 0.6245959051724138 0.1974901221264367 0.6144935344827587 0.841796875 0.6431169181034483 0.841796875 0.6506936961206897 0.1974901221264367
0 0.6607960668103449 0.21432740660919536 0.6523774245689655 0.8361844468390803 0.6793170797413793 0.840674389367816 0.6885775862068966 0.2087149784482758
0 0.6969962284482759 0.19636763649425282 0.6868938577586207 0.8440418462643677 0.7214102909482759 0.8440418462643677 0.7340382543103449 0.1930001795977011
0 0.7407731681034483 0.19075520833333326 0.732354525862069 0.8429193606321839 0.7668709590517242 0.8440418462643677 0.782024515086207 0.18626526580459765
0 0.7887594288793104 0.18626526580459765 0.7752896012931035 0.8462868175287356 0.8114897629310346 0.8474093031609194 0.8266433189655172 0.18514278017241373
0 0.8350619612068967 0.1930001795977011 0.8249595905172414 0.8507767600574713 0.8704202586206896 0.854144216954023 0.8872575431034483 0.19524515086206892
0 0.9032529633620691 0.1918776939655172 0.8822063577586207 0.8474093031609194 0.928508890086207 0.8496542744252874 0.950397359913793 0.1918776939655172
