0 0.010035021551724116 0.304126257183908 0.01676993534482757 0.8384294181034483 0.050444504310344807 0.840674389367816 0.04791891163793102 0.3052487428160919
0 0.05297009698275862 0.3030037715517241 0.058863146551724144 0.8429193606321839 0.08411907327586204 0.8451643318965516 0.08159348060344829 0.29851382902298845
0 0.08748653017241376 0.29739134339080453 0.09085398706896552 0.8474093031609194 0.09085398706896552 0.8474093031609194 0.11863550646551724 0.8451643318965516 0.11526804956896552 0.29739134339080453
0 0.12200296336206895 0.2760641163793103 0.12789601293103448 0.8485317887931033 0.16325431034482757 0.8485317887931033 0.1556775323275862 0.27157417385057464
0 0.16409617456896552 0.2906564295977011 0.1716729525862069 0.8474093031609194 0.20534752155172414 0.8485317887931033 0.19861260775862066 0.2906564295977011
0 0.20534752155172414 0.28279903017241376 0.21292429956896552 0.853021731321839 0.24744073275862066 0.853021731321839 0.24323141163793105 0.2839215158045976
0 0.24912446120689657 0.2783090876436781 0.255859375 0.8507767600574713 0.2912176724137931 0.853021731321839 0.28532462284482757 0.2771866020114942
0 0.29205953663793105 0.2760641163793103 0.29963631465517243 0.854144216954023 0.3307852909482759 0.8552667025862069 0.3274178340517241 0.2771866020114942
0 0.3333108836206896 0.27269665948275856 0.3349946120689655 0.8575116738505747 0.36193426724137934 0.8608791307471263 0.3602505387931034 0.27269665948275856
0 0.36445985991379315 0.26820671695402293 0.36698545258620685 0.8620016163793104 0.3947669719827587 0.8620016163793104 0.39139951508620685 0.26708423132183906
0 0.4006600215517242 0.26708423132183906 0.4006600215517242 0.8620016163793104 0.4267578125 0.8642465876436781 0.4301252693965517 0.26259428879310337
0 0.43854391163793105 0.26259428879310337 0.4334927262931034 0.8642465876436781 0.46295797413793105 0.865369073275862 0.46464170258620696 0.2603493175287356
0 0.4739022090517242 0.2468794899425287 0.4705347521551724 0.8687365301724137 0.512627963362069 0.8709815014367815 0.5151535560344828 0.24238954741379304
0 0.5277815193965517 0.24126706178160914 0.5168372844827587 0.8698590158045977 0.5589304956896551 0.8754714439655172 0.5665072737068966 0.2356546336206896
0 0.5732421875 0.2502469468390804 0.5665072737068966 0.8754714439655172 0.5951306573275862 0.8754714439655172 0.59765625 0.2480019755747126
0 0.6060748922413793 0.24238954741379304 0.5993399784482759 0.8743489583333334 0.6279633620689655 0.8777164152298851 0.6363820043103449 0.23789960488505743
0 0.6448006465517242 0.22330729166666663 0.6363820043103449 0.8799613864942528 0.6734240301724138 0.8822063577586207 0.6868938577586207 0.22667474856321834
0 0.6986799568965517 0.2199398347701149 0.6877357219827587 0.8799613864942528 0.733196390086207 0.8810838721264367 0.7500336745689655 0.21657237787356318
0 0.7584523168103449 0.28504400143678155 0.7466662176724138 0.8799613864942528 0.793810614224138 0.8878187859195402 0.8098060344827586 0.2839215158045976
0 0.8190665409482759 0.27943157327586204 0.803912984913793 0.8878187859195402 0.8502155172413793 0.8945536997126436 0.8712621228448277 0.27943157327586204
