0 0.047077047413793094 0.291778915229885 0.050444504310344807 0.950677981321839 0.072332974137931 0.9540454382183907 0.06812365301724138 0.2884114583333333
0 0.072332974137931 0.27943157327586204 0.07990975215517238 0.9607803520114943 0.11274245689655171 0.9596578663793104 0.10348195043103448 0.2771866020114942
0 0.11695177801724138 0.28167654454022983 0.1203192349137931 0.9585353807471263 0.14894261853448276 0.9619028376436781 0.14304956896551724 0.2760641163793103
0 0.1481007543103448 0.18289780890804594 0.1556775323275862 0.9663927801724137 0.19103582974137928 0.9663927801724137 0.18682650862068967 0.18402029454022983
0 0.19777074353448276 0.17616289511494246 0.20198006465517243 0.9686377514367815 0.2423895474137931 0.9663927801724137 0.23649649784482757 0.17616289511494246
0 0.2567012392241379 0.20310255028735627 0.25754310344827586 0.9619028376436781 0.3063712284482759 0.9607803520114943 0.3021619073275862 0.20310255028735627
0 0.3072130926724138 0.19524515086206892 0.3114224137931034 0.9708827227011493 0.36530172413793105 0.9675152658045977 0.3543574892241379 0.1930001795977011
0 0.36361799568965514 0.13238595545977005 0.3720366379310345 0.9708827227011493 0.41076239224137934 0.9652702945402298 0.3998181573275862 0.13463092672413787
0 0.41244612068965514 0.1974901221264367 0.4217066271551724 0.9585353807471263 0.4579067887931034 0.9562904094827586 0.4520137392241379 0.19973509339080453
0 0.451171875 0.11218121408045971 0.46632543103448276 0.964147808908046 0.5202047413793104 0.9630253232758621 0.5075767780172414 0.10432381465517236
0 0.511786099137931 0.1391208692528735 0.5286233836206897 0.964147808908046 0.5791352370689655 0.9630253232758621 0.5648235452586207 0.13799838362068959
0 0.5698747306034483 0.20085757902298843 0.585870150862069 0.9439430675287356 0.6296470905172414 0.9450655531609194 0.6060748922413793 0.2042250359195402
0 0.6136516702586207 0.21095994971264362 0.6321726831896552 0.9405756106321839 0.659112338362069 0.9372081537356322 0.6405913254310345 0.2075924928160919
0 0.6481681034482759 0.2199398347701149 0.6666891163793104 0.925983297413793 0.6953125 0.925983297413793 0.6776333512931034 0.21095994971264362
0 0.6902613146551725 0.09534392959770109 0.7121497844827587 0.9484330100574713 0.7475080818965517 0.9461880387931033 0.7222521551724138 0.09197647270114935
0 0.732354525862069 0.08973150143678155 0.7592941810344828 0.9529229525862069 0.7988617995689655 0.950677981321839 0.7677128232758621 0.07850664511494247
0 0.8140153556034483 0.051566989942528674 0.8502155172413793 0.9899649784482758 0.9436624461206896 0.9877200071839081 0.9116716056034483 0.03472970545977005
