0 0.003300107758620663 0.35014816810344823 0.12789601293103448 0.9248608117816092 0.17756600215517243 0.9080235272988505 0.03276535560344826 0.12677352729885052
0 0.0420258620689655 0.16157058189655168 0.1851427801724138 0.9237383261494253 0.2171336206896552 0.9158809267241379 0.08243534482758619 0.15595815373563213
0 0.096747036637931 0.1649380387931034 0.22555226293103448 0.9158809267241379 0.2726966594827586 0.9080235272988505 0.15231007543103448 0.16157058189655168
0 0.16662176724137928 0.13799838362068959 0.28532462284482757 0.9012886135057471 0.33920393318965514 0.8911862428160919 0.2348127693965517 0.12789601293103442
0 0.24323141163793105 0.1391208692528735 0.3459388469827587 0.8990436422413793 0.3947669719827587 0.8945536997126436 0.3080549568965517 0.1256510416666666
0 0.3232085129310345 0.16381555316091947 0.40234375 0.8979211566091952 0.451171875 0.8934312140804597 0.3838227370689655 0.16044809626436776
0 0.3947669719827587 0.17504040948275856 0.45874865301724144 0.8967986709770114 0.4991581357758621 0.8923087284482758 0.44191136853448276 0.16157058189655168
0 0.44022764008620685 0.02911727729885051 0.5042093211206897 0.8967986709770114 0.5218884698275862 0.8967986709770114 0.46295797413793105 0.026872306034482693
0 0.4696928879310345 0.025749820402298788 0.5277815193965517 0.8967986709770114 0.5395676185344828 0.8934312140804597 0.48484644396551724 0.021259877873563152
0 0.4966325431034483 0.02911727729885051 0.5454606681034483 0.8967986709770114 0.5698747306034483 0.8967986709770114 0.5235721982758621 0.020137392241379243
0 0.5286233836206897 0.012279992816091887 0.5774515086206897 0.8979211566091952 0.6187028556034483 0.8934312140804597 0.5959725215517242 0.013402478448275796
0 0.6077586206896552 0.08748653017241374 0.6237540409482759 0.878838900862069 0.671740301724138 0.8732264727011493 0.6742658943965517 0.08636404454022982
0 0.6885775862068966 0.08748653017241374 0.683526400862069 0.8833288433908045 0.7298289331896552 0.8810838721264367 0.7517174030172414 0.08299658764367811
0 0.7635035021551725 0.02462733477011488 0.7382475754310345 0.8945536997126436 0.7896012931034483 0.8855738146551723 0.8359038254310346 0.026872306034482693
0 0.8409550107758622 0.12116109913793098 0.7971780711206897 0.8878187859195402 0.8316945043103449 0.8878187859195402 0.8923087284482759 0.11442618534482753
0 0.9007273706896551 0.12452855603448269 0.8392712823275862 0.8687365301724137 0.8712621228448277 0.8676140445402298 0.9478717672413793 0.12116109913793098
