0 0.010876885775862044 0.09646641522988499 0.12452855603448276 0.9663927801724137 0.1826171875 0.9675152658045977 0.10516567887931033 0.09871138649425282
0 0.11610991379310343 0.0975889008620689 0.19440328663793105 0.9708827227011493 0.2693292025862069 0.9596578663793104 0.2205010775862069 0.09646641522988499
0 0.22386853448275862 0.03472970545977005 0.27943157327586204 0.9596578663793104 0.3232085129310345 0.9585353807471263 0.2878502155172414 0.038097162356321775
0 0.2979525862068966 0.036974676724137866 0.3299434267241379 0.9619028376436781 0.3762459590517241 0.9596578663793104 0.3568830818965517 0.036974676724137866
0 0.36614358836206895 0.03921964798850568 0.3779296875 0.9708827227011493 0.4284415409482759 0.9708827227011493 0.43770204741379315 0.04034213362068959
0 0.4528556034482759 0.04483207614942522 0.43686018318965514 0.9619028376436781 0.49073949353448276 0.9675152658045977 0.5328327047413793 0.04707704741379304
0 0.5345164331896551 0.11442618534482753 0.4957906788793104 0.9596578663793104 0.5387257543103449 0.9663927801724137 0.6035492995689655 0.11442618534482753
0 0.6136516702586207 0.13014098419540224 0.5479862607758621 0.9304732399425287 0.5926050646551725 0.9338406968390803 0.6692147090517242 0.1368758979885057
0 0.6532192887931034 0.34902568247126436 0.5942887931034483 0.9495554956896551 0.6313308189655172 0.9529229525862069 0.6911031788793104 0.35912805316091956
0 0.7113079202586207 0.2356546336206896 0.6389075969827587 0.9551679238505747 0.6793170797413793 0.9686377514367815 0.7702384159482759 0.24014457614942522
0 0.7778151939655172 0.24463451867816088 0.683526400862069 0.9776176364942528 0.7306707974137931 0.9821075790229884 0.8350619612068967 0.24575700431034478
0 0.8375875538793104 0.24014457614942522 0.732354525862069 0.9776176364942528 0.7458243534482759 0.976495150862069 0.8611597521551725 0.24238954741379304
0 0.8662109375000001 0.23789960488505743 0.7525592672413793 0.9720052083333334 0.7702384159482759 0.9742501795977011 0.8822063577586207 0.24238954741379304
0 0.8864156788793104 0.23902209051724133 0.7719221443965517 0.9562904094827586 0.7963362068965517 0.9551679238505747 0.9108297413793104 0.23902209051724133
0 0.9133553340517241 0.24351203304597693 0.8013873922413793 0.939453125 0.8215921336206896 0.9405756106321839 0.940294989224138 0.24238954741379304
0 0.9562904094827586 0.23902209051724133 0.828327047413793 0.9540454382183907 0.8788389008620691 0.9652702945402298 0.999755859375 0.3479574010794777
