0 0.054177989130434784 0.0011039402173913457 0.18898607336956522 0.7965070199275363 0.11468240489130435 0.7936764039855072 0.0 0.29505725228418384 4.2459239130460125e-05 0.002519248188405839
0 0.05311650815217392 0.7880151721014492 0.093452785326087 0.7950917119565218 -1.3877787807814457e-17 0.3288326539855071 0.0 0.5403362771739131
0 0.07753057065217392 0.2020776721014493 0.1316661005434783 0.19500113224637683 0.23356827445652176 0.8049988677536232 0.1836786684782609 0.8049988677536232
0 0.1316661005434783 0.2006623641304348 0.17518682065217392 0.19641644021739132 0.2707201086956522 0.8092447916666666 0.23356827445652176 0.8021682518115942
0 0.17094089673913046 0.14405004528985513 0.27602751358695654 0.824813179347826 0.3174252717391304 0.824813179347826 0.2187075407608696 0.13838881340579715
0 0.23356827445652176 0.13838881340579715 0.3259171195652174 0.8177366394927535 0.3694378396739131 0.8333050271739131 0.28451936141304346 0.13697350543478265
0 0.30256453804347827 0.15395720108695657 0.37899116847826086 0.8191519474637681 0.4140200407608695 0.827643795289855 0.3322860054347826 0.15537250905797104
0 0.3322860054347826 0.15961843297101455 0.4150815217391304 0.8531193387681159 0.4458644701086957 0.8531193387681159 0.38005264945652173 0.1454653532608696
0 0.37899116847826086 0.15112658514492758 0.4458644701086957 0.8630264945652174 0.4840777853260869 0.8672724184782609 0.42463485054347827 0.14405004528985513
0 0.4299422554347826 0.13697350543478265 0.4883237092391304 0.861611186594203 0.5297214673913043 0.8644418025362319 0.4724014945652174 0.1256510416666667
0 0.47983186141304346 0.15112658514492758 0.531844429347826 0.8658571105072465 0.5764266304347826 0.861611186594203 0.5350288722826086 0.14121942934782614
0 0.5360903532608695 0.09026834239130438 0.5753651494565217 0.8545346467391304 0.6178243885869565 0.861611186594203 0.5785495923913043 0.08460711050724641
0 0.5881029211956521 0.15112658514492758 0.6178243885869565 0.8587805706521738 0.6496688179347826 0.8644418025362319 0.6284391983695652 0.1482959692028986
0 0.629500679347826 0.1426347373188406 0.6486073369565217 0.8658571105072465 0.6815132472826086 0.8729336503623188 0.6666525135869565 0.1468806612318841
0 0.6687754755434783 0.14971127717391308 0.6825747282608695 0.8729336503623188 0.7398947010869565 0.8842561141304347 0.7398947010869565 0.1426347373188406
0 0.7398947010869565 0.15820312500000003 0.7398947010869565 0.8672724184782609 0.7738620923913043 0.8785948822463768 0.7812924592391304 0.1482959692028986
0 0.784476902173913 0.15395720108695657 0.7749235733695652 0.8729336503623188 0.8110139266304348 0.8842561141304347 0.8248131793478259 0.1482959692028986
0 0.8301205842391304 0.12282042572463771 0.816321331521739 0.8998245018115942 0.8683338994565217 0.9153928894927535 0.9001783288043479 0.11857450181159424
