0 0.02518857758620688 0.03472970545977005 0.2095568426724138 0.9304732399425287 0.25754310344827586 0.925983297413793 0.09169585129310343 0.016769935344827524
0 0.13294719827586204 0.1649380387931034 0.2735385237068966 0.9293507543103448 0.3240503771551724 0.9226158405172414 0.20198006465517243 0.15932561063218384
0 0.22723599137931033 0.2098374640804597 0.34088766163793105 0.8967986709770114 0.36866918103448276 0.8923087284482758 0.26848733836206895 0.19636763649425282
0 0.27185479525862066 0.17279543821839075 0.3787715517241379 0.9125134698275862 0.4225484913793104 0.9069010416666666 0.3232085129310345 0.16381555316091947
0 0.33920393318965514 0.2042250359195402 0.4284415409482759 0.9102684985632185 0.4705347521551724 0.9035335847701149 0.3947669719827587 0.19636763649425282
0 0.4040274784482759 0.18402029454022983 0.48316271551724144 0.9069010416666666 0.5404094827586207 0.9001661278735632 0.4814789870689655 0.18065283764367812
0 0.4949488146551724 0.194122665229885 0.5564049030172414 0.9102684985632185 0.6086004849137931 0.9001661278735632 0.5732421875 0.18402029454022983
0 0.5951306573275862 0.22330729166666663 0.6203865840517242 0.8979211566091952 0.6675309806034483 0.9001661278735632 0.6490099676724138 0.21432740660919536
0 0.6633216594827587 0.22555226293103445 0.6751077586206897 0.902411099137931 0.732354525862069 0.8990436422413793 0.731512661637931 0.21769486350574707
0 0.7432987607758621 0.24126706178160914 0.7912850215517242 0.9102684985632185 0.8333782327586207 0.9035335847701149 0.7879175646551725 0.2367771192528735
0 0.7946524784482759 0.23902209051724133 0.8375875538793104 0.9035335847701149 0.8805226293103449 0.8956761853448275 0.8451643318965517 0.22779723419540224
0 0.8594760237068967 0.2491244612068965 0.8864156788793104 0.8967986709770114 0.9209321120689656 0.8990436422413793 0.9007273706896551 0.24238954741379304
0 0.9091460129310346 0.24575700431034478 0.9242995689655172 0.8979211566091952 0.952922952586207 0.8990436422413793 0.9318763469827586 0.23902209051724133
0 0.9487136314655172 0.25249191810344823 0.9630253232758622 0.9001661278735632 0.999755859375 0.9001661278735632 0.999755859375 0.2480019755747126
