0 0.0011039402173913249 0.8715183423913043 0.007472826086956541 0.9974807518115942 0.042501698369565216 0.9974807518115942 4.2459239130460125e-05 0.3917289402173913
0 0.044624660326087 0.9946501358695653 0.06266983695652176 0.9946501358695653 0.0011039402173913249 0.14405004528985513 0.0021654211956521896 0.356346240942029
0 0.01490319293478265 0.07328464673913047 4.2459239130460125e-05 0.07328464673913047 0.060505307080775006 0.9996744791666669 0.07328464673913046 0.9974807518115942
0 0.005349864130434812 0.0039345561594203325 0.07328464673913046 0.9988960597826088 0.09451426630434787 0.9974807518115942 0.028702445652173947 0.0039345561594203325
0 0.02976392663043481 0.006765172101449317 0.09769870923913046 0.9988960597826088 0.117866847826087 0.9946501358695653 0.04674762228260873 0.002519248188405839
0 0.04887058423913046 0.01950294384057975 0.06585427989130435 0.013841711956521778 0.1348505434782609 0.9960654438405797 0.11892832880434787 0.9960654438405797
0 0.07116168478260873 0.07186933876811598 0.09026834239130435 0.07328464673913047 0.1579497913357819 0.9996744791666669 0.13697350543478262 0.9996744791666666
0 0.08920686141304349 0.07753057065217395 0.11149796195652176 0.08036118659420294 0.18044645889945654 0.9996744791666666 0.1560801630434783 0.9974807518115942
0 0.11043648097826089 0.07045403079710148 0.18792459239130435 0.9988960597826088 0.26328974184782605 0.9960654438405797 0.191109035326087 0.08036118659420294
0 0.1974779211956522 0.09168365036231889 0.26965862771739135 0.9974807518115942 0.33971637228260865 0.9790817481884058 0.2739045516304348 0.09592957427536236
0 0.27284307065217395 0.09168365036231889 0.3450237771739131 0.9932348278985508 0.3842985733695652 0.9889889039855072 0.31211786684782605 0.0874377264492754
0 0.31211786684782605 0.09168365036231889 0.3864215353260869 0.9946501358695653 0.4172044836956521 0.9875735960144927 0.3482082201086957 0.0888530344202899
0 0.34926970108695654 0.09734488224637684 0.4172044836956521 0.9889889039855072 0.44692595108695654 0.9819123641304347 0.37686820652173914 0.09592957427536236
0 0.38217561141304346 0.09592957427536236 0.44692595108695654 0.9776664402173912 0.47452445652173914 0.9762511322463768 0.4087126358695652 0.09592957427536236
0 0.40977411684782605 0.09876019021739135 0.4755859375 0.9819123641304347 0.49150815217391297 0.9748358242753623 0.4299422554347826 0.10159080615942033
0 0.43100373641304346 0.09876019021739135 0.4936311141304348 0.9833276721014492 0.5106148097826086 0.9790817481884058 0.4448029891304348 0.09592957427536236
0 0.45011039402173914 0.09734488224637684 0.46709408967391297 0.09592957427536236 0.5297214673913043 0.9762511322463768 0.5127377717391304 0.9819123641304347
0 0.4755859375 0.05630095108695656 0.5424592391304348 0.9790817481884058 0.5626273777173912 0.9748358242753623 0.5 0.060546875000000035
0 0.5021229619565217 0.009595788043478303 0.5626273777173912 0.9762511322463768 0.5796110733695652 0.9705899003623188 0.515922214673913 0.00818048007246381
0 0.5212296195652174 0.05063971920289859 0.5350288722826086 0.05063971920289859 0.5965947690217391 0.9691745923913043 0.5817340353260869 0.9691745923913043
0 0.5679347826086957 0.10159080615942033 0.59765625 0.9663439764492754 0.6666525135869565 0.945114356884058 0.6326851222826086 0.11574388586956526
0 0.6496688179347826 0.10725203804347831 0.6751443614130435 0.9550215126811593 0.7133576766304347 0.9479449728260869 0.6878821331521738 0.11149796195652178
0 0.6963739809782609 0.10300611413043483 0.7154806385869565 0.9436990489130435 0.7558169157608695 0.9366225090579711 0.7345872961956521 0.11432857789855076
0 0.7398947010869565 0.11432857789855076 0.7547554347826086 0.939453125 0.7908457880434783 0.9323765851449276 0.7685546875 0.12282042572463771
0 0.7717391304347826 0.11857450181159424 0.7887228260869565 0.9267153532608696 0.8141983695652173 0.9267153532608696 0.8014605978260869 0.1256510416666667
0 0.8003991168478259 0.13131227355072467 0.8248131793478259 0.13131227355072467 0.8364894701086956 0.919638813405797 0.8131368885869565 0.919638813405797
0 0.8248131793478259 0.19217051630434787 0.8513502038043479 0.19217051630434787 0.8619650135869565 0.9069010416666666 0.8354279891304348 0.9083163496376812
0 0.8725798233695652 0.1850939764492754 0.865149456521739 0.9111469655797101 0.8980553668478259 0.9111469655797101 0.9097316576086956 0.19075520833333334
0 0.9054857336956521 0.8984091938405797 0.9373301630434783 0.8913326539855072 0.9118546195652173 0.1468806612318841 0.8842561141304348 0.13980412137681164
