0 0.05948539402173916 0.19641644021739132 0.0 0.5213474097124826 0.0011039402173913249 0.6790364583333334 0.08708389945652176 0.1992470561594203
0 0.09239130434782614 0.16952558876811596 1.3877787807814457e-17 0.6893535868569837 4.2459239130460125e-05 0.922469429347826 0.054177989130434784 0.9182235054347826 0.1560801630434783 0.1780174365942029
0 0.15820312500000003 0.2020776721014493 0.054177989130434784 0.9139775815217391 0.093452785326087 0.9097316576086957 0.18474014945652176 0.1992470561594203
0 0.18580163043478262 0.2006623641304348 0.09557574728260873 0.9111469655797101 0.12742017663043478 0.9125622735507246 0.2112771739130435 0.2020776721014493
0 0.22401494565217392 0.12140511775362323 0.12742017663043478 0.9083163496376812 0.18155570652173916 0.9083163496376812 0.2590438179347826 0.12706634963768118
0 0.25798233695652173 0.2006623641304348 0.18155570652173916 0.9069010416666666 0.24524456521739132 0.9168081974637681 0.2930112092391304 0.20915421195652176
0 0.2983186141304348 0.23462975543478262 0.24736752717391305 0.9125622735507246 0.29725713315217395 0.9111469655797101 0.33653192934782605 0.23179913949275363
0 0.33334748641304346 0.2855808423913044 0.30044157608695654 0.8715183423913043 0.3715608016304348 0.8757642663043478 0.39491338315217395 0.29124207427536236
0 0.40022078804347827 0.22472259963768118 0.37049932065217395 0.9069010416666666 0.43100373641304346 0.9083163496376812 0.4448029891304348 0.22613790760869568
0 0.45011039402173914 0.2218919836956522 0.43100373641304346 0.9026551177536232 0.47664741847826086 0.9026551177536232 0.48301630434782605 0.22613790760869568
0 0.48938519021739124 0.20915421195652176 0.47770889945652173 0.8969938858695653 0.5265370244565217 0.8998245018115942 0.5339673913043478 0.2218919836956522
0 0.5339673913043478 0.2204766757246377 0.5350288722826086 0.8955785778985508 0.5870414402173912 0.9012398097826088 0.5764266304347826 0.23038383152173914
0 0.5838569972826086 0.21623075181159424 0.589164402173913 0.8969938858695653 0.6273777173913043 0.8998245018115942 0.6199473505434783 0.2218919836956522
0 0.6231317934782609 0.22330729166666666 0.6358695652173912 0.8913326539855072 0.7059273097826086 0.8941632699275363 0.6677139945652174 0.23038383152173914
0 0.6719599184782609 0.23179913949275363 0.7038043478260869 0.8842561141304347 0.7462635869565217 0.8899173460144927 0.7006199048913043 0.23321444746376815
0 0.7038043478260869 0.22896852355072464 0.751570991847826 0.8927479619565216 0.8152598505434783 0.8899173460144927 0.7579398777173912 0.23321444746376815
0 0.7611243206521738 0.26293591485507245 0.8141983695652173 0.8870867300724637 0.889563519021739 0.8885020380434782 0.8120754076086956 0.258689990942029
0 0.7982761548913042 0.1482959692028986 0.8938094429347825 0.8842561141304347 0.9458220108695652 0.8856714221014492 0.8333050271739131 0.1426347373188406
0 0.841796875 0.18792459239130435 0.9532523777173914 0.8856714221014492 0.9988960597826086 0.8800101902173912 0.8778872282608696 0.18792459239130435
