0 0.0024582435344827347 0.21769486350574707 0.10684940732758619 0.9888424928160919 0.15988685344827586 0.9877200071839081 0.0714911099137931 0.2087149784482758
0 0.07822602370689652 0.21432740660919536 0.16998922413793105 0.9899649784482758 0.23060344827586204 0.9843525502873564 0.1472588900862069 0.21095994971264362
0 0.1590449892241379 0.21095994971264362 0.2423895474137931 0.9899649784482758 0.31563173491379315 0.9809850933908045 0.2524919181034483 0.20647000718390798
0 0.2668036099137931 0.2075924928160919 0.3248922413793104 0.9821075790229884 0.39308324353448276 0.9742501795977011 0.353515625 0.20647000718390798
0 0.3703529094827587 0.20085757902298843 0.4073949353448276 0.9686377514367815 0.46464170258620696 0.9529229525862069 0.44275323275862066 0.20085757902298843
0 0.4503300107758621 0.194122665229885 0.4747440732758621 0.9562904094827586 0.5286233836206897 0.9416980962643677 0.5185210129310345 0.19636763649425282
0 0.5311489762931034 0.17279543821839075 0.5328327047413793 0.9585353807471263 0.5665072737068966 0.9484330100574713 0.5799771012931034 0.17167295258620685
0 0.585028286637931 0.1660605244252873 0.5715584590517242 0.938330639367816 0.6052330280172414 0.9349631824712644 0.6321726831896552 0.1671830100574712
0 0.6448006465517242 0.17167295258620685 0.6203865840517242 0.9360856681034483 0.6944706357758621 0.9203708692528735 0.7365638469827587 0.17391792385057467
0 0.7458243534482759 0.17391792385057467 0.7020474137931034 0.9181258979885056 0.7744477370689655 0.9069010416666666 0.8401131465517241 0.17055046695402296
0 0.8493736530172414 0.18963272270114936 0.7862338362068966 0.9046560704022988 0.830852640086207 0.8990436422413793 0.9024110991379312 0.19075520833333326
0 0.9091460129310346 0.18626526580459765 0.8384294181034483 0.8979211566091952 0.877155172413793 0.8911862428160919 0.9655509159482759 0.18963272270114936
