0 0.006923130580357189 0.23609561011904764 0.07580566406250004 0.9278273809523809 0.12114606584821433 0.9359654017857143 0.04790387834821433 0.23958333333333337
0 0.049647739955357185 0.24423363095238096 0.1298653738839286 0.9464285714285713 0.17433384486607145 0.9464285714285713 0.10981096540178575 0.24423363095238096
0 0.12288992745535718 0.23958333333333337 0.17956542968750003 0.9580543154761904 0.22664969308035718 0.9615420386904762 0.17433384486607145 0.24307105654761907
0 0.20572335379464288 0.2453962053571429 0.23885672433035718 0.9475911458333334 0.2763497488839286 0.9499162946428571 0.2458321707589286 0.24423363095238096
0 0.2484479631696429 0.2488839285714286 0.27809361049107145 0.9534040178571428 0.3138427734375 0.9557291666666666 0.2920445033482143 0.24423363095238096
0 0.2955322265625 0.2465587797619048 0.31733049665178575 0.9534040178571428 0.3434884207589286 0.9568917410714285 0.33040945870535715 0.2488839285714286
0 0.33564104352678575 0.2500465029761905 0.34523228236607145 0.9499162946428571 0.3722621372767857 0.9499162946428571 0.36703055245535715 0.2512090773809524
0 0.37574986049107145 0.24074590773809526 0.37574986049107145 0.951078869047619 0.4114990234375 0.9499162946428571 0.41585867745535715 0.24307105654761907
0 0.4271937779017857 0.25585937500000006 0.41237095424107145 0.9429408482142856 0.4507359095982143 0.9475911458333334 0.4725341796875 0.2570219494047619
0 0.4760219029017857 0.2616722470238096 0.4516078404017857 0.938290550595238 0.48997279575892855 0.9417782738095237 0.5161307198660714 0.2605096726190476
0 0.5222342354910714 0.2895740327380953 0.49171665736607145 0.938290550595238 0.5632149832589286 0.9475911458333334 0.6068115234375 0.2988746279761905
0 0.6259940011160714 0.2895740327380953 0.5701904296875 0.9487537202380952 0.6469203404017857 0.9580543154761904 0.7131870814732143 0.3023623511904762
0 0.7323695591517857 0.23958333333333337 0.6582554408482143 0.9499162946428571 0.7123151506696428 0.9603794642857143 0.8038678850446428 0.2488839285714286
0 0.8152029854910714 0.24074590773809526 0.7140590122767857 0.9592168898809522 0.7707345145089285 0.9720052083333331 0.8910609654017857 0.2535342261904762
0 0.8849574497767857 0.2965494791666667 0.7777099609375 0.9359654017857143 0.8596714564732143 0.962704613095238 0.9826136997767857 0.3058500744047619
