0 0.014770507812500045 0.2209821428571429 1.734723475976807e-18 0.9264911042542038 0.02348981584821433 0.926664806547619 0.04180036272321433 0.2209821428571429
0 0.04790387834821433 0.21633184523809526 0.027849469866071473 0.9255022321428571 0.05749511718750004 0.9324776785714285 0.08016531808035718 0.21516927083333337
0 0.08103724888392862 0.20935639880952384 0.058367047991071466 0.9313151041666666 0.08801269531250004 0.939453125 0.11329868861607147 0.20703125000000003
0 0.11678641183035718 0.20586867559523814 0.09586007254464289 0.9348028273809522 0.1420724051339286 0.9487537202380952 0.16997419084821433 0.2023809523809524
0 0.16997419084821433 0.19424293154761907 0.14294433593750003 0.9568917410714285 0.18043736049107145 0.962704613095238 0.20833914620535718 0.18843005952380956
0 0.2092110770089286 0.15471540178571433 0.18130929129464288 0.9661923363095237 0.21095493861607145 0.9720052083333331 0.2423444475446429 0.1489025297619048
0 0.2432163783482143 0.20703125000000003 0.2188023158482143 0.9743303571428571 0.2641427176339286 0.9778180803571428 0.2824532645089286 0.20354352678571433
0 0.29727608816964285 0.18261718750000003 0.2711181640625 0.9720052083333331 0.33912876674107145 0.9824683779761904 0.3687744140625 0.17099144345238101
0 0.3748779296875 0.16052827380952384 0.3443603515625 0.9929315476190476 0.40975516183035715 0.9964192708333331 0.43155343191964285 0.1535528273809524
0 0.43765694754464285 0.1523902529761905 0.4141148158482143 0.9929315476190476 0.46468680245535804 0.9996744791666666 0.4847412109375 0.14308965773809526
0 0.4873570033482143 0.11053757440476193 0.46590099695917214 0.9996744791666666 0.5257219587053571 0.9996744791666666 0.5449044363839286 0.10588727678571434
0 0.5728062220982143 0.13030133928571433 0.5431605747767857 0.9929315476190476 0.6046898251488106 0.9996744791666666 0.6259940011160714 0.11751302083333337
0 0.6259940011160714 0.097749255952381 0.610303291691596 0.9996744791666666 0.6783098493303571 0.9996744791666666 0.6931326729910714 0.08263578869047623
0 0.7253941127232143 0.16634114583333337 0.6844133649553571 0.9650297619047619 0.7192905970982143 0.975492931547619 0.7585274832589285 0.16517857142857148
0 0.7559116908482143 0.18029203869047625 0.7236502511160714 0.9975818452380952 0.7566092354910733 0.9996744791666666 0.7925327845982143 0.1756417410714286
0 0.8012520926339285 0.07101004464285718 0.7681187220982143 0.9987444196428571 0.8125871930803571 0.9987444196428571 0.8474644252232143 0.06054687500000005
0 0.8640311104910714 0.039620535714285754 0.8308977399553571 0.9964192708333331 0.9207066127232142 0.9987444196428571 0.9494803292410714 0.027994791666666713
