0 0.000819614955357189 0.18494233630952384 0.0016915457589286188 0.3616536458333333 0.10457938058035718 0.9894438244047619 0.15951102120535718 0.9952566964285713 0.037440708705357185 0.18029203869047625
0 0.08190917968750004 0.18610491071428573 0.17171805245535718 0.9801432291666665 0.20746721540178575 0.9789806547619047 0.12812151227678575 0.18494233630952384
0 0.13335309709821433 0.18610491071428573 0.21095493861607145 0.9801432291666665 0.25367954799107145 0.9801432291666665 0.1821812220982143 0.18494233630952384
0 0.1909005301339286 0.18610491071428573 0.25716727120535715 0.9813058035714285 0.28681291852678575 0.9801432291666665 0.23013741629464288 0.18377976190476195
0 0.23536900111607145 0.18377976190476195 0.2894287109375 0.9720052083333331 0.3199462890625 0.9685174851190476 0.27199009486607145 0.18610491071428573
0 0.2833251953125 0.16982886904761907 0.3251778738839286 0.962704613095238 0.36092703683035715 0.9650297619047619 0.3347691127232143 0.1721540178571429
0 0.3443603515625 0.18494233630952384 0.3652866908482143 0.9545665922619047 0.40365164620535715 0.9557291666666666 0.3966761997767857 0.18610491071428573
0 0.40016392299107145 0.19540550595238101 0.4088832310267857 0.9499162946428571 0.44986397879464285 0.9464285714285713 0.44986397879464285 0.18959263392857148
0 0.45858328683035715 0.2244698660714286 0.4516078404017857 0.9417782738095237 0.5326974051339286 0.9487537202380952 0.5544956752232143 0.2244698660714286
0 0.5754220145089286 0.2244698660714286 0.5370570591517857 0.9452659970238094 0.6198904854910714 0.9499162946428571 0.6722063337053571 0.22912016369047625
0 0.6931326729910714 0.15704055059523814 0.6277378627232143 0.9452659970238094 0.6905168805803571 0.9475911458333334 0.7733503069196428 0.15936569940476195
0 0.7838134765625 0.1535528273809524 0.6931326729910714 0.9452659970238094 0.7559116908482143 0.9545665922619047 0.8701346261160714 0.15820312500000003
0 0.8675188337053571 0.21051897321428573 0.7628871372767857 0.9150390625 0.8448486328125 0.9371279761904762 0.9730224609375 0.21981956845238096
