0 0.02218191964285719 0.007440476190476189 0.1241027515637886 0.9996744791666666 0.19030309606481483 0.9996744791666666 0.09626374421296299 0.014130015432098797
0 0.10801866319444448 0.038242669753086454 0.1921115451388889 0.9967206790123457 0.2554072627314815 0.9979263117283951 0.17945240162037038 0.04427083333333337
0 0.19120732060185186 0.0008680555555555894 0.25902416087962965 0.9979263117283951 0.3132776331018519 0.9967206790123457 0.2526945891203704 0.0008680555555555894
0 0.2545030381944445 0.033420138888888916 0.31399257780109874 0.9996744791666666 0.34673394097222227 0.9996744791666666 0.29971426504629634 0.041859567901234594
0 0.3060438368055556 0.0020736882716049696 0.3548719618055556 0.9967206790123457 0.39622516396604957 0.9996744791666666 0.3575846354166667 0.0008680555555555894
0 0.3584888599537037 0.014130015432098797 0.39837150461922133 0.9996744791666665 0.42992259837962965 0.9979263117283951 0.39465784143518523 0.016541280864197566
0 0.40279586226851855 0.04065393518518521 0.4326146543081437 0.9996744791666665 0.4805591724537038 0.9991319444444445 0.45704933449074076 0.04668209876543213
0 0.46247468171296297 0.0032793209876543585 0.4832718460648148 0.9955150462962963 0.5266746238425926 0.9967206790123457 0.5113028067129629 0.0008680555555555894
0 0.5357168692129629 0.0020736882716049696 0.5384295428240741 0.9979263117283951 0.5962999131944444 0.9967206790123457 0.5990125868055555 0.008101851851851888
0 0.6017252604166666 0.020158179012345716 0.5972675102642653 0.9996744791666666 0.6360857928240741 0.9996744791666666 0.6532660590277778 0.034625771604938314
0 0.6641167534722222 0.06356095679012348 0.6406537538753808 0.9996744791666666 0.685818142361111 0.9996744791666666 0.7111364293981481 0.0695891203703704
0 0.7147533275462963 0.004484953703703738 0.6921477141203703 0.9918981481481483 0.7400716145833333 0.9894868827160495 0.7853984089113439 -1.4802973661668753e-16
0 0.7825701678240741 0.07200038580246916 0.7418800636574073 0.9509066358024691 0.7735279224537036 0.9424672067901234 0.8250687210648148 0.08164544753086422
0 0.8775137442129629 0.1045524691358025 0.8142180266203703 0.9653742283950617 0.8313982928240741 0.9677854938271605 0.8946940104166666 0.10575810185185187
