0 0.0016915457589286188 0.12448846726190481 0.0016915457589286188 0.39653087797619047 0.06656119693859265 0.9996744791666666 0.11242675781250004 0.9996744791666666 0.021745954241071473 0.11635044642857147
0 0.0226178850446429 0.09658668154761907 0.11478153062964198 0.9996744791666669 0.14468819754464288 0.9996744791666666 0.05749511718750004 0.09193638392857147
0 0.05575125558035718 0.08612351190476193 0.14468819754464288 0.9987444196428571 0.19961983816964288 0.9964192708333331 0.10806710379464289 0.07798549107142862
0 0.11329868861607147 0.08496093750000004 0.19948838464240393 0.9996744791666666 0.25106375558035715 0.9996744791666666 0.16212681361607145 0.07798549107142862
0 0.17084612165178575 0.09077380952380958 0.2554234095982143 0.9987444196428571 0.30337960379464285 0.9987444196428571 0.22403390066964288 0.08379836309523814
0 0.2371128627232143 0.11286272321428574 0.3085924472462437 0.9996744791666666 0.3556954520089286 0.9996744791666666 0.2833251953125 0.10704985119047623
0 0.29727608816964285 0.1523902529761905 0.3666308679396682 0.9996744791666666 0.3966761997767857 0.9996744791666666 0.33302525111607145 0.14308965773809526
0 0.33302525111607145 0.09426153273809527 0.39665985806981247 0.9996744791666666 0.4385288783482143 0.9996744791666666 0.36703055245535715 0.08844866071428574
0 0.3783656529017857 0.12100074404761907 0.43843350731712355 0.9996744791666666 0.47427804129464285 0.9996744791666666 0.4149867466517857 0.11402529761904763
0 0.4202183314732143 0.1279761904761905 0.47665298163743836 0.9996744791666666 0.5274658203125 0.9996744791666666 0.47079031808035715 0.12100074404761907
0 0.4699183872767857 0.073335193452381 0.5302568643239322 0.9996744791666666 0.5797816685267857 0.9996744791666666 0.5204903738839286 0.06635974702380956
0 0.5335693359375 0.06635974702380956 0.5885009765625 0.9964192708333331 0.6495361328125 0.9952566964285713 0.6033238002232143 0.06403459821428574
0 0.6120431082589286 0.0756603422619048 0.6538957868303571 0.9964192708333331 0.7079554966517857 0.9964192708333331 0.6669747488839286 0.0756603422619048
0 0.6730782645089286 0.0989118303571429 0.7105712890625 0.9940941220238094 0.7641427176339297 0.9996744791666666 0.7280099051339286 0.09193638392857147
0 0.7271379743303571 9.3005952380996e-05 0.7698625837053571 0.9987444196428571 0.8439767020089285 0.9987444196428571 0.8124104632332004 0.0 0.7271379743303571 0.0
0 0.8160749162946428 0.08496093750000004 0.844804814970087 0.9996744791666666 0.8962925502232143 0.9975818452380952 0.8893171037946428 0.08147321428571433
0 0.9320417131696428 0.09309895833333337 0.937238642906904 0.9996744791666666 0.9555838448660714 0.9996744791666666 0.9512241908482142 0.08961123511904767
