0 0.005086263020833334 0.16464572482638887 0.15818277994791669 0.9648844401041666 0.19378662109375 0.9614935980902778 0.0518798828125 0.16261121961805555
0 0.052388509114583336 0.1612548828125 0.19887288411458334 0.9845513237847222 0.22328694661458334 0.9879421657986112 0.08697509765625 0.15718587239583334
0 0.08697509765625 0.15311686197916666 0.22735595703125 0.9967583550347222 0.26702880859375 0.9960801866319445 0.13936360677083334 0.14633517795138887
0 0.14699300130208334 0.16600206163194445 0.2695719401041667 0.9987928602430555 0.3092447916666667 0.9981146918402778 0.19276936848958334 0.15854220920138887
0 0.20192464192708334 0.1673583984375 0.3122965494791667 0.9967583550347222 0.3504435221354167 0.9974365234375 0.25227864583333337 0.16193305121527776
0 0.2665201822916667 0.1910942925347222 0.3565470377604167 0.9967583550347222 0.39265950520833337 0.9940456814236112 0.3143310546875 0.1863471137152778
0 0.3275553385416667 0.2094048394097222 0.3946940104166667 0.9642062717013888 0.42012532552083337 0.9628499348958334 0.36163330078125 0.20669216579861113
0 0.36214192708333337 0.17685275607638887 0.4236857096354167 0.9967583550347222 0.4547119140625 0.9933675130208334 0.40181477864583337 0.1727837456597222
0 0.4058837890625 0.17685275607638887 0.45623779296875 0.9669189453125 0.4831949869791667 0.9662407769097222 0.44301350911458337 0.1741400824652778
0 0.4450480143229167 0.19651963975694445 0.48675537109375 0.9743787977430555 0.5254109700520834 0.9703097873263888 0.4969278971354167 0.1924506293402778
0 0.49794514973958337 0.13887532552083334 0.5269368489583334 0.9682752821180555 0.5666097005208334 0.9675971137152778 0.5472819010416667 0.13751898871527776
0 0.55999755859375 0.14633517795138887 0.5732218424479167 0.9723442925347222 0.6200154622395834 0.9716661241319445 0.6276448567708334 0.14158799913194445
0 0.6342569986979167 0.1483696831597222 0.6251017252604167 0.9655626085069445 0.6632486979166667 0.9614935980902778 0.6927490234375 0.14633517795138887
0 0.6932576497395834 0.1795654296875 0.66680908203125 0.9689534505208334 0.7059733072916667 0.9709879557291666 0.7486979166666667 0.17753092447916666
0 0.7619222005208334 0.05749511718749998 0.7146199544270834 0.9635281032986112 0.76904296875 0.9648844401041666 0.8478800455729167 0.0568169487847222
0 0.8412679036458334 0.1429443359375 0.7731119791666667 0.9282633463541666 0.8204142252604167 0.9269070095486112 0.9099324544270834 0.1456570095486111
0 0.9516398111979167 0.18973795572916666 0.848388671875 0.9689534505208334 0.8595784505208334 0.9689534505208334 0.9699503580729167 0.18905978732638887
