0 0.012780230978260892 0.0478091032608696 0.07753057065217392 0.9069010416666666 0.1210512907608696 0.8998245018115942 0.05948539402173916 0.042147871376811634
0 0.06054687500000003 0.09026834239130438 0.12848165760869565 0.9054857336956522 0.17730978260869565 0.8984091938405797 0.11680536684782614 0.08177649456521742
0 0.12529721467391305 0.10300611413043483 0.18580163043478262 0.9083163496376812 0.2431216032608696 0.9026551177536232 0.18155570652173916 0.09592957427536236
0 0.1868631114130435 0.1058367300724638 0.24842900815217392 0.8984091938405797 0.2993800951086957 0.8998245018115942 0.2431216032608696 0.10442142210144932
0 0.24736752717391305 0.2020776721014493 0.30256453804347827 0.9153928894927535 0.37580672554347827 0.9069010416666666 0.3237941576086957 0.19641644021739132
0 0.32804008152173914 0.14121942934782614 0.3832370923913043 0.8984091938405797 0.4267578125 0.8899173460144927 0.3683763586956521 0.13838881340579715
0 0.3683763586956521 0.11432857789855076 0.43100373641304346 0.9267153532608696 0.4692170516304348 0.925300045289855 0.4087126358695652 0.11715919384057975
0 0.4118970788043478 0.1256510416666667 0.47452445652173914 0.9281306612318841 0.5297214673913043 0.9125622735507246 0.47134001358695654 0.12140511775362323
0 0.4755859375 0.12423573369565222 0.5329059103260869 0.9125622735507246 0.5859799592391304 0.9040704257246377 0.5201681385869565 0.12706634963768118
0 0.5244140625 0.15112658514492758 0.589164402173913 0.9125622735507246 0.6411769701086957 0.8984091938405797 0.5838569972826086 0.14405004528985513
0 0.5944718070652174 0.27001245471014496 0.6507302989130435 0.9012398097826088 0.7367102581521738 0.8941632699275363 0.6804517663043478 0.26718183876811596
0 0.6730213994565217 0.11998980978260874 0.744140625 0.9054857336956522 0.7993376358695652 0.8998245018115942 0.7388332201086956 0.10442142210144932
0 0.7494480298913043 0.12140511775362323 0.8035835597826086 0.9111469655797101 0.8672724184782608 0.9012398097826088 0.8088909646739131 0.11432857789855076
0 0.8248131793478259 0.1454653532608696 0.8693953804347825 0.9097316576086957 0.913977581521739 0.9125622735507246 0.8693953804347825 0.13272758152173916
0 0.8736413043478259 0.13980412137681164 0.9150390625 0.9153928894927535 0.9702360733695652 0.9125622735507246 0.9267153532608696 0.13131227355072467
0 0.9129161005434783 0.12140511775362323 0.9904042119565217 0.11008265398550728 0.9967730978260869 0.49929234601449274 0.9988960597826086 0.9097316576086957 0.9681131114130435 0.9012398097826088
