0 0.0165143694196429 0.13960193452380956 0.0016915457589286188 0.9778180803571428 0.05139160156250004 0.9847935267857143 0.06359863281250004 0.14192708333333337
0 0.07057407924107147 0.14076450892857148 0.05575125558035718 0.9847935267857143 0.11853027343750003 0.9894438244047619 0.14032854352678575 0.13611421130952384
0 0.14468819754464288 0.13495163690476195 0.12114606584821433 0.9917689732142856 0.17084612165178575 0.9929315476190476 0.1943882533482143 0.12913876488095244
0 0.19351632254464288 0.09658668154761907 0.17433384486607145 0.9952566964285713 0.21618652343750003 0.9975818452380952 0.23188127790178573 0.08844866071428574
0 0.24408830915178575 0.16052827380952384 0.22054617745535718 0.9906063988095237 0.2737339564732143 0.9894438244047619 0.2920445033482143 0.15587797619047625
0 0.30512346540178575 0.13378906250000003 0.2833251953125 0.9801432291666665 0.36441476004464285 0.9836309523809522 0.38795689174107145 0.13030133928571433
0 0.3992919921875 0.11983816964285716 0.3748779296875 0.9940941220238094 0.44376046316964285 0.9964192708333331 0.46468680245535715 0.12100074404761907
0 0.46817452566964285 0.11751302083333337 0.44899204799107145 0.9894438244047619 0.5108991350446429 0.9859561011904762 0.5300816127232143 0.11402529761904763
0 0.5326974051339286 0.08496093750000004 0.515329426494688 0.9996744791666666 0.5806535993303571 0.9996744791666666 0.5954764229910714 0.08612351190476193
0 0.6068115234375 0.10704985119047623 0.5832693917410714 0.9836309523809522 0.6495361328125 0.9836309523809522 0.6687186104910714 0.10937500000000004
0 0.6765659877232143 0.09077380952380958 0.6530238560267857 0.9929315476190476 0.7158028738839286 0.9964192708333331 0.7384730747767857 0.08728608630952384
0 0.7402169363839286 0.16401599702380956 0.7184186662946428 0.9208519345238094 0.7445765904017857 0.9243396577380952 0.7620152064732143 0.16401599702380956
0 0.7672467912946428 0.1768043154761905 0.7498081752232143 0.951078869047619 0.7838134765625 0.9545665922619047 0.7995082310267857 0.17099144345238101
0 0.8274100167410714 0.08612351190476193 0.8073556082589285 0.9906063988095237 0.8500802176339285 0.9975818452380952 0.8701346261160714 0.08031063988095241
0 0.8936767578125 0.06403459821428574 0.8719916555036531 0.9996744791666666 0.9407610212053571 0.9996744791666666 0.9695347377232142 0.06287202380952385
