0 0.16735839843750003 0.11867559523809527 0.2143063652784305 0.9996744791666666 0.2545514787946429 0.9996744791666666 0.20485142299107145 0.11867559523809527
0 0.21357073102678575 0.1233258928571429 0.258987753589763 0.9996744791666665 0.29378836495535715 0.9975818452380952 0.2484479631696429 0.12216331845238097
0 0.25629534040178575 0.25469680059523814 0.2963916429146005 0.9996744791666666 0.33040945870535715 0.9996744791666666 0.2946602957589286 0.2535342261904762
0 0.29640415736607145 0.18726748511904767 0.3347581356258303 0.9996744791666666 0.38185337611607145 0.9996744791666666 0.34523228236607145 0.18726748511904767
0 0.35395159040178575 0.2756231398809524 0.3817997188358517 0.9996744791666666 0.4114990234375 0.9987444196428571 0.38185337611607145 0.2756231398809524
0 0.3862130301339286 0.28027343750000006 0.41841202836981567 0.9996744791666666 0.46555873325892855 0.9996744791666666 0.4350411551339286 0.27911086309523814
0 0.4394008091517857 0.1779668898809524 0.4672553037038438 0.9996744791666666 0.5388009207589286 0.9996744791666666 0.5196184430803571 0.16866629464285718
0 0.5274658203125 0.15587797619047625 0.5414128699484702 0.9996744791666665 0.6041957310267857 0.9987444196428571 0.5946044921875 0.1535528273809524
0 0.6068115234375 0.17099144345238101 0.6111335837767609 0.9996744791666664 0.6765659877232143 0.9987444196428571 0.6809256417410714 0.1721540178571429
0 0.6861572265625 0.04659598214285718 0.6826695033482143 0.9987444196428571 0.7140590122767897 0.9996744791666666 0.7253941127232143 0.04427083333333338
0 0.7297537667410714 0.1744791666666667 0.7192905970982143 0.9975818452380952 0.7541678292410714 0.9929315476190476 0.7646309988839285 0.1721540178571429
