0 0.0348249162946429 0.03264508928571433 0.13210691479763692 0.9996744791666669 0.1943882533482143 0.9996744791666666 0.10021972656250004 0.027994791666666713
0 0.1263776506696429 0.20586867559523814 0.19526018415178575 0.9940941220238094 0.2336251395089286 0.9975818452380952 0.17171805245535718 0.20470610119047625
0 0.17956542968750003 0.20470610119047625 0.24145441525362887 0.9996744791666665 0.2728620256696429 0.9964192708333331 0.2214181082589286 0.20819382440476195
0 0.22316196986607145 0.0756603422619048 0.2865576766273944 0.9996744791666666 0.31471470424107145 0.9996744791666666 0.2528076171875 0.073335193452381
0 0.26239885602678575 0.1744791666666667 0.31771921217203714 0.9996744791666666 0.3679024832589286 0.9996744791666666 0.3260498046875 0.1733165922619048
0 0.3312813895089286 0.21981956845238096 0.37044820980149873 0.9996744791666666 0.4027797154017857 0.9996744791666666 0.36354282924107145 0.2233072916666667
0 0.36615862165178575 0.18029203869047625 0.4060861558275323 0.9996744791666665 0.4455043247767857 0.9987444196428571 0.4027797154017857 0.17912946428571433
0 0.41934640066964285 0.07798549107142862 0.4567827607024784 0.9996744791666666 0.5143868582589286 0.9996744791666666 0.48561314174107145 0.07798549107142862
0 0.4969482421875 0.048921130952380994 0.5178439201702316 0.9996744791666666 0.5571114676339286 0.9996744791666666 0.5431605747767857 0.054734002976190514
0 0.5571114676339286 0.07914806547619051 0.5597134581248879 0.9996744791666666 0.5972202845982143 0.9996744791666666 0.5998360770089286 0.08147321428571433
0 0.6094273158482143 0.029157366071428614 0.5972523699850124 0.9996744791666665 0.6373291015625 0.9975818452380952 0.6477922712053571 0.03031994047619052
0 0.6669747488839286 0.08147321428571433 0.6486919803354141 0.9996744791666666 0.7306256975446428 0.9996744791666666 0.7637590680803571 0.08496093750000004
0 0.7759660993303571 0.09426153273809527 0.7392832255585965 0.9996744791666666 0.8204345703125 0.9996744791666666 0.8692626953125 0.08844866071428574
0 0.8840855189732143 0.08612351190476193 0.8230658932973237 0.9996744791666666 0.8797258649553571 0.9996744791666666 0.9468645368303571 0.08844866071428574
0 0.9547119140625 0.09077380952380958 0.879936284991117 0.9996744791666666 0.9294259207589285 0.9996744791666666 0.999755859375 0.3052893403696369 0.999755859375 0.08612351190476193
