0 0.000819614955357189 0.1779668898809524 0.005179268973214333 0.3697916666666667 0.05051967075892861 0.9987444196428571 0.07667759486607147 0.9952566964285713 0.020874023437500045 0.1721540178571429
0 0.020874023437500045 0.15820312500000003 0.07737778172348489 0.9996744791666665 0.12201799665178575 0.9952566964285713 0.05749511718750004 0.15471540178571433
0 0.06447056361607147 0.23725818452380956 0.12694473646996265 0.9996744791666665 0.16735839843750003 0.9952566964285713 0.10893903459821432 0.23493303571428573
0 0.10370744977678575 0.15471540178571433 0.17171805245535718 0.9952566964285713 0.20572335379464288 0.9964192708333331 0.13771275111607145 0.1454148065476191
0 0.14032854352678575 0.1047247023809524 0.20746721540178575 0.9975818452380952 0.24757603236607145 0.9987444196428571 0.18130929129464288 0.10007440476190481
0 0.1909005301339286 0.1523902529761905 0.2474054631391074 0.9996744791666666 0.28768484933035715 0.9996744791666666 0.23449707031250003 0.1523902529761905
0 0.2310093470982143 0.025669642857142894 0.2901004963115998 0.9996744791666665 0.29010049631163376 0.9996744791666666 0.3408726283482143 0.9996744791666666 0.29030064174107145 0.021019345238095278
0 0.2955322265625 0.01985677083333338 0.3423277656987028 0.9996744791666666 0.3984200613839286 0.9996744791666666 0.35133579799107145 0.01985677083333338
0 0.37051827566964285 0.16169084821428573 0.40606034001693353 0.9996744791666666 0.44986397879464285 0.9996744791666666 0.41847446986607145 0.1512276785714286
0 0.4237060546875 0.16052827380952384 0.4549570168180419 0.9996744791666666 0.5152587890625 0.9996744791666666 0.48038155691964285 0.1523902529761905
0 0.4952043805803571 0.06868489583333338 0.5221601810940557 0.9996744791666666 0.5902448381696428 0.9996744791666666 0.5719342912946429 0.06287202380952385
0 0.5823974609375 0.06752232142857147 0.6015512723978718 0.9996744791666666 0.6678466796875 0.9996744791666666 0.6582554408482143 0.05589657738095241
0 0.6870291573660714 0.002418154761904804 0.6740440489753844 0.9996744791666669 0.7349853515625 0.9996744791666666 0.7426988892103908 0.0
0 0.7637590680803571 0.009393601190476239 0.7403870543518981 0.9996744791666665 0.7768380301339285 0.9987444196428571 0.8047398158482143 0.00823102678571433
0 0.8073556082589285 0.01985677083333338 0.7778917502842824 0.9996744791666666 0.8169468470982143 0.9996744791666666 0.8492082868303571 0.017531622023809573
0 0.8448486328125 0.16169084821428573 0.8213456293127968 0.9996744791666666 0.8483363560267857 0.9996744791666666 0.8727504185267857 0.15820312500000003
0 0.8779820033482143 0.03031994047619052 0.852170787820953 0.9996744791666666 0.8779820033482143 0.9996744791666666 0.9093715122767857 0.025669642857142894
