0 0.02348981584821433 0.13611421130952384 0.00867098218041006 0.9996744791666666 0.03395298549107147 0.9952566964285713 0.042672293526785754 0.14076450892857148
0 0.049647739955357185 0.14076450892857148 0.0409284319196429 0.9952566964285713 0.0993477957589286 0.9987444196428571 0.10719517299107147 0.1454148065476191
0 0.11417061941964289 0.13611421130952384 0.10457938058035718 0.9940941220238094 0.17346191406250003 0.9906063988095237 0.18392508370535718 0.14076450892857148
0 0.18741280691964288 0.23377046130952384 0.17782447892674239 0.9996744791666666 0.24408830915178575 0.9859561011904762 0.2467041015625 0.23842075892857148
0 0.2519356863839286 0.14425223214285718 0.2458321707589286 0.9859561011904762 0.3016357421875 0.9824683779761904 0.30861118861607145 0.1489025297619048
0 0.30948311941964285 0.13611421130952384 0.3042515345982143 0.9859561011904762 0.3382568359375 0.9813058035714285 0.34261648995535715 0.14192708333333337
0 0.34610421316964285 0.1721540178571429 0.34174455915178575 0.9894438244047619 0.3687744140625 0.9836309523809522 0.3748779296875 0.17099144345238101
0 0.3774937220982143 0.23493303571428573 0.3722621372767857 0.9859561011904762 0.4210902622767857 0.9778180803571428 0.42544991629464285 0.24074590773809526
0 0.4324253627232143 0.24423363095238096 0.42544991629464285 0.9801432291666665 0.46207101004464285 0.9766555059523809 0.47166224888392855 0.2465587797619048
0 0.47340611049107145 0.24074590773809526 0.46468680245535715 0.9824683779761904 0.5074114118303571 0.9801432291666665 0.5143868582589286 0.2453962053571429
0 0.5204903738839286 0.16285342261904767 0.5108991350446429 0.9789806547619047 0.5562395368303571 0.9720052083333331 0.5588553292410714 0.16517857142857148
0 0.5553676060267857 0.26399739583333337 0.5562395368303571 0.9696800595238094 0.5719342912946429 0.9685174851190476 0.5789097377232143 0.26283482142857145
0 0.5832693917410714 0.1489025297619048 0.5789097377232143 0.9766555059523809 0.6155308314732143 0.9708426339285713 0.6190185546875 0.1512276785714286
0 0.6233782087053571 0.17099144345238101 0.6216343470982143 0.9720052083333331 0.6573835100446428 0.9708426339285713 0.6617431640625 0.1744791666666667
0 0.6661028180803571 0.2000558035714286 0.6678466796875 0.9731677827380952 0.7105712890625 0.9673549107142856 0.7096993582589286 0.20354352678571433
0 0.7088274274553571 0.16750372023809526 0.7175467354910714 0.9650297619047619 0.7620152064732143 0.9673549107142856 0.7593994140625 0.16750372023809526
0 0.7733503069196428 0.11170014880952384 0.7698625837053571 0.9731677827380952 0.8186907087053571 0.9661923363095237 0.8247942243303571 0.11286272321428574
0 0.8256661551339285 0.16750372023809526 0.8239222935267857 0.9615420386904762 0.8718784877232143 0.9603794642857143 0.8736223493303571 0.16750372023809526
0 0.8736223493303571 0.21633184523809526 0.8727504185267857 0.9499162946428571 0.9006522042410714 0.9487537202380952 0.8980364118303571 0.21284412202380956
