0 0.000819614955357189 0.004743303571428613 0.0025549600290698145 0.9996744791666666 0.10632324218750004 0.9996744791666666 0.08103724888392862 9.3005952380996e-05
0 0.09062848772321433 0.026832217261904805 0.11852360634413939 0.9996744791666666 0.21182686941964288 0.9996744791666666 0.18741280691964288 0.0500837053571429
0 0.1909005301339286 0.002418154761904804 0.21618652343750003 0.9975818452380952 0.3007638113839286 0.9975818452380952 0.2711181640625 9.3005952380996e-05
0 0.2833251953125 0.0012555803571429047 0.30250767299107145 0.9952566964285713 0.35133579799107145 0.9987444196428571 0.32436621871500126 0.0
0 0.3312813895089286 9.3005952380996e-05 0.3539199943029804 0.9996744791666666 0.39754813058035715 0.9996744791666666 0.37051827566964285 9.3005952380996e-05 0.367170061383927 0.0 0.33302525111607145 0.0
0 0.3905726841517857 0.0756603422619048 0.4062437781822057 0.9996744791666666 0.46207101004464285 0.9996744791666666 0.4411446707589286 0.09193638392857147
0 0.4472481863839286 0.0989118303571429 0.46553041798025585 0.9996744791666666 0.5135149274553571 0.9996744791666666 0.48997279575892855 0.11286272321428574
0 0.4978201729910714 0.1047247023809524 0.5161022209604293 0.9996744791666666 0.5588553292410714 0.9996744791666666 0.5414167131696429 0.11402529761904763
0 0.5475202287946429 0.014043898809523855 0.5692620798319328 0.9996744791666669 0.6111711774553571 0.9996744791666666 0.5885009765625 0.021019345238095278
0 0.5885009765625 0.14192708333333337 0.6092250747168624 0.9996744791666666 0.6277378627232143 0.9996744791666666 0.6059395926339286 0.14657738095238101
0 0.6146589006696428 0.010556175595238138 0.6373291015625 0.9987444196428571 0.6748221261160714 0.9952566964285713 0.6495361328125 0.017531622023809573
0 0.6582554408482143 0.03845796130952386 0.6844133649553571 0.9975818452380952 0.7131870814732143 0.9836309523809522 0.6940046037946428 0.04543340773809528
0 0.7001081194196428 0.08031063988095241 0.7262660435267857 0.9882812499999999 0.7698625837053571 0.9661923363095237 0.7437046595982143 0.08612351190476193
0 0.7463204520089285 0.04543340773809528 0.7750941685267857 0.9661923363095237 0.8125871930803571 0.9429408482142856 0.7864292689732143 0.054734002976190514
0 0.7942766462053571 0.0012555803571429047 0.8160749162946428 0.951078869047619 0.8614153180803571 0.9301525297619047 0.8404889787946428 0.010556175595238138
0 0.8413609095982143 0.06984747023809527 0.8587995256696428 0.9324776785714285 0.9006522042410714 0.9092261904761904 0.8805977957589285 0.07798549107142862
0 0.8832135881696428 0.1279761904761905 0.9006522042410714 0.9103887648809522 0.9172188895089285 0.8999255952380952 0.8971644810267857 0.12913876488095244
