0 0.000819614955357189 0.1721540178571429 0.015642438616071473 0.9789806547619047 0.05749511718750004 0.9766555059523809 0.026105608258928617 0.17099144345238101
0 0.02697753906250004 0.08728608630952384 0.059238978794642905 0.9859561011904762 0.08190917968750004 0.9801432291666665 0.0470319475446429 0.08844866071428574
0 0.04790387834821433 0.08728608630952384 0.08452497209821433 0.9859561011904762 0.10893903459821432 0.9859561011904762 0.07057407924107147 0.08961123511904767
0 0.07318987165178575 0.1477399553571429 0.1115548270089286 0.9859561011904762 0.14556012834821433 0.9824683779761904 0.10981096540178575 0.1500651041666667
0 0.10893903459821432 0.23725818452380956 0.14643205915178575 0.987118675595238 0.18130929129464288 0.987118675595238 0.14381626674107145 0.23493303571428573
0 0.14904785156250003 0.16517857142857148 0.18362641127540452 0.9996744791666666 0.25106375558035715 0.9882812499999999 0.2065952845982143 0.16866629464285718
0 0.2092110770089286 0.2523716517857143 0.25629534040178575 0.9859561011904762 0.28506905691964285 0.9836309523809522 0.24060058593750003 0.2512090773809524
0 0.2371128627232143 0.08263578869047623 0.28681291852678575 0.9894438244047619 0.3190743582589286 0.9859561011904762 0.26239885602678575 0.08263578869047623
0 0.26588657924107145 0.1535528273809524 0.32169015066964285 0.9964192708333331 0.35133579799107145 0.9859561011904762 0.29291643415178575 0.1523902529761905
0 0.2920445033482143 0.1523902529761905 0.3556954520089286 0.9894438244047619 0.40103585379464285 0.9778180803571428 0.33651297433035715 0.1535528273809524
0 0.34261648995535715 0.1512276785714286 0.4027797154017857 0.9824683779761904 0.43765694754464285 0.9836309523809522 0.36964634486607145 0.15471540178571433
0 0.3740059988839286 0.18610491071428573 0.4385288783482143 0.9882812499999999 0.4664306640625 0.9859561011904762 0.3931884765625 0.18261718750000003
0 0.4019077845982143 0.12100074404761907 0.4760219029017857 0.9975818452380952 0.5492640904017857 0.9824683779761904 0.46555873325892855 0.1256510416666667
0 0.48561314174107145 0.13843936011904767 0.5588553292410714 0.9940941220238094 0.6181466238839286 0.9836309523809522 0.5274658203125 0.14425223214285718
0 0.5614711216517857 0.1535528273809524 0.6489716539147662 0.9996744791666665 0.7105712890625 0.9964192708333331 0.6120431082589286 0.15936569940476195
0 0.6242501395089286 0.023344494047619086 0.7319084634222892 0.9996744791666666 0.7881731305803571 0.9996744791666666 0.6722063337053571 0.029157366071428614
0 0.6940046037946428 0.09658668154761907 0.7989408619686871 0.9996744791666666 0.8509521484375 0.9996744791666666 0.7341134207589286 0.09658668154761907
0 0.7428327287946428 0.15471540178571433 0.8511978635476719 0.9996744791666666 0.8910609654017857 0.9987444196428571 0.7663748604910714 0.15587797619047625
0 0.7768380301339285 0.16401599702380956 0.8952710081203819 0.9996744791666665 0.9477364676339285 0.9975818452380952 0.8195626395089285 0.16285342261904767
0 0.8300258091517857 0.1023995535714286 0.9526186042185769 0.9996744791666666 0.999755859375 0.9996744791666666 0.999755859375 0.8557477678571428 0.8771100725446428 0.10007440476190481
