0 0.0993477957589286 0.15704055059523814 0.10631171252398174 0.9996744791666666 0.14991978236607145 0.9996744791666666 0.14120047433035718 0.15587797619047625
0 0.14904785156250003 0.10007440476190481 0.15165959371399773 0.9996744791666666 0.18130929129464288 0.9996744791666666 0.17607770647321433 0.0989118303571429
0 0.19264439174107145 0.1489025297619048 0.18657570596067063 0.9996744791666666 0.23798479352678573 0.9952566964285713 0.24496023995535715 0.15587797619047625
0 0.2484479631696429 0.09426153273809527 0.23885672433035718 0.9952566964285713 0.2772216796875 0.9952566964285713 0.28506905691964285 0.09193638392857147
0 0.28768484933035715 0.34072730654761907 0.28942809581876733 0.9996744791666666 0.3382568359375 0.9906063988095237 0.3434884207589286 0.3453776041666667
0 0.34523228236607145 0.09426153273809527 0.3504638671875 0.9929315476190476 0.3835972377232143 0.9940941220238094 0.3774937220982143 0.09309895833333337
0 0.3774937220982143 0.2012183779761905 0.3870821687282309 0.9996744791666666 0.4411446707589286 0.9940941220238094 0.4324253627232143 0.2000558035714286
0 0.4394008091517857 0.16401599702380956 0.4446323939732143 0.9836309523809522 0.4847412109375 0.9801432291666665 0.4760219029017857 0.16517857142857148
0 0.4873570033482143 0.16052827380952384 0.48910086495535715 0.9859561011904762 0.5265938895089286 0.9801432291666665 0.5204903738839286 0.16052827380952384
0 0.5361851283482143 0.097749255952381 0.5318254743303571 0.9847935267857143 0.5562395368303571 0.9813058035714285 0.5605991908482143 0.09658668154761907
0 0.5762939453125 0.09426153273809527 0.5658307756696429 0.9743303571428571 0.6102992466517857 0.9743303571428571 0.6111711774553571 0.09426153273809527
0 0.6286097935267857 0.09658668154761907 0.6181466238839286 0.9720052083333331 0.6451764787946428 0.9720052083333331 0.6538957868303571 0.097749255952381
0 0.6608712332589286 0.17099144345238101 0.6521519252232143 0.9661923363095237 0.6817975725446428 0.9650297619047619 0.6905168805803571 0.16866629464285718
0 0.7114432198660714 0.1023995535714286 0.6948765345982143 0.9603794642857143 0.7166748046875 0.962704613095238 0.7332414899553571 0.1047247023809524
