0 0.012154715401785761 0.13146391369047625 0.07929338727678575 0.8952752976190476 0.10806710379464289 0.8929501488095237 0.043544224330357185 0.13146391369047625
0 0.0470319475446429 0.12913876488095244 0.11068289620535718 0.8964378720238094 0.13684082031250003 0.8976004464285713 0.07929338727678575 0.1233258928571429
0 0.0932442801339286 0.19424293154761907 0.13858468191964288 0.8964378720238094 0.17084612165178575 0.902250744047619 0.12114606584821433 0.19191778273809526
0 0.12812151227678575 0.1233258928571429 0.17520577566964288 0.8987630208333334 0.20397949218750003 0.9069010416666666 0.16212681361607145 0.12100074404761907
0 0.1725899832589286 0.1012369791666667 0.20833914620535718 0.9045758928571428 0.23275320870535718 0.9069010416666666 0.20223563058035718 0.10588727678571434
0 0.2092110770089286 0.06403459821428574 0.24060058593750003 0.9057384672619047 0.27199009486607145 0.9103887648809522 0.25019182477678575 0.058221726190476226
0 0.2528076171875 0.073335193452381 0.2728620256696429 0.9127139136904762 0.29291643415178575 0.9220145089285713 0.2798374720982143 0.06984747023809527
0 0.2798374720982143 0.08728608630952384 0.29291643415178575 0.9313151041666666 0.31820242745535715 0.9359654017857143 0.3103550502232143 0.08844866071428574
0 0.3103550502232143 0.08147321428571433 0.3190743582589286 0.9348028273809522 0.3347691127232143 0.9417782738095237 0.33564104352678575 0.08147321428571433
0 0.33651297433035715 0.07449776785714289 0.33651297433035715 0.9475911458333334 0.3966761997767857 0.9603794642857143 0.4053955078125 0.06752232142857147
0 0.40626743861607145 0.1512276785714286 0.3966761997767857 0.9557291666666666 0.4350411551339286 0.9661923363095237 0.44899204799107145 0.1489025297619048
0 0.45335170200892855 0.1535528273809524 0.44027273995535715 0.9580543154761904 0.4847412109375 0.9685174851190476 0.5047956194196429 0.1512276785714286
0 0.5108991350446429 0.017531622023809573 0.48997279575892855 0.9638671874999999 0.5300816127232143 0.9766555059523809 0.5510079520089286 0.009393601190476239
0 0.5492640904017857 0.14076450892857148 0.5283377511160714 0.975492931547619 0.5579833984375 0.9847935267857143 0.5876290457589286 0.13843936011904767
0 0.5937325613839286 0.01636904761904766 0.5649588448660714 0.9847935267857143 0.6033238002232143 0.9940941220238094 0.6338413783482143 0.009393601190476239
0 0.6443045479910714 0.003580729166666713 0.6102992466517857 0.9929315476190476 0.6608712332589286 0.9987444196428571 0.709590473241507 0.0
0 0.7175467354910714 0.025669642857142894 0.6626150948660714 0.9987444196428571 0.7096993582589286 0.9987444196428571 0.7716064453125 0.021019345238095278
0 0.7716064453125 0.11402529761904763 0.7177728676105859 0.9996744791666669 0.7829415457589285 0.9996744791666666 0.8474644252232143 0.10821242559523814
0 0.8683907645089285 0.07798549107142862 0.7881731305803571 0.9847935267857143 0.8239222935267857 0.9882812499999999 0.9128592354910714 0.07449776785714289
