0 0.10021972656250004 0.13960193452380956 0.16823032924107145 0.9964192708333331 0.2275216238839286 0.9975818452380952 0.16299874441964288 0.13843936011904767
0 0.16910226004464288 0.13727678571428578 0.23013741629464288 0.9964192708333331 0.2833251953125 0.9987444196428571 0.22839355468750003 0.13378906250000003
0 0.2310093470982143 0.11867559523809527 0.2917080891011671 0.9996744791666666 0.3373849051339286 0.9987444196428571 0.2885567801339286 0.11053757440476193
0 0.2955322265625 0.11518787202380958 0.3371551257221639 0.9996744791666666 0.37574986049107145 0.9996744791666666 0.33912876674107145 0.11518787202380958
0 0.3434884207589286 0.15704055059523814 0.3796505035245962 0.9996744791666666 0.44027273995535715 0.9996744791666666 0.41585867745535715 0.15471540178571433
0 0.41934640066964285 0.11053757440476193 0.44637625558035715 0.9964192708333331 0.48386928013392855 0.9987444196428571 0.46207101004464285 0.10588727678571434
0 0.47166224888392855 0.23028273809523814 0.48730500265571214 0.9996744791666669 0.5239780970982143 0.9996744791666666 0.5152587890625 0.22912016369047625
0 0.5178745814732143 0.2279575892857143 0.5292062677327615 0.9996744791666666 0.5632149832589286 0.9964192708333331 0.5614711216517857 0.2267950148809524
0 0.5658307756696429 0.13843936011904767 0.5684388228000024 0.9996744791666666 0.6190185546875 0.9996744791666666 0.6225062779017857 0.13960193452380956
0 0.6294817243303571 0.014043898809523855 0.6259940011160714 0.9987444196428571 0.6957484654017857 0.9964192708333331 0.7149309430803571 9.3005952380996e-05
0 0.7158028738839286 0.11053757440476193 0.6983915767932908 0.9996744791666666 0.7367292131696428 0.9996744791666666 0.7646309988839285 0.10356212797619051
0 0.7742222377232143 0.09426153273809527 0.7393450055803571 0.9964192708333331 0.7951485770089285 0.9964192708333331 0.8518240792410714 0.09658668154761907
