0 0.02065072408536589 0.0335524644308943 0.010527820121951248 0.9982056656504064 0.09627477134146344 0.9974117123983738 0.09687023628048784 0.035934324186991856
0 0.1046112804878049 0.039904090447154456 0.09687023628048784 0.9982056656504064 0.15641673018292684 0.9966177591463414 0.16058498475609756 0.036728277439024376
0 0.17011242378048785 0.034346417682926816 0.16118155150113578 0.9996744791666665 0.22668159298780494 0.9989996189024389 0.2332317073170732 0.03275851117886178
0 0.24335461128048785 0.037522230691056896 0.23502600566713755 0.9996744791666666 0.29932831554878053 0.9982056656504064 0.3017101753048781 0.039110137195121936
0 0.30409203506097565 0.03196455792682926 0.3058782100591624 0.9996744791666666 0.36482945884146345 0.9996744791666666 0.3612566692073171 0.028788744918699177
0 0.3731659679878049 0.030376651422764217 0.37198100731819134 0.9996744791666666 0.43807164634146345 0.9996744791666666 0.4350943216463415 0.030376651422764217
0 0.440453506097561 0.040698043699186975 0.44520091419393465 0.9996744791666666 0.5172684832317073 0.9996744791666666 0.5005954649390243 0.039904090447154456
0 0.5226276676829268 0.04704966971544714 0.5238184486947408 0.9996744791666666 0.588724275914634 0.9996744791666666 0.5803877667682926 0.04625571646341462
0 0.5917016006097561 0.04228595020325202 0.5982517149390243 0.9982056656504064 0.6822122713414633 0.9974117123983738 0.6697075076219512 0.036728277439024376
0 0.6851895960365854 0.041491996951219495 0.6935044027004383 0.9996744791666665 0.7667682926829268 0.9982056656504064 0.7590272484756097 0.039904090447154456
