0 0.006923130580357189 0.054734002976190514 0.0 0.9951259068080419 0.043544224330357185 0.9975818452380952 0.05051967075892861 0.051246279761904795
0 0.059238978794642905 0.06868489583333338 0.049647739955357185 0.9975818452380952 0.09586007254464289 0.9975818452380952 0.10632324218750004 0.0756603422619048
0 0.12114606584821433 0.08961123511904767 0.10640234747260169 0.9996744791666666 0.15602329799107145 0.9996744791666666 0.15951102120535718 0.08961123511904767
0 0.1786934988839286 0.09542410714285716 0.16737585943947142 0.9996744791666669 0.2126988002232143 0.9964192708333331 0.2214181082589286 0.08961123511904767
0 0.22577776227678573 0.23958333333333337 0.21967424665178575 0.9987444196428571 0.26239885602678575 0.9894438244047619 0.2606549944196429 0.23842075892857148
0 0.2650146484375 0.1012369791666667 0.2615269252232143 0.9859561011904762 0.29030064174107145 0.9906063988095237 0.29117257254464285 0.10356212797619051
0 0.2955322265625 0.12100074404761907 0.2894287109375 0.9929315476190476 0.3434884207589286 0.9940941220238094 0.3434884207589286 0.11867559523809527
0 0.34610421316964285 0.21400669642857148 0.3434884207589286 0.9906063988095237 0.3740059988839286 0.9906063988095237 0.37051827566964285 0.21633184523809526
0 0.37923758370535715 0.10588727678571434 0.37836814090148463 0.9996744791666664 0.4080113002232143 0.9975818452380952 0.40713936941964285 0.1023995535714286
0 0.4106270926339286 0.10356212797619051 0.41323544035731613 0.9996744791666669 0.4664306640625 0.9996744791666666 0.46119907924107145 0.1012369791666667
0 0.4664306640625 0.1279761904761905 0.468169423946856 0.9996744791666669 0.5117710658482143 0.9996744791666666 0.5030517578125 0.12913876488095244
0 0.5056675502232143 0.08379836309523814 0.5143078909408693 0.9996744791666666 0.5466482979910714 0.9996744791666666 0.5414167131696429 0.0756603422619048
0 0.5483921595982143 0.047758556547619097 0.5492638774760705 0.9996744791666666 0.6111711774553571 0.9996744791666666 0.6024518694196428 0.04543340773809528
0 0.6085553850446428 0.24074590773809526 0.6129150390625 0.9964192708333331 0.6661028180803571 0.9975818452380952 0.6538957868303571 0.23260788690476195
0 0.6521519252232143 0.03845796130952386 0.6713344029017857 0.9964192708333331 0.7027239118303571 0.9987444196428571 0.6879010881696428 0.040783110119047665
0 0.6913888113839286 0.04427083333333338 0.7096993582589286 0.9975818452380952 0.7402169363839286 0.9975818452380952 0.7280099051339286 0.048921130952380994
0 0.7323695591517857 0.2488839285714286 0.7419578285672821 0.9996744791666666 0.7768380301339285 0.9996744791666666 0.7655029296875 0.2477213541666667
0 0.7698625837053571 0.014043898809523855 0.785461660885687 0.9996744791666669 0.8361293247767857 0.9996744791666666 0.8230503627232143 0.005905877976190521
0 0.8300258091517857 0.13727678571428578 0.8431047712053571 0.9964192708333331 0.9076276506696428 0.9975818452380952 0.8971644810267857 0.13960193452380956
0 0.8980364118303571 0.04543340773809528 0.912819611904129 0.9996744791666665 0.9573277064732142 0.9952566964285713 0.9390171595982142 0.05240885416666671
0 0.9520961216517857 0.16401599702380956 0.9686628069196428 0.9964192708333331 0.9991803850446429 0.9987444196428571 0.9991803850446429 0.16634114583333337
