0 0.06352419969512198 0.1621728912601626 0.16029600415785367 0.9996744791666669 0.2040539253048781 0.9989996189024389 0.10997046493902442 0.15661521849593493
0 0.11890243902439028 0.15740917174796745 0.20744726320504842 0.9996744791666666 0.25526391006097565 0.9982056656504064 0.16951695884146345 0.14867568597560973
0 0.17368521341463417 0.15343940548780485 0.2525748850029206 0.9996744791666666 0.29099180640243905 0.9996744791666666 0.220726943597561 0.13994220020325202
0 0.22668159298780494 0.14788173272357721 0.29032811803627595 0.9996744791666666 0.32671970274390244 0.9996744791666666 0.27074599847560976 0.1391482469512195
0 0.272532393292683 0.13676638719512194 0.3287832638809469 0.9996744791666666 0.3469655106707317 0.9996744791666666 0.29932831554878053 0.1312087144308943
0 0.29932831554878053 0.1351784806910569 0.3479710455636479 0.9996744791666666 0.36363852896341464 0.9996744791666666 0.32314691310975613 0.13200266768292682
0 0.3219559832317073 0.09071709857723577 0.36422845529842107 0.9996744791666669 0.4213986280487805 0.9996744791666666 0.391625381097561 0.08674733231707316
0 0.39222084603658536 0.12168127540650404 0.42017862420510005 0.9996744791666666 0.4589129192073171 0.9989996189024389 0.42913967225609756 0.11453569613821137
0 0.42973513719512196 0.11056592987804877 0.46123430371403695 0.9996744791666666 0.49583174542682923 0.9996744791666666 0.47975419207317077 0.10262639735772357
0 0.4868997713414634 0.10342035060975609 0.4969855967069538 0.9996744791666666 0.5351324314024389 0.9982056656504064 0.5309641768292682 0.09945058434959349
0 0.5339415015243902 0.1391482469512195 0.5381091793095665 0.9996744791666666 0.5952743902439024 0.9996744791666666 0.6036108993902438 0.12803290142276422
0 0.6059927591463414 0.13438452743902438 0.59588052552166 0.9996744791666669 0.6720893673780487 0.9996744791666666 0.6947170350609756 0.12326918191056908
0 0.703053544207317 0.07007431402439022 0.6732841110793619 0.9996744791666666 0.7304449314024389 0.9996744791666666 0.7667682926829268 0.06451664126016259
0 0.7697456173780487 0.06372268800813007 0.7322360990300921 0.9996744791666666 0.773318407012195 0.9996744791666666 0.8161918826219512 0.06134082825203251
0 0.822146532012195 0.07245617378048778 0.7699311666918129 0.9996744791666666 0.8030916539634145 0.9996744791666666 0.8662109374999999 0.06769245426829266
0 0.8590653582317073 0.22251333841463414 0.8078553734756097 0.9989996189024389 0.8602562881097561 0.9989996189024389 0.9251619664634145 0.21774961890243896
