0 0.000819614955357189 0.2233072916666667 0.008666992187500045 0.9940941220238094 0.02697753906250004 0.9975818452380952 0.01825823102678576 0.2279575892857143
0 0.020002092633928617 0.21400669642857148 0.031337193080357185 0.9964192708333331 0.05400739397321433 0.9987444196428571 0.04180036272321433 0.2209821428571429
0 0.04528808593750004 0.21865699404761907 0.052149147300185675 0.9996744791666666 0.07493373325892862 0.9996744791666666 0.06185477120535718 0.21633184523809526
0 0.06359863281250004 0.21749441964285718 0.07580566406250004 0.9987444196428571 0.13684082031250003 0.9975818452380952 0.12550571986607145 0.21516927083333337
0 0.12812151227678575 0.21400669642857148 0.13595497982993515 0.9996744791666666 0.16910226004464288 0.9987444196428571 0.1603829520089286 0.21284412202380956
0 0.15951102120535718 0.21633184523809526 0.1664864676339286 0.9987444196428571 0.18130929129464288 0.9975818452380952 0.17520577566964288 0.21633184523809526
0 0.17694963727678575 0.18959263392857148 0.18130179618744885 0.9996744791666666 0.21444266183035718 0.9996744791666666 0.20223563058035718 0.19191778273809526
0 0.21008300781250003 0.2000558035714286 0.21617589322160743 0.9996744791666666 0.2493198939732143 0.9996744791666666 0.24060058593750003 0.19308035714285718
0 0.24147251674107145 0.3163132440476191 0.25019182477678575 0.9975818452380952 0.2713797433035726 0.9996744791666666 0.2641427176339286 0.31282552083333337
0 0.2589111328125 0.11635044642857147 0.27456057433738756 0.9996744791666666 0.30512346540178575 0.9996744791666666 0.28681291852678575 0.11635044642857147
0 0.2920445033482143 0.18726748511904767 0.3068673270089286 0.9964192708333331 0.3418608165922633 0.9996744791666666 0.33302525111607145 0.18726748511904767
0 0.32953752790178575 0.11518787202380958 0.3460998592444739 0.9996744791666665 0.3905726841517857 0.9964192708333331 0.3740059988839286 0.11286272321428574
0 0.3801095145089286 0.11402529761904763 0.39318504376406077 0.9996744791666666 0.44288853236607145 0.9996744791666666 0.4237060546875 0.11518787202380958
0 0.4324253627232143 0.2221447172619048 0.44376046316964285 0.9975818452380952 0.4978201729910714 0.9975818452380952 0.4812534877232143 0.21981956845238096
0 0.48561314174107145 0.16982886904761907 0.5004359654017857 0.9906063988095237 0.5658307756696429 0.9940941220238094 0.5536237444196429 0.15587797619047625
0 0.5571114676339286 0.2256324404761905 0.5728062220982143 0.9940941220238094 0.6076834542410714 0.9987444196428571 0.5928606305803571 0.21865699404761907
0 0.5919886997767857 0.10821242559523814 0.609422768621077 0.9996744791666666 0.6277378627232143 0.9940941220238094 0.6111711774553571 0.10704985119047623
0 0.6164027622767857 0.20819382440476195 0.6329694475446428 0.9952566964285713 0.667428152901786 0.9996744791666666 0.6626150948660714 0.20819382440476195
0 0.6652308872767857 0.10704985119047623 0.6791817801339286 0.9929315476190476 0.7105712890625 0.9952566964285713 0.6922607421875 0.10821242559523814
0 0.6905168805803571 0.1744791666666667 0.7140590122767857 0.9929315476190476 0.7419607979910714 0.9929315476190476 0.7245221819196428 0.1756417410714286
0 0.7271379743303571 0.21516927083333337 0.7428048682837595 0.9996744791666666 0.7881731305803571 0.9929315476190476 0.7681187220982143 0.20819382440476195
0 0.7689906529017857 0.11170014880952384 0.7881731305803571 0.9975818452380952 0.8265380859375 0.9987444196428571 0.8012520926339285 0.09658668154761907
0 0.8082275390625 0.1744791666666667 0.8299279768035589 0.9996744791666666 0.8483363560267857 0.9952566964285713 0.8300258091517857 0.1733165922619048
0 0.8291538783482143 0.1733165922619048 0.8497841723347409 0.9996744791666666 0.8805977957589285 0.9929315476190476 0.8596714564732143 0.16982886904761907
0 0.8570556640625 0.10588727678571434 0.8840855189732143 0.9964192708333331 0.9128592354910714 0.9917689732142856 0.8893171037946428 0.10007440476190481
0 0.8884451729910714 0.10356212797619051 0.9146030970982142 0.9847935267857143 0.9529680524553571 0.9859561011904762 0.9215785435267857 0.09542410714285716
0 0.9233224051339285 0.16982886904761907 0.9529680524553571 0.9894438244047619 0.9817417689732142 0.9859561011904762 0.9520961216517857 0.17099144345238101
0 0.9512241908482142 0.1012369791666667 0.9826136997767857 0.975492931547619 0.9991803850446429 0.9789806547619047 0.9956926618303571 0.523251488095238 0.9817417689732142 0.10356212797619051
