0 0.02362804878048784 0.15661521849593493 0.03256002286585369 0.8624396595528454 0.04982850609756101 0.8608517530487805 0.04149199695121954 0.15343940548780485
0 0.04089653201219515 0.00020642784552844795 0.0504239710365854 0.8743489583333331 0.09627477134146344 0.8743489583333331 0.08377000762195123 0.0017943343495934888
0 0.08972465701219516 0.05181338922764226 0.09806116615853662 0.8759368648373983 0.15582126524390244 0.8751429115853657 0.14450743140243905 0.0534012957317073
0 0.15701219512195125 0.00020642784552844795 0.15701219512195125 0.8735550050813008 0.20048113567073172 0.8719670985772358 0.1957174161585366 0.00020642784552844795
0 0.2034584603658537 0.0811896595528455 0.21000857469512196 0.8711731453252032 0.26300495426829273 0.8687912855691056 0.25466844512195125 0.08277756605691054
0 0.2570503048780488 0.0811896595528455 0.2641958841463415 0.867997332317073 0.3225514481707317 0.8664094258130081 0.31481040396341464 0.0811896595528455
0 0.321360518292683 0.0811896595528455 0.3255287728658537 0.867997332317073 0.3868616615853659 0.8687912855691056 0.38209794207317077 0.07880779979674794
0 0.3832888719512195 0.07642594004065038 0.38864805640243905 0.8719670985772358 0.4344988567073171 0.8695852388211381 0.42616234756097565 0.07960175304878046
0 0.4339033917682927 0.0811896595528455 0.4356897865853659 0.8695852388211381 0.4833269817073171 0.8727610518292682 0.4809451219512196 0.07404408028455282
0 0.4910680259146341 0.07483803353658534 0.4886861661585366 0.8759368648373983 0.5404916158536585 0.8743489583333331 0.5387052210365854 0.07166222052845526
0 0.5434689405487805 0.0692803607723577 0.5446598704268292 0.8807005843495933 0.5922970655487805 0.879906631097561 0.5881288109756097 0.06372268800813007
0 0.59765625 0.06372268800813007 0.5952743902439024 0.8775247713414633 0.6476753048780487 0.8791126778455284 0.6488662347560975 0.06451664126016259
0 0.6518435594512194 0.06769245426829266 0.6524390243902438 0.8822884908536585 0.7060308689024389 0.8767308180894308 0.709008193597561 0.0653105945121951
0 0.716749237804878 0.06689850101626015 0.7131764481707317 0.8759368648373983 0.7715320121951219 0.8711731453252032 0.7697456173780487 0.06769245426829266
0 0.7792730564024389 0.06292873475609755 0.7745093368902438 0.8767308180894308 0.846560594512195 0.8759368648373983 0.8435832698170731 0.05975292174796746
0 0.8566834984756097 0.06372268800813007 0.849537919207317 0.8791126778455284 0.9162299923780487 0.8775247713414633 0.9233755716463414 0.05816501524390242
