0 0.003977705792682959 0.02243711890243902 0.0010003810975610095 0.9974117123983738 0.0676924542682927 0.9982056656504064 0.07126524390243906 0.020055259146341455
0 0.08138814786585367 0.036728277439024376 0.06948032179337665 0.9996744791666669 0.10937500000000001 0.9996744791666666 0.1236661585365854 0.037522230691056896
0 0.1302162728658537 0.035934324186991856 0.11000626139218452 0.9996744791666666 0.1427210365853659 0.9996744791666666 0.16296684451219512 0.035934324186991856
0 0.16415777439024393 0.00020642784552844795 0.14455647940593475 0.9996744791666666 0.1832126524390244 0.9942358993902438 0.19333555640243905 0.001000381097560969
0 0.20584032012195125 0.04625571646341462 0.18505357384208382 0.9996744791666666 0.21834508384146345 0.9996744791666666 0.23382717225609762 0.0494315294715447
0 0.23739996189024393 0.05022548272357722 0.22017684623333217 0.999674479166667 0.2510956554878049 0.9996744791666666 0.27074599847560976 0.0534012957317073
0 0.27967797256097565 0.00020642784552844795 0.25354291258189676 0.9996744791666666 0.31600133384146345 0.9996744791666666 0.3362471417682927 0.002588287601626009
0 0.3362471417682927 0.018467352642276415 0.3183853615524361 0.9996744791666666 0.3731659679878049 0.9989996189024389 0.39341177591463417 0.020055259146341455
0 0.39638910060975613 0.026406885162601618 0.3791508512859871 0.9996744791666665 0.4285442073170732 0.9982056656504064 0.44581269054878053 0.024025025406504058
0 0.44938548018292684 0.026406885162601618 0.4291421493125323 0.9996744791666666 0.461890243902439 0.9974117123983738 0.4851133765243903 0.028788744918699177
0 0.49761814024390244 0.0017943343495934888 0.4696568722750616 0.9996744791666666 0.513695693597561 0.9996744791666666 0.5422612222319222 0.0
0 0.5464462652439024 0.010527820121951212 0.5178639481707317 0.9982056656504064 0.5666920731707317 0.9974117123983738 0.5893197408536585 0.009733866869918692
0 0.5958698551829268 0.006558053861788611 0.5702883817675255 0.9996744791666666 0.6048018292682926 0.9996744791666666 0.6333841463414633 0.008939913617886172
0 0.643507050304878 0.009733866869918692 0.607840655146068 0.9996744791666666 0.6566072789634145 0.9996744791666666 0.6905487804878048 0.015291539634146332
0 0.6935261051829268 0.011321773373983733 0.661966463414634 0.9989996189024389 0.7125809832317073 0.9989996189024389 0.7435451600609756 0.016085492886178852
0 0.7429496951219512 0.10580221036585365 0.7139047739208637 0.9996744791666666 0.7554544588414633 0.9996744791666666 0.7864186356707317 0.10500825711382113
0 0.7905868902439024 0.002588287601626009 0.7584356237165264 0.9996744791666666 0.8114281631097561 0.9996744791666666 0.8453696646341463 0.0033822408536585296
0 0.8614472179878048 0.002588287601626009 0.8292921112804877 0.9958238058943089 0.8846703506097561 0.9989996189024389 0.912640752965841 0.0
0 0.9144435975609755 0.0017943343495934888 0.8852692973843427 0.9996744791666666 0.9317120807926829 0.9996744791666666 0.9585080030487804 0.001000381097560969
