0 0.15165301067073172 0.05260734247967478 0.18380407440570506 0.9996744791666665 0.2522865853658537 0.9989996189024389 0.21239043445121952 0.0454617632113821
0 0.2290634527439025 0.04863757621951218 0.2557446626146144 0.9996744791666666 0.3350562118902439 0.9996744791666666 0.3058784298780488 0.04784362296747966
0 0.31659679878048785 0.05101943597560974 0.34041539634146345 0.9950298526422764 0.3910299161585366 0.9974117123983738 0.3624475990853659 0.05419524898373982
0 0.3749523628048781 0.039110137195121936 0.3957936356707317 0.9989996189024389 0.44759908536585363 0.9974117123983738 0.4190167682926829 0.04228595020325202
0 0.4315215320121951 0.08595337906504064 0.449336718106031 0.9996744791666669 0.4874952362804878 0.9996744791666666 0.47082221798780494 0.08674733231707316
0 0.4803496570121952 0.05498920223577234 0.488685115338056 0.9996744791666666 0.5315596417682926 0.9996744791666666 0.5226276676829268 0.05181338922764226
0 0.5291777820121951 0.1717003302845528 0.5392895352672209 0.9996744791666666 0.5750285823170731 0.9996744791666666 0.5619283536585366 0.17328823678861785
0 0.5655011432926829 0.1756700965447154 0.5785617314898607 0.9996744791666666 0.611351943597561 0.9996744791666666 0.5982517149390243 0.1748761432926829
0 0.6018245045731707 0.179639862804878 0.6155049660163436 0.9996744791666666 0.6518435594512194 0.9996744791666666 0.6339796112804877 0.17646404979674793
0 0.6387433307926829 0.0811896595528455 0.6548208841463414 0.9974117123983738 0.6959079649390243 0.9982056656504064 0.6750666920731707 0.08277756605691054
0 0.6804258765243902 0.08992314532520325 0.6970821781901886 0.9996744791666666 0.7387814405487805 0.9996744791666666 0.7155583079268292 0.0883352388211382
0 0.7191310975609756 0.07007431402439022 0.74049212263233 0.9996744791666666 0.7685546874999999 0.9996744791666666 0.7447360899390243 0.0732501270325203
0 0.7477134146341463 0.11453569613821137 0.7679383599452804 0.9996744791666666 0.8203601371951219 0.9996744791666666 0.7965415396341463 0.11453569613821137
0 0.7953506097560975 0.07960175304878046 0.8227419969512194 0.9989996189024389 0.8679973323170731 0.9974117123983738 0.8376286204268292 0.07404408028455282
