0 0.0379192073170732 0.16534870426829268 0.11354325457317076 0.9989996189024389 0.17785346798780488 0.9878842733739837 0.11294778963414638 0.1621728912601626
0 0.1236661585365854 0.1677305640243902 0.1790443978658537 0.9910600863821136 0.2403772865853659 0.9767689278455284 0.19214462652439024 0.16534870426829268
0 0.1969083460365854 0.17408219004065037 0.24633193597560976 0.9807386941056909 0.27908250762195125 0.9704173018292682 0.2278725228658537 0.1717003302845528
0 0.23025438262195125 0.13756034044715446 0.2820598323170732 0.9712112550813007 0.3654249237804878 0.9569200965447154 0.32850609756097565 0.13756034044715446
0 0.33148342225609756 0.09230500508130081 0.3624475990853659 0.9593019563008128 0.3987709603658537 0.9537442835365852 0.38150247713414637 0.09389291158536585
0 0.3862661966463415 0.07563198678861786 0.40472560975609756 0.9569200965447154 0.47141768292682923 0.9505684705284553 0.4672494283536585 0.07483803353658534
0 0.47022675304878053 0.05101943597560974 0.47618140243902435 0.9577140497967479 0.5148866234756098 0.9513624237804877 0.513695693597561 0.0494315294715447
0 0.5172684832317073 0.05975292174796746 0.521436737804878 0.9465987042682925 0.5666920731707317 0.9450107977642276 0.5672875381097561 0.05498920223577234
0 0.5714557926829268 0.05101943597560974 0.5690739329268292 0.9394531249999999 0.5905106707317073 0.9362773119918698 0.5994426448170731 0.05181338922764226
0 0.5994426448170731 0.27173844004065034 0.5911061356707317 0.9370712652439024 0.6441025152439024 0.9299256859756097 0.6637528582317073 0.2725323932926829
0 0.6649437881097561 0.06451664126016259 0.6494616996951219 0.925955919715447 0.684594131097561 0.9243680132113821 0.700076219512195 0.06372268800813007
0 0.6982898246951219 0.2804719258130081 0.6893578506097561 0.9235740599593495 0.7238948170731707 0.9180163871951219 0.7381859756097561 0.2828537855691056
0 0.7429496951219512 0.05260734247967478 0.7268721417682926 0.9219861534552845 0.7566453887195121 0.9148405741869917 0.7739138719512194 0.05419524898373982
0 0.7798685213414633 0.07086826727642274 0.7590272484756097 0.9100768546747967 0.7816549161585366 0.904519181910569 0.8054735137195121 0.0692803607723577
0 0.8120236280487804 0.04625571646341462 0.7828458460365852 0.9124587144308943 0.8269102515243901 0.9013433689024389 0.8638290777439024 0.04466780995934958
