0 0.0069550304878049085 0.14867568597560973 0.08496093750000004 0.9727991615853657 0.11532964939024394 0.9767689278455284 0.04982850609756101 0.14153010670731705
0 0.04982850609756101 0.10977197662601625 0.11413871951219516 0.9934419461382112 0.1552258003048781 0.9910600863821136 0.098656631097561 0.10421430386178861
0 0.11235232469512198 0.11294778963414633 0.16118044969512196 0.9696233485772358 0.19929020579268297 0.9688293953252032 0.1546303353658537 0.11453569613821137
0 0.15582126524390244 0.11453569613821137 0.20107660060975613 0.9704173018292682 0.23561356707317077 0.9672414888211381 0.19809927591463417 0.1161236026422764
0 0.19988567073170738 0.11691755589430892 0.23799542682926833 0.9735931148373983 0.26776867378048785 0.9712112550813007 0.2397818216463415 0.11691755589430892
0 0.24156821646341464 0.20425241361788615 0.269555068597561 0.9735931148373983 0.31600133384146345 0.9704173018292682 0.29873285060975613 0.20107660060975607
0 0.2981373856707317 0.11374174288617885 0.3189786585365854 0.9759749745934959 0.39400724085365857 0.9759749745934959 0.39341177591463417 0.11850546239837396
0 0.4029392149390244 0.11691755589430892 0.3981754954268293 0.9791507876016259 0.47141768292682923 0.9831205538617885 0.4934498856707317 0.1240631351626016
0 0.5011909298780487 0.13676638719512194 0.4821360518292683 0.9839145071138211 0.5267959222560975 0.9839145071138211 0.5541873094512194 0.14391196646341461
0 0.556569169207317 0.14073615345528454 0.5345369664634145 0.9894721798780487 0.5791968368902438 0.9870903201219511 0.6137338033536585 0.14549987296747965
0 0.6137338033536585 0.14549987296747965 0.5821741615853658 0.9847084603658535 0.6345750762195121 0.9847084603658535 0.6738757621951219 0.14867568597560973
0 0.6834032012195121 0.15264545223577233 0.6351705411585366 0.9807386941056909 0.6857850609756097 0.9807386941056909 0.7399723704268292 0.1550273119918699
0 0.7375905106707317 0.22727705792682926 0.6887623856707317 0.9553321900406503 0.7304449314024389 0.9577140497967479 0.7876095655487804 0.23204077743902438
0 0.789991425304878 0.23283473069105687 0.7310403963414633 0.9569200965447154 0.7858231707317073 0.9593019563008128 0.8483469893292682 0.23601054369918695
0 0.857278963414634 0.19234311483739833 0.7888004954268292 0.965653582317073 0.8358422256097561 0.9751810213414633 0.9156345274390243 0.18599148882113817
0 0.9358803353658536 0.1955189278455284 0.857278963414634 0.9926479928861788 0.8810975609756097 0.9942358993902438 0.9650581173780487 0.19948869410569103
