0 0.08138814786585367 0.2455379827235772 0.15046208079268297 0.9370712652439024 0.17487614329268297 0.9338954522357722 0.10758860518292686 0.23839240345528454
0 0.10997046493902442 0.2113979928861788 0.17725800304878053 0.937865218495935 0.21179496951219517 0.937865218495935 0.15165301067073172 0.20901613313008127
0 0.15284394054878053 0.20981008638211376 0.2153677591463415 0.9394531249999999 0.24990472560975613 0.9394531249999999 0.18797637195121952 0.20663427337398368
0 0.1826171875 0.11056592987804877 0.24990472560975613 0.94262893800813 0.2862280868902439 0.9505684705284553 0.22668159298780494 0.10580221036585365
0 0.2290634527439025 0.10262639735772357 0.2862280868902439 0.9561261432926829 0.3261242378048781 0.9593019563008128 0.2767006478658537 0.09786267784552845
0 0.29039634146341464 0.13041476117886178 0.32850609756097565 0.9577140497967479 0.37554782774390244 0.9640656758130081 0.3463700457317073 0.12326918191056908
0 0.35589748475609756 0.12168127540650404 0.38209794207317077 0.965653582317073 0.4285442073170732 0.9632717225609756 0.41365758384146345 0.120093368902439
0 0.4225895579268293 0.19710683434959345 0.43688071646341464 0.9680354420731706 0.47856326219512196 0.965653582317073 0.486304306402439 0.19631288109756095
0 0.4898770960365854 0.19869474085365849 0.4898770960365854 0.9315135924796748 0.5327505716463414 0.9370712652439024 0.5518054496951219 0.197900787601626
0 0.5577600990853658 0.04307990345528454 0.5375142911585366 0.9331014989837397 0.59765625 0.9370712652439024 0.6446979801829268 0.039110137195121936
0 0.6649437881097561 0.0335524644308943 0.5994426448170731 0.9346894054878048 0.6649437881097561 0.9442168445121951 0.7494998094512194 0.03275851117886178
0 0.7316358612804877 0.22330729166666663 0.6691120426829268 0.9434228912601625 0.6875714557926829 0.9442168445121951 0.759622713414634 0.22330729166666663
0 0.7792730564024389 0.07801384654471542 0.6970988948170731 0.9505684705284553 0.7608136432926829 0.9521563770325202 0.8543016387195121 0.08039570630081298
0 0.8596608231707317 0.05101943597560974 0.7721274771341463 0.9402470782520324 0.8036871189024389 0.94262893800813 0.9013433689024389 0.05578315548780486
