0 0.0444693216463415 0.10024453760162601 0.13140720274390244 0.8894340701219511 0.19214462652439024 0.8822884908536585 0.123070693597561 0.09786267784552845
0 0.12723894817073172 0.10024453760162601 0.19333555640243905 0.8894340701219511 0.22727705792682928 0.8854643038617885 0.16058498475609756 0.09706872459349593
0 0.16475323932926833 0.10183244410569105 0.2284679878048781 0.8894340701219511 0.2606230945121952 0.8822884908536585 0.20167206554878053 0.10421430386178861
0 0.20107660060975613 0.07086826727642274 0.26300495426829273 0.8791126778455284 0.2999237804878049 0.8783187245934959 0.2457364710365854 0.06689850101626015
0 0.24752286585365857 0.0017943343495934888 0.3058784298780488 0.8807005843495933 0.3856707317073171 0.8695852388211381 0.35172923018292684 0.0017943343495934888
0 0.36006573932926833 0.0811896595528455 0.3910299161585366 0.8743489583333331 0.42913967225609756 0.8727610518292682 0.41306211890243905 0.07880779979674794
0 0.416039443597561 0.08277756605691054 0.4321169969512195 0.8711731453252032 0.47320407774390244 0.8687912855691056 0.4690358231707317 0.08198361280487802
0 0.47499047256097565 0.00497014735772357 0.47915872713414637 0.8656154725609756 0.5267959222560975 0.8640275660569104 0.5351324314024389 0.0017943343495934888
0 0.5422780106707317 0.0017943343495934888 0.5357278963414633 0.8616457063008128 0.5863424161585366 0.8664094258130081 0.6208559784505383 0.0
0 0.6232612423780487 0.007352007113821131 0.5988471798780487 0.8656154725609756 0.6518435594512194 0.864821519308943 0.7012335957603769 0.0
0 0.7042444740853658 0.00020642784552844795 0.6548208841463414 0.8592638465447154 0.7060308689024389 0.8624396595528454 0.7721274771341463 0.002588287601626009
0 0.7697456173780487 0.14470591971544713 0.7119855182926829 0.8568819867886178 0.7465224847560975 0.8537061737804877 0.8090463033536585 0.13994220020325202
0 0.8173828124999999 0.03196455792682926 0.748904344512195 0.8552940802845527 0.797732469512195 0.8489424542682925 0.8745474466463414 0.028788744918699177
0 0.8703791920731706 0.15740917174796745 0.8048780487804877 0.84814850101626 0.8531107088414633 0.8410029217479674 0.9287347560975608 0.1550273119918699
0 0.9483850990853658 0.0454617632113821 0.8566834984756097 0.8410029217479674 0.8864567454268292 0.8417968749999999 0.9817311356707316 0.04704966971544714
