0 0.0010003810975610095 0.21695566565040647 0.07781535823170734 0.8759368648373983 0.11235232469512198 0.8672033790650406 0.03494188262195125 0.20663427337398368
0 0.03136909298780491 0.1351784806910569 0.11294778963414638 0.8703791920731706 0.13855278201219512 0.8616457063008128 0.06114233993902442 0.13279662093495934
0 0.0623332698170732 0.13438452743902438 0.1433165015243903 0.8767308180894308 0.20286299542682928 0.8687912855691056 0.1355754573170732 0.1312087144308943
0 0.13914824695121952 0.13200266768292682 0.20584032012195125 0.8656154725609756 0.269555068597561 0.8592638465447154 0.21119950457317077 0.12803290142276422
0 0.22251333841463417 0.12803290142276422 0.27848704268292684 0.8735550050813008 0.2999237804878049 0.864821519308943 0.25050019054878053 0.12485708841463412
0 0.25466844512195125 0.12882685467479674 0.30290110518292684 0.8640275660569104 0.32314691310975613 0.8552940802845527 0.27908250762195125 0.1272389481707317
0 0.2814643673780488 0.08595337906504064 0.33207888719512196 0.863233612804878 0.3797160823170732 0.8529122205284553 0.34041539634146345 0.0811896595528455
0 0.34517911585365857 0.08515942581300812 0.3838843368902439 0.8672033790650406 0.41842130335365857 0.8664094258130081 0.3868616615853659 0.08595337906504064
0 0.38209794207317077 0.002588287601626009 0.42437595274390244 0.8711731453252032 0.47558593750000006 0.8695852388211381 0.45414919969512196 0.001000381097560969
0 0.4672494283536585 0.12326918191056908 0.4839224466463415 0.8735550050813008 0.5309641768292682 0.864821519308943 0.5196503429878049 0.11850546239837396
0 0.5279868521341463 0.19313706808943087 0.5363233612804877 0.864821519308943 0.5917016006097561 0.8568819867886178 0.5875333460365854 0.18519753556910568
0 0.580983231707317 0.0843654725609756 0.6006335746951219 0.840208968495935 0.6321932164634145 0.8394150152439024 0.6280249618902438 0.07801384654471542
0 0.6304068216463414 0.11771150914634144 0.6339796112804877 0.8330633892276422 0.6577982088414633 0.8378271087398373 0.6577982088414633 0.11453569613821137
0 0.6703029725609756 0.001000381097560969 0.6750666920731707 0.8505303607723577 0.724490282012195 0.8465605945121951 0.7292506977264154 0.0
0 0.7435451600609756 0.1161236026422764 0.7340177210365854 0.8394150152439024 0.7673637576219512 0.8370331554878048 0.782250381097561 0.11374174288617885
0 0.797732469512195 0.034346417682926816 0.7697456173780487 0.8362392022357722 0.8227419969512194 0.8282996697154471 0.8507288490853658 0.025612931910569098
0 0.8602562881097561 0.10659616361788617 0.8233374618902438 0.8330633892276422 0.8507288490853658 0.8275057164634146 0.8834794207317073 0.10103849085365853
0 0.8989615091463414 0.10977197662601625 0.8543016387195121 0.829887576219512 0.8805020960365852 0.8243299034552845 0.9281392911585366 0.10500825711382113
