0 0.05399676067073174 0.0883352388211382 0.1790443978658537 0.9791507876016259 0.2165586890243903 0.9672414888211381 0.1236661585365854 0.09309895833333333
0 0.14391196646341464 0.1788459095528455 0.2195360137195122 0.962477769308943 0.25585937500000006 0.9593019563008128 0.19809927591463417 0.18360962906504064
0 0.2034584603658537 0.17408219004065037 0.25466844512195125 0.9537442835365852 0.2820598323170732 0.9505684705284553 0.2445455411585366 0.17249428353658533
0 0.25526391006097565 0.31699377540650403 0.29099180640243905 0.9648596290650405 0.3374380716463415 0.9545382367886178 0.33207888719512196 0.31302400914634143
0 0.34041539634146345 0.19948869410569103 0.3422017911585366 0.9465987042682925 0.38090701219512196 0.9434228912601625 0.3951981707317073 0.197900787601626
0 0.3987709603658537 0.31778772865853655 0.38090701219512196 0.9497745172764227 0.4154439786585366 0.9465987042682925 0.4440262957317073 0.32175749491869915
0 0.44938548018292684 0.22807101117886175 0.41842130335365857 0.9442168445121951 0.4595083841463415 0.9402470782520324 0.5166730182926829 0.23601054369918695
0 0.5232231326219512 0.18599148882113817 0.461890243902439 0.9315135924796748 0.5023818597560975 0.927543826219512 0.5780059070121951 0.18599148882113817
0 0.5672875381097561 0.32255144817073167 0.5029773246951219 0.9283377794715446 0.5434689405487805 0.9219861534552845 0.6143292682926829 0.31699377540650403
0 0.6184975228658536 0.31699377540650403 0.5422780106707317 0.9267498729674796 0.570264862804878 0.9148405741869917 0.661966463414634 0.3161998221544715
0 0.6762576219512194 0.23521659044715446 0.5690739329268292 0.9211922002032519 0.6024199695121951 0.9124587144308943 0.7137719131097561 0.24156821646341461
0 0.716749237804878 0.24395007621951215 0.6042063643292682 0.922780106707317 0.6589891387195121 0.922780106707317 0.8054735137195121 0.25665332825203246
0 0.808450838414634 0.2622110010162601 0.6607755335365854 0.9235740599593495 0.7197265624999999 0.9164284806910569 0.8900295350609755 0.2622110010162601
0 0.9067025533536585 0.2645928607723577 0.7286585365853658 0.9188103404471545 0.748904344512195 0.9211922002032519 0.9358803353658536 0.2725323932926829
0 0.9382621951219512 0.2677686737804878 0.751881669207317 0.9172224339430893 0.7685546874999999 0.9132526676829267 0.9626762576219511 0.27650215955284546
0 0.9805402057926828 0.22489519817073167 0.7768911966463414 0.9148405741869917 0.8209556021341463 0.9116647611788617 0.999755859375 0.3699178023627205 0.999755859375 0.23124682418699183
