0 0.00040491615853661955 0.2630049542682927 0.0010003810975610095 0.4178258384146341 0.08377000762195123 0.9878842733739837 0.14391196646341464 0.9839145071138211 0.06709698932926832 0.26379890752032514
0 0.07245617378048784 0.2677686737804878 0.147484756097561 0.9886782266260162 0.21119950457317077 0.9815326473577235 0.15701219512195125 0.26856262703252026
0 0.17011242378048785 0.2733263465447154 0.21894054878048785 0.9878842733739837 0.2439500762195122 0.9839145071138211 0.20167206554878053 0.26935658028455284
0 0.2034584603658537 0.2733263465447154 0.24633193597560976 0.9823266006097561 0.2701505335365854 0.9751810213414633 0.23501810213414637 0.2709444867886179
0 0.23918635670731708 0.22727705792682926 0.27908250762195125 0.9910600863821136 0.3296970274390244 0.9823266006097561 0.3046875 0.23124682418699183
0 0.3100466844512195 0.24395007621951215 0.3308879573170732 0.9958238058943089 0.3654249237804878 0.9974117123983738 0.36006573932926833 0.24395007621951215
0 0.3612566692073171 0.15026359247967477 0.36959317835365857 0.9958238058943089 0.4213986280487805 0.9974117123983738 0.44164443597560976 0.1510575457317073
0 0.44759908536585363 0.2987328506097561 0.43395208413266323 0.9996744791666666 0.48154058689024387 0.9996744791666666 0.5107183689024389 0.295557037601626
0 0.5119092987804877 0.37336445630081294 0.4852871787909128 0.9996744791666666 0.539896150914634 0.9996744791666666 0.5774104420731707 0.37177654979674796
0 0.5863424161585366 0.2510956554878048 0.5470417301829268 0.9839145071138211 0.5833650914634145 0.9823266006097561 0.6327886814024389 0.24791984247967477
0 0.6339796112804877 0.28999936483739835 0.5839605564024389 0.9886782266260162 0.6048018292682926 0.9862963668699186 0.6637528582317073 0.2892054115853658
0 0.6941215701219512 0.1709063770325203 0.6250476371951219 0.9966177591463414 0.6744712271341463 0.9974117123983738 0.7590272484756097 0.16852451727642273
0 0.7626000381097561 0.30984819613821135 0.6834032012195121 0.9966177591463414 0.7149628429878048 0.9934419461382112 0.8054735137195121 0.30667238313008127
0 0.831078506097561 0.219337525406504 0.7227038871951219 0.9910600863821136 0.7721274771341463 0.9894721798780487 0.887647675304878 0.22251333841463414
0 0.8870522103658536 0.30508447662601623 0.776295731707317 0.9926479928861788 0.8036871189024389 0.9918540396341462 0.9215891768292682 0.30111471036585363
0 0.9340939405487804 0.30667238313008127 0.8072599085365852 0.9878842733739837 0.8304830411585366 0.9878842733739837 0.9668445121951218 0.3034965701219512
