0 0.04268292682926833 0.2534775152439024 0.15403487042682928 0.9918540396341462 0.18499904725609756 0.9942358993902438 0.07245617378048784 0.2495077489837398
0 0.0748380335365854 0.2510956554878048 0.18618997713414637 0.9910600863821136 0.2076267149390244 0.9894721798780487 0.10580221036585367 0.24791984247967477
0 0.10282488567073174 0.20742822662601623 0.2076267149390244 0.9894721798780487 0.22370426829268297 0.9886782266260162 0.12009336890243906 0.20663427337398368
0 0.09567930640243906 0.00020642784552844795 0.22727705792682928 0.9982056656504064 0.2528820503048781 0.9950298526422764 0.1355754573170732 0.00020642784552844795
0 0.1433165015243903 0.00417619410569105 0.25943216463414637 0.9982056656504064 0.2850371570121952 0.9902661331300813 0.18148769357191022 0.0
0 0.21119950457317077 0.2542714684959349 0.2880144817073171 0.9894721798780487 0.32731516768292684 0.9839145071138211 0.26657774390243905 0.24633193597560973
0 0.27789157774390244 0.3320788871951219 0.3302924923780488 0.9831205538617885 0.3660203887195122 0.9783568343495933 0.318383193597561 0.32652121443089427
0 0.32731516768292684 0.32255144817073167 0.3678067835365854 0.9751810213414633 0.39698456554878053 0.9688293953252032 0.36006573932926833 0.31302400914634143
0 0.35708841463414637 0.21219194613821135 0.3975800304878049 0.965653582317073 0.41365758384146345 0.960889862804878 0.3868616615853659 0.2106040396341463
0 0.39222084603658536 0.2510956554878048 0.4202076981707317 0.9680354420731706 0.43688071646341464 0.9672414888211381 0.42497141768292684 0.24712588922764223
0 0.42556688262195125 0.19234311483739833 0.44640815548780494 0.9688293953252032 0.47499047256097565 0.9680354420731706 0.4601038490853659 0.1907552083333333
0 0.4630811737804878 0.21298589939024384 0.47677686737804875 0.960889862804878 0.5119092987804877 0.9537442835365852 0.5119092987804877 0.20425241361788615
0 0.5208412728658536 0.2550654217479674 0.5178639481707317 0.9640656758130081 0.5506145198170731 0.9585080030487804 0.5678830030487805 0.2534775152439024
0 0.5750285823170731 0.25585937499999994 0.5529963795731707 0.9585080030487804 0.5881288109756097 0.9497745172764227 0.6143292682926829 0.25268356199186986
0 0.6262385670731707 0.19472497459349591 0.5881288109756097 0.9593019563008128 0.6167111280487805 0.9513624237804877 0.6560118140243902 0.19393102134146337
0 0.6583936737804877 0.2113979928861788 0.6179020579268292 0.9529503302845527 0.6637528582317073 0.9418349847560975 0.7203220274390243 0.2113979928861788
0 0.7232993521341463 0.22410124491869918 0.6673256478658536 0.937865218495935 0.6887623856707317 0.9323075457317072 0.7560499237804877 0.22013147865853655
0 0.7554544588414633 0.21616171239837392 0.6893578506097561 0.9140466209349593 0.7173447027439024 0.902931275406504 0.7804639862804877 0.219337525406504
0 0.7929687499999999 0.25585937499999994 0.7268721417682926 0.9219861534552845 0.759622713414634 0.9164284806910569 0.8346512957317073 0.2598291412601626
0 0.8334603658536585 0.2503017022357723 0.7620045731707317 0.899755462398374 0.7780821265243901 0.8957856961382112 0.8590653582317073 0.24791984247967477
0 0.8810975609756097 0.257447281504065 0.7893959603658536 0.9148405741869917 0.8120236280487804 0.9140466209349593 0.9138481326219512 0.2550654217479674
0 0.9162299923780487 0.21298589939024384 0.8179782774390243 0.899755462398374 0.8453696646341463 0.8886401168699186 0.9489805640243901 0.2113979928861788
0 0.9418349847560975 0.2534775152439024 0.8435832698170731 0.8926098831300813 0.881693025914634 0.8846703506097561 0.9835175304878049 0.24871379573170727
