0 0.0010003810975610095 0.0653105945121951 0.0015958460365853994 0.20028264735772353 0.09460808733648961 0.9996744791666666 0.1343845274390244 0.9996744791666666 0.04804211128048784 0.05816501524390242
0 0.06054687500000003 0.14391196646341461 0.13855278201219512 0.9989996189024389 0.17547160823170732 0.9934419461382112 0.11175685975609757 0.14629382621951217
0 0.11473418445121954 0.13835429369918698 0.17666253810975613 0.9894721798780487 0.2082221798780488 0.9878842733739837 0.15582126524390244 0.1391482469512195
0 0.16356230945121952 0.2630049542682927 0.21060403963414637 0.9989996189024389 0.2606230945121952 0.9926479928861788 0.2320407774390244 0.257447281504065
0 0.2332317073170732 0.159791031504065 0.2689596036585366 0.9870903201219511 0.3064738948170732 0.9847084603658535 0.2856326219512195 0.1558212652439024
0 0.2886099466463415 0.2630049542682927 0.30706935975609756 0.9894721798780487 0.34517911585365857 0.985502413617886 0.33267435213414637 0.26141704776422764
0 0.3338652820121951 0.18202172256097557 0.34815644054878053 0.9831205538617885 0.394602705792683 0.9807386941056909 0.39638910060975613 0.18043381605691053
0 0.39996189024390244 0.14549987296747965 0.39996189024390244 0.9720052083333331 0.44223990091463417 0.9688293953252032 0.45117187500000006 0.14232405995934957
0 0.4559355945121952 0.2701505335365853 0.4434308307926829 0.9688293953252032 0.4803496570121952 0.9664475355691056 0.49821360518292684 0.2669747205284552
0 0.5 0.2725323932926829 0.4821360518292683 0.9688293953252032 0.5184594131097561 0.960889862804878 0.5387052210365854 0.2701505335365853
0 0.5452553353658536 0.1875793953252032 0.5178639481707317 0.9632717225609756 0.5476371951219512 0.9585080030487804 0.580983231707317 0.1875793953252032
0 0.5815786966463414 0.19154916158536583 0.5535918445121951 0.9696233485772358 0.6155201981707317 0.9680354420731706 0.6655392530487805 0.19472497459349591
0 0.6703029725609756 0.19631288109756095 0.6202839176829268 0.9640656758130081 0.678639481707317 0.965653582317073 0.7465224847560975 0.19869474085365849
0 0.7631955030487805 0.20187055386178857 0.6935261051829268 0.9640656758130081 0.7131764481707317 0.9640656758130081 0.7888004954268292 0.2026645071138211
0 0.7923732850609756 0.2034584603658536 0.716749237804878 0.9616838160569104 0.7387814405487805 0.9561261432926829 0.8191692073170731 0.20504636686991864
0 0.8281011814024389 0.1589970782520325 0.7465224847560975 0.9727991615853657 0.7971370045731707 0.9600959095528454 0.8888386051829268 0.1629668445121951
0 0.9019388338414633 0.1677305640243902 0.8054735137195121 0.9767689278455284 0.8441787347560975 0.9807386941056909 0.9531488185975608 0.16852451727642273
