0 0.06531059451219515 0.0033822408536585296 0.15196190515180946 0.9996744791666669 0.20524485518292684 0.9996744791666666 0.12206078392841957 -1.4802973661668753e-16
0 0.1713033536585366 0.07007431402439022 0.2284679878048781 0.9982056656504064 0.27193692835365857 0.9982056656504064 0.22370426829268297 0.07166222052845526
0 0.23561356707317077 0.15026359247967477 0.2772961128048781 0.9966177591463414 0.30826028963414637 0.9918540396341462 0.27789157774390244 0.15026359247967477
0 0.28444169207317077 0.14549987296747965 0.3094512195121951 0.9950298526422764 0.34101086128048785 0.9902661331300813 0.318383193597561 0.1431180132113821
0 0.32791063262195125 0.26618076727642276 0.34153040283735137 0.9996744791666666 0.39638910060975613 0.9934419461382112 0.39400724085365857 0.26618076727642276
0 0.39996189024390244 0.1677305640243902 0.3993664253048781 0.9918540396341462 0.4321169969512195 0.9894721798780487 0.44581269054878053 0.16455475101626013
0 0.44819455030487804 0.2709444867886179 0.43747618140243905 0.9942358993902438 0.47737233231707316 0.9862963668699186 0.4928544207317073 0.27173844004065034
0 0.49583174542682923 0.18678544207317072 0.4809451219512196 0.9839145071138211 0.5232231326219512 0.9799447408536585 0.5571646341463414 0.18599148882113817
0 0.5583555640243902 0.1510575457317073 0.5232231326219512 0.9712112550813007 0.5637147484756098 0.9696233485772358 0.605397294207317 0.15423335873983737
0 0.6036108993902438 0.27729611280487804 0.5666920731707317 0.9712112550813007 0.6036108993902438 0.9672414888211381 0.6464843749999999 0.2780900660569105
0 0.6494616996951219 0.2749142530487804 0.605397294207317 0.9648596290650405 0.6399342606707317 0.9593019563008128 0.6887623856707317 0.2749142530487804
0 0.692335175304878 0.20028264735772353 0.6387433307926829 0.9593019563008128 0.6732802972560975 0.9569200965447154 0.7292540015243901 0.19869474085365849
0 0.735208650914634 0.2034584603658536 0.6720893673780487 0.9672414888211381 0.7358041158536585 0.9616838160569104 0.8150009527439024 0.2058403201219512
0 0.8150009527439024 0.20504636686991864 0.7393769054878048 0.960889862804878 0.8001143292682926 0.9569200965447154 0.8924113948170731 0.2106040396341463
0 0.9078934832317073 0.20822217987804872 0.8108326981707317 0.9640656758130081 0.832864900914634 0.9600959095528454 0.9340939405487804 0.21457380589430888
0 0.936475800304878 0.21536775914634143 0.8316739710365852 0.9521563770325202 0.8543016387195121 0.9545382367886178 0.960889862804878 0.21457380589430888
0 0.9733946265243901 0.1669366107723577 0.863233612804878 0.9616838160569104 0.9114662728658536 0.9561261432926829 0.999755859375 0.35883820234490127 0.999755859375 0.17328823678861785
