0 0.002786775914634179 0.2503017022357723 0.0 0.3078950711382121 0.1421255716463415 0.960889862804878 0.1546303353658537 0.960889862804878 0.01588700457317077 0.24712588922764223
0 0.008145960365853688 0.18202172256097557 0.1552258003048781 0.9688293953252032 0.18499904725609756 0.9600959095528454 0.04625571646341467 0.17725800304878045
0 0.0504239710365854 0.2034584603658536 0.19393102134146345 0.9600959095528454 0.2284679878048781 0.9569200965447154 0.1046112804878049 0.19393102134146337
0 0.11652057926829272 0.2542714684959349 0.23620903201219517 0.9696233485772358 0.2701505335365854 0.9680354420731706 0.16832602896341464 0.2495077489837398
0 0.1713033536585366 0.25188960873983735 0.2761051829268293 0.9720052083333331 0.3094512195121951 0.9672414888211381 0.22191787347560976 0.24791984247967477
0 0.21834508384146345 0.1875793953252032 0.31123761432926833 0.9696233485772358 0.3380335365853659 0.9664475355691056 0.2570503048780488 0.18599148882113817
0 0.26002762957317077 0.20663427337398368 0.3380335365853659 0.9727991615853657 0.39341177591463417 0.9672414888211381 0.3386290015243903 0.20107660060975607
0 0.34458365091463417 0.21219194613821135 0.3981754954268293 0.9600959095528454 0.4237804878048781 0.9569200965447154 0.38745712652439024 0.2106040396341463
0 0.391625381097561 0.20663427337398368 0.42616234756097565 0.9315135924796748 0.4606993140243903 0.9283377794715446 0.44283536585365857 0.20504636686991864
0 0.44283536585365857 0.23918635670731703 0.4642721036585366 0.9640656758130081 0.5059546493902438 0.9545382367886178 0.5 0.24077426321138207
0 0.5011909298780487 0.23998030995934957 0.5053591844512194 0.9346894054878048 0.5339415015243902 0.9283377794715446 0.5416825457317073 0.23839240345528454
0 0.5512099847560975 0.25268356199186986 0.5357278963414633 0.9569200965447154 0.5690739329268292 0.9553321900406503 0.5958698551829268 0.25188960873983735
0 0.59765625 0.19948869410569103 0.5708603277439024 0.9362773119918698 0.6119474085365854 0.9315135924796748 0.6482707698170731 0.19710683434959345
0 0.6476753048780487 0.24077426321138207 0.6137338033536585 0.9267498729674796 0.6464843749999999 0.927543826219512 0.6988852896341463 0.24395007621951215
0 0.7054354039634145 0.2137798526422764 0.6524390243902438 0.9537442835365852 0.700076219512195 0.94580475101626 0.7786775914634145 0.21298589939024384
0 0.7804639862804877 0.20504636686991864 0.7006716844512194 0.9537442835365852 0.7268721417682926 0.9497745172764227 0.8233374618902438 0.2034584603658536
0 0.857278963414634 0.11929941565040648 0.735208650914634 0.9751810213414633 0.7852277057926829 0.9727991615853657 0.9174209222560975 0.120093368902439
0 0.9209937118902438 0.11929941565040648 0.7846322408536585 0.9783568343495933 0.8197646722560975 0.9807386941056909 0.9775628810975608 0.12168127540650404
0 0.9805402057926828 0.11929941565040648 0.8215510670731707 0.9815326473577235 0.8578744283536585 0.9807386941056909 0.999755859375 0.3205877481087443 0.999755859375 0.11771150914634144
