0 0.004307338169642903 0.13727678571428578 0.11417061941964289 0.8557477678571428 0.15166364397321433 0.8476097470238094 0.06185477120535718 0.13843936011904767
0 0.06185477120535718 0.1047247023809524 0.15515136718750003 0.8487723214285713 0.2065952845982143 0.8394717261904762 0.13945661272321433 0.11053757440476193
0 0.14556012834821433 0.09193638392857147 0.21705845424107145 0.840634300595238 0.2711181640625 0.8313337053571428 0.22839355468750003 0.09077380952380958
0 0.23275320870535718 0.1012369791666667 0.2728620256696429 0.816220238095238 0.33389718191964285 0.8138950892857143 0.3225620814732143 0.10704985119047623
0 0.3225620814732143 0.1047247023809524 0.33389718191964285 0.804594494047619 0.36092703683035715 0.8022693452380952 0.3687744140625 0.11170014880952384
0 0.3722621372767857 0.10356212797619051 0.36615862165178575 0.8011067708333334 0.40016392299107145 0.7987816220238094 0.4167306082589286 0.10356212797619051
0 0.4237060546875 0.1489025297619048 0.40103585379464285 0.791806175595238 0.4324253627232143 0.7894810267857143 0.46555873325892855 0.14657738095238101
0 0.46431790865384615 0.22664596688034186 0.43489583333333326 0.7917167467948717 0.46682191506410253 0.7892127403846153 0.5093900240384616 0.22247262286324784
0 0.5250400641025641 0.13065905448717943 0.4680739182692307 0.7925514155982905 0.48685396634615385 0.7933860844017092 0.5507061298076923 0.13483239850427345
0 0.5569661458333333 0.11396567841880338 0.4931139823717948 0.7967247596153846 0.5287960737179487 0.7892127403846153 0.6064202724358974 0.11396567841880338
0 0.6126802884615384 0.11563501602564098 0.5319260817307692 0.7850393963675213 0.5588441506410257 0.7842047275641025 0.6508663862179487 0.11563501602564098
0 0.6502403846153846 0.11229634081196577 0.561348157051282 0.7842047275641025 0.5801282051282051 0.7791967147435898 0.6790364583333333 0.11646968482905978
0 0.6821664663461539 0.1173043536324786 0.5820062099358974 0.7833700587606837 0.6057942708333333 0.7817007211538461 0.7153445512820512 0.12147769764957261
0 0.7109625400641025 0.15736845619658116 0.6082982772435898 0.7875434027777777 0.633964342948718 0.7850393963675213 0.7497746394230769 0.16070713141025636
0 0.7616686698717948 0.12147769764957261 0.6377203525641025 0.7917167467948717 0.6702724358974359 0.7875434027777777 0.8004807692307692 0.12815504807692304
0 0.8192608173076923 0.047192174145299116 0.6702724358974359 0.7875434027777777 0.6965645032051282 0.7817007211538461 0.854316907051282 0.05136551816239313
0 0.8511868990384615 0.08308293269230765 0.6996945112179487 0.7683460202991452 0.732246594551282 0.7683460202991452 0.8993890224358974 0.08892561431623928
0 0.8899989983974359 0.12398170405982901 0.7360026041666666 0.7675113514957265 0.7554086538461539 0.7708500267094016 0.9144130608974359 0.12732037927350423
