0 0.04685118140243906 0.06769245426829266 0.09806116615853662 0.9053131351626016 0.16892149390243905 0.902931275406504 0.13617092225609756 0.07086826727642274
0 0.14153010670731708 0.0732501270325203 0.16951695884146345 0.899755462398374 0.21060403963414637 0.9021373221544714 0.18797637195121952 0.07563198678861786
0 0.18916730182926833 0.07404408028455282 0.20941310975609762 0.8981675558943089 0.24692740091463417 0.8949917428861788 0.2290634527439025 0.07166222052845526
0 0.2439500762195122 0.11453569613821137 0.25050019054878053 0.8949917428861788 0.2886099466463415 0.8934038363821136 0.28384622713414637 0.11691755589430892
0 0.28682355182926833 0.1955189278455284 0.2892054115853659 0.8941977896341462 0.3302924923780488 0.8918159298780487 0.3338652820121951 0.19710683434959345
0 0.3386290015243903 0.09309895833333333 0.33267435213414637 0.8973736026422764 0.35649294969512196 0.8973736026422764 0.36899771341463417 0.09389291158536585
0 0.3731659679878049 0.0772198932926829 0.3582793445121951 0.8981675558943089 0.4041301448170732 0.8957856961382112 0.4285442073170732 0.08198361280487802
0 0.4321169969512195 0.07563198678861786 0.4082983993902439 0.8941977896341462 0.4440262957317073 0.8941977896341462 0.47439500762195125 0.07880779979674794
0 0.47618140243902435 0.07483803353658534 0.44521722560975613 0.8846703506097561 0.4678448932926829 0.8854643038617885 0.5041682545731707 0.07563198678861786
0 0.5053591844512194 0.08039570630081298 0.4672494283536585 0.8838763973577235 0.49940453506097565 0.8894340701219511 0.5428734756097561 0.07960175304878046
0 0.5422780106707317 0.11691755589430892 0.49940453506097565 0.8918159298780487 0.5357278963414633 0.8934038363821136 0.5815786966463414 0.11850546239837396
0 0.588724275914634 0.0772198932926829 0.538109756097561 0.8957856961382112 0.5714557926829268 0.9005494156504064 0.6256431021341463 0.0811896595528455
0 0.6405297256097561 0.0033822408536585296 0.5726467225609756 0.9037252286585366 0.6042063643292682 0.9013433689024389 0.6762576219512194 0.0017943343495934888
0 0.6738757621951219 0.039904090447154456 0.6059927591463414 0.8941977896341462 0.6583936737804877 0.8894340701219511 0.7363995807926829 0.039110137195121936
0 0.7358041158536585 0.08754128556910568 0.660180068597561 0.8886401168699186 0.6834032012195121 0.887846163617886 0.7620045731707317 0.08595337906504064
