0 0.03931725543478262 0.21623075181159424 4.2459239130460125e-05 0.21623075181159424 4.2459239130460125e-05 0.43701879528985504 0.0966372282608696 0.8800101902173912 0.15077275815217392 0.8715183423913043
0 0.03931725543478262 0.1992470561594203 0.15501868206521743 0.8729336503623188 0.191109035326087 0.8715183423913043 0.09769870923913046 0.20349298007246377
0 0.10194463315217392 0.2148154438405797 0.1942934782608696 0.8715183423913043 0.22613790760869565 0.8715183423913043 0.14652683423913046 0.21340013586956522
0 0.15077275815217392 0.2501981431159421 0.22826086956521743 0.8757642663043478 0.25692085597826086 0.8743489583333334 0.191109035326087 0.253028759057971
0 0.19004755434782608 0.21340013586956522 0.26010529891304346 0.8771795742753623 0.3046875 0.8757642663043478 0.25479789402173914 0.21340013586956522
0 0.255859375 0.21623075181159424 0.3078719429347826 0.8729336503623188 0.33122452445652173 0.8729336503623188 0.2951341711956521 0.21623075181159424
0 0.2983186141304348 0.2190613677536232 0.33016304347826086 0.8785948822463768 0.3630689538043478 0.8800101902173912 0.33653192934782605 0.21623075181159424
0 0.33653192934782605 0.21764605978260873 0.3620074728260869 0.8715183423913043 0.39809782608695654 0.8686877264492754 0.37899116847826086 0.2218919836956522
0 0.3864215353260869 0.3308706974637681 0.40446671195652173 0.8743489583333334 0.4394955842391304 0.8686877264492754 0.44374150815217395 0.3266247735507246
0 0.45329483695652173 0.23462975543478262 0.44692595108695654 0.8870867300724637 0.48938519021739124 0.8870867300724637 0.5063688858695652 0.23321444746376815
0 0.5116762907608695 0.22330729166666666 0.49150815217391297 0.8701030344202899 0.5254755434782609 0.8686877264492754 0.5573199728260869 0.23038383152173914
0 0.5615658967391304 0.23321444746376815 0.5275985054347826 0.8630264945652174 0.5679347826086957 0.8644418025362319 0.6199473505434783 0.22755321557971017
0 0.6252547554347826 0.23462975543478262 0.5721807065217391 0.8672724184782609 0.5923488451086957 0.8672724184782609 0.6528532608695652 0.23604506340579712
0 0.6581606657608695 0.2374603713768116 0.5997792119565217 0.8856714221014492 0.6273777173913043 0.8842561141304347 0.6995584239130435 0.23462975543478262
0 0.7059273097826086 0.2374603713768116 0.6337466032608695 0.8828408061594203 0.6825747282608695 0.8856714221014492 0.7738620923913043 0.2431216032608696
0 0.7749235733695652 0.2374603713768116 0.6825747282608695 0.8800101902173912 0.7080502717391304 0.8771795742753623 0.8131368885869565 0.23462975543478262
0 0.8152598505434783 0.24029098731884058 0.7091117527173912 0.8771795742753623 0.7367102581521738 0.8828408061594203 0.8492272418478259 0.24453691123188406
0 0.8481657608695652 0.264351222826087 0.7398947010869565 0.8800101902173912 0.7632472826086956 0.8856714221014492 0.8863790760869565 0.2657665307971015
0 0.8863790760869565 0.28133491847826086 0.7674932065217391 0.8842561141304347 0.7993376358695652 0.8870867300724637 0.9288383152173914 0.2827502264492754
0 0.9436990489130435 0.24878283514492758 0.8035835597826086 0.8913326539855072 0.8364894701086956 0.8899173460144927 0.9925271739130435 0.253028759057971
0 0.9967730978260869 0.2714277626811594 0.8439198369565217 0.8842561141304347 0.8725798233695652 0.8856714221014492 0.999755859375 0.3839742222122408
0 0.9065472146739131 0.8800101902173912 0.8725798233695652 0.8800101902173912 0.9988960597826086 0.3988054800724638 0.9988960597826086 0.5474128170289855
0 0.9044242527173914 0.8800101902173912 0.9458220108695652 0.8785948822463768 0.9978345788043479 0.6988507699275363 0.9967730978260869 0.5530740489130435
