0 0.02303258384146345 0.1351784806910569 0.09389291158536588 0.899755462398374 0.11830697408536588 0.8989615091463414 0.05756955030487808 0.13756034044715446
0 0.0623332698170732 0.1391482469512195 0.1177115091463415 0.899755462398374 0.15165301067073172 0.9013433689024389 0.10222942073170734 0.14470591971544713
0 0.10639767530487808 0.14470591971544713 0.15760766006097565 0.8902280233739837 0.19393102134146345 0.8910219766260162 0.1468892911585366 0.14549987296747965
0 0.1599895198170732 0.2653868140243902 0.19809927591463417 0.8957856961382112 0.245141006097561 0.8918159298780487 0.2159632240853659 0.26062309451219506
0 0.21358136432926833 0.15343940548780485 0.24811833079268297 0.9021373221544714 0.2933736661585366 0.9005494156504064 0.2778915777439025 0.1589970782520325
0 0.2820598323170732 0.15740917174796745 0.29932831554878053 0.8989615091463414 0.33565167682926833 0.8910219766260162 0.32910156250000006 0.15661521849593493
0 0.33267435213414637 0.16137893800813005 0.33922446646341464 0.8902280233739837 0.38447980182926833 0.8902280233739837 0.3910299161585366 0.16058498475609753
0 0.39638910060975613 0.1629668445121951 0.3868616615853659 0.9005494156504064 0.41187118902439024 0.8981675558943089 0.4231850228658537 0.16376079776422764
0 0.42913967225609756 0.1669366107723577 0.41425304878048785 0.9061070884146342 0.4440262957317073 0.9069010416666665 0.4660584984756098 0.16534870426829268
0 0.47201314786585363 0.1629668445121951 0.44700362042682934 0.8973736026422764 0.5089319740853658 0.902931275406504 0.5464462652439024 0.16852451727642273
0 0.548828125 0.1669366107723577 0.5089319740853658 0.9021373221544714 0.5363233612804877 0.9005494156504064 0.5815786966463414 0.16534870426829268
0 0.5851514862804877 0.1669366107723577 0.5375142911585366 0.9061070884146342 0.5666920731707317 0.9037252286585366 0.6179020579268292 0.17011242378048777
0 0.6196884527439024 0.19631288109756095 0.5678830030487805 0.902931275406504 0.5958698551829268 0.9076949949186991 0.6572027439024389 0.19948869410569103
0 0.660180068597561 0.2113979928861788 0.6012290396341463 0.9132526676829267 0.6369569359756097 0.9108708079268292 0.7018626143292682 0.21298589939024384
0 0.7131764481707317 0.17646404979674793 0.6411251905487805 0.9148405741869917 0.6822122713414633 0.9116647611788617 0.7614091082317073 0.18043381605691053
0 0.7703410823170731 0.18122776930894305 0.6822122713414633 0.9116647611788617 0.7072217987804877 0.9116647611788617 0.7983279344512194 0.18202172256097557
0 0.797732469512195 0.2185435721544715 0.7149628429878048 0.9132526676829267 0.7500952743902438 0.9076949949186991 0.8412014100609756 0.2217193851626016
0 0.8543016387195121 0.1899612550813008 0.7494998094512194 0.9084889481707316 0.7947551448170731 0.9084889481707316 0.9078934832317073 0.19631288109756095
0 0.9221846417682926 0.18440358231707313 0.8096417682926829 0.9116647611788617 0.8566834984756097 0.9061070884146342 0.9805402057926828 0.18837334857723576
