0 0.03434641768292687 0.09945058434959349 0.10818407012195126 0.8862582571138211 0.17547160823170732 0.8846703506097561 0.11830697408536588 0.10500825711382113
0 0.12128429878048784 0.10262639735772357 0.17785346798780488 0.8846703506097561 0.20524485518292684 0.8830824441056909 0.16058498475609762 0.10421430386178861
0 0.16534870426829273 0.10659616361788617 0.20643578506097565 0.8814945376016259 0.23680449695121952 0.8807005843495933 0.2034584603658537 0.10739011686991869
0 0.20584032012195125 0.13359057418699186 0.23680449695121952 0.8846703506097561 0.272532393292683 0.8783187245934959 0.24633193597560982 0.13676638719512194
0 0.24930926067073172 0.15264545223577233 0.27431878810975613 0.8854643038617885 0.30766482469512196 0.887846163617886 0.2975419207317073 0.1510575457317073
0 0.3011147103658537 0.11453569613821137 0.31123761432926833 0.8886401168699186 0.3553020198170732 0.887846163617886 0.3547065548780488 0.11532964939024389
0 0.3612566692073171 0.11453569613821137 0.35708841463414637 0.8894340701219511 0.38507526676829273 0.8902280233739837 0.3957936356707317 0.11691755589430892
0 0.3993664253048781 0.159791031504065 0.3910299161585366 0.8838763973577235 0.4285442073170732 0.8830824441056909 0.44640815548780494 0.15820312499999997
0 0.45474466463414637 0.1240631351626016 0.4315215320121951 0.8830824441056909 0.47796779725609756 0.8838763973577235 0.5131002286585366 0.1312087144308943
0 0.5262004573170731 0.11056592987804877 0.4904725609756098 0.8846703506097561 0.5452553353658536 0.8807005843495933 0.5911061356707317 0.12247522865853656
0 0.5940834603658536 0.12326918191056908 0.5506145198170731 0.8743489583333331 0.605397294207317 0.8687912855691056 0.6697075076219512 0.13200266768292682
0 0.6732802972560975 0.1312087144308943 0.6071836890243902 0.8656154725609756 0.6369569359756097 0.863233612804878 0.7096036585365854 0.13359057418699186
0 0.7119855182926829 0.13200266768292682 0.6411251905487805 0.8656154725609756 0.6714939024390243 0.8592638465447154 0.7512862042682926 0.1391482469512195
0 0.7548589939024389 0.17011242378048777 0.6750666920731707 0.8560880335365852 0.7000762195121951 0.8560880335365852 0.7929687499999999 0.1756700965447154
0 0.7864186356707317 0.24395007621951215 0.7060308689024389 0.8584698932926829 0.7399723704268292 0.8584698932926829 0.8257193216463414 0.24791984247967477
0 0.8489424542682926 0.15740917174796745 0.741163300304878 0.8640275660569104 0.7620045731707317 0.8656154725609756 0.8751429115853658 0.1629668445121951
0 0.8840748856707317 0.1431180132113821 0.7691501524390243 0.8664094258130081 0.8030916539634145 0.863233612804878 0.9281392911585366 0.14549987296747965
0 0.9329030106707317 0.1391482469512195 0.808450838414634 0.8584698932926829 0.8358422256097561 0.8592638465447154 0.9686309070121951 0.14391196646341461
0 0.9686309070121951 0.13835429369918698 0.838819550304878 0.8584698932926829 0.8602562881097561 0.8560880335365852 0.9972132240853658 0.13756034044715446
