0 0.00040491615853661955 0.26379890752032514 0.00040491615853661955 0.4011528201219512 0.1326410422816921 0.9996744791666666 0.17547160823170732 0.9996744791666666 0.03077362804878052 0.24633193597560973
0 0.04268292682926833 0.3042905233739837 0.17943124730722784 0.9996744791666669 0.2165586890243903 0.9996744791666666 0.08555640243902442 0.2987328506097561
0 0.08377000762195123 0.2709444867886179 0.21892491944043968 0.9996744791666666 0.27193692835365857 0.9996744791666666 0.15760766006097565 0.26141704776422764
0 0.1593940548780488 0.25824123475609756 0.27134146341463417 0.9982056656504064 0.2999237804878049 0.9989996189024389 0.19393102134146345 0.2534775152439024
0 0.18499904725609756 0.16376079776422764 0.3015828339412575 0.9996744791666666 0.34398818597560976 0.9989996189024389 0.24811833079268297 0.16376079776422764
0 0.25050019054878053 0.16455475101626013 0.34489642522360137 0.9996744791666665 0.38150247713414637 0.9974117123983738 0.30230564024390244 0.16058498475609753
0 0.30409203506097565 0.15740917174796745 0.38357340914133176 0.9996744791666665 0.4213986280487805 0.9958238058943089 0.3606612042682927 0.15343940548780485
0 0.367211318597561 0.219337525406504 0.4213986280487805 0.9958238058943089 0.4690358231707317 0.9815326473577235 0.4392625762195122 0.21298589939024384
0 0.440453506097561 0.23045287093495934 0.47260861280487804 0.9799447408536585 0.5035727896341463 0.9743870680894308 0.4827315167682927 0.2288649644308943
0 0.4845179115853659 0.23124682418699183 0.5053591844512194 0.9791507876016259 0.5297732469512194 0.9712112550813007 0.5232231326219512 0.22727705792682926
0 0.5262004573170731 0.23124682418699183 0.5345369664634145 0.9720052083333331 0.5631192835365854 0.9640656758130081 0.562523818597561 0.23045287093495934
0 0.5637147484756098 0.2209254319105691 0.570264862804878 0.9680354420731706 0.5934879954268292 0.9632717225609756 0.5940834603658536 0.21695566565040647
0 0.6000381097560975 0.26856262703252026 0.5940834603658536 0.9688293953252032 0.6280249618902438 0.9585080030487804 0.6399342606707317 0.25665332825203246
0 0.654225419207317 0.22410124491869918 0.637552400914634 0.9704173018292682 0.675662157012195 0.9569200965447154 0.7078172637195121 0.2185435721544715
0 0.7084127286585366 0.2264831046747967 0.6780440167682926 0.9585080030487804 0.7113900533536585 0.9569200965447154 0.7536680640243901 0.2264831046747967
0 0.7661728277439024 0.2106040396341463 0.7161537728658536 0.9529503302845527 0.7584317835365852 0.9481866107723577 0.8155964176829268 0.20822217987804872
0 0.8161918826219512 0.2534775152439024 0.7554544588414633 0.9497745172764227 0.7971370045731707 0.9481866107723577 0.8644245426829268 0.24791984247967477
0 0.8733565167682926 0.20663427337398368 0.7995188643292682 0.9434228912601625 0.846560594512195 0.9267498729674796 0.9329030106707317 0.2034584603658536
