0 0.00040491615853661955 0.18599148882113817 0.004573170731707349 0.94262893800813 0.05459222560975613 0.9394531249999999 0.03732374237804881 0.18599148882113817
0 0.04268292682926833 0.18837334857723576 0.05876048018292686 0.9489805640243901 0.12068883384146344 0.9394531249999999 0.09627477134146344 0.1899612550813008
0 0.1046112804878049 0.21616171239837392 0.12247522865853662 0.9410410315040649 0.15343940548780488 0.9370712652439024 0.1355754573170732 0.21774961890243896
0 0.1337890625 0.17408219004065037 0.1552258003048781 0.9537442835365852 0.18797637195121952 0.9513624237804877 0.16892149390243905 0.17249428353658533
0 0.171898818597561 0.18837334857723576 0.18618997713414637 0.9529503302845527 0.23501810213414637 0.9497745172764227 0.2213224085365854 0.18916730182926825
0 0.2284679878048781 0.16376079776422764 0.24216368140243905 0.9585080030487804 0.26776867378048785 0.9569200965447154 0.2570503048780488 0.16852451727642273
0 0.2582412347560976 0.18360962906504064 0.27193692835365857 0.9593019563008128 0.3094512195121951 0.9561261432926829 0.296946455792683 0.18837334857723576
0 0.3011147103658537 0.1875793953252032 0.3124285442073171 0.9593019563008128 0.3624475990853659 0.9521563770325202 0.3505383003048781 0.18916730182926825
0 0.35649294969512196 0.1748761432926829 0.3678067835365854 0.965653582317073 0.39996189024390244 0.962477769308943 0.3904344512195122 0.17011242378048777
0 0.39341177591463417 0.08515942581300812 0.40532107469512196 0.9672414888211381 0.4577219893292683 0.9648596290650405 0.45176733993902446 0.07960175304878046
0 0.4559355945121952 0.24791984247967477 0.4630811737804878 0.9585080030487804 0.5095274390243902 0.9489805640243901 0.49821360518292684 0.2542714684959349
0 0.5005954649390243 0.18360962906504064 0.5160775533536585 0.9489805640243901 0.5500190548780487 0.9489805640243901 0.5351324314024389 0.18122776930894305
0 0.5363233612804877 0.18440358231707313 0.5660966082317073 0.9442168445121951 0.6018245045731707 0.9410410315040649 0.5690739329268292 0.18043381605691053
0 0.5732421875 0.21616171239837392 0.6149247332317073 0.9410410315040649 0.6548208841463414 0.9338954522357722 0.6173065929878048 0.21616171239837392
0 0.6226657774390243 0.2709444867886179 0.6613709984756097 0.9386591717479674 0.692335175304878 0.9323075457317072 0.6512480945121951 0.2630049542682927
0 0.6560118140243902 0.12565104166666666 0.6959079649390243 0.9442168445121951 0.7286585365853658 0.937865218495935 0.6839986661585366 0.12962080792682926
0 0.692335175304878 0.22330729166666663 0.7262766768292682 0.9410410315040649 0.7524771341463414 0.9394531249999999 0.7191310975609756 0.2185435721544715
0 0.7363995807926829 0.18916730182926825 0.7637909679878048 0.9465987042682925 0.825123856707317 0.9354833587398373 0.7911823551829268 0.1875793953252032
0 0.8024961890243901 0.19154916158536583 0.8298875762195121 0.94262893800813 0.8721655868902438 0.9386591717479674 0.8394150152439024 0.1899612550813008
0 0.8525152439024389 0.19393102134146337 0.873951981707317 0.937865218495935 0.9096798780487804 0.9346894054878048 0.8888386051829268 0.19313706808943087
