0 0.1046112804878049 0.0454617632113821 0.21041476684995647 0.9996744791666666 0.2856326219512195 0.9996744791666666 0.19809927591463417 0.037522230691056896
0 0.2076267149390244 0.04625571646341462 0.28800444160322447 0.9996744791666665 0.3374380716463415 0.9966177591463414 0.27134146341463417 0.0454617632113821
0 0.2808689024390244 0.05101943597560974 0.3427894826640474 0.9996744791666669 0.39996189024390244 0.9996744791666666 0.3547065548780488 0.0494315294715447
0 0.3618521341463415 0.11294778963414633 0.4034545927705214 0.9996744791666666 0.46963128810975613 0.9996744791666666 0.4356897865853659 0.10659616361788617
0 0.4392625762195122 0.07960175304878046 0.4690358231707317 0.9926479928861788 0.5220322027439024 0.9894721798780487 0.49761814024390244 0.07404408028455282
0 0.5035727896341463 0.2288649644308943 0.5244140625 0.9767689278455284 0.5470417301829268 0.977562881097561 0.5297732469512194 0.22489519817073167
0 0.5297732469512194 0.23204077743902438 0.5500190548780487 0.985502413617886 0.5732421875 0.9886782266260162 0.5601419588414633 0.22568915142276422
0 0.5589510289634145 0.06848640752032518 0.5768149771341463 0.9942358993902438 0.6152735055531366 0.9996744791666666 0.6012290396341463 0.05260734247967478
0 0.605397294207317 0.05975292174796746 0.6143130762654624 0.9996744791666666 0.6476753048780487 0.9996744791666666 0.6476753048780487 0.05498920223577234
0 0.6560118140243902 0.16852451727642273 0.6554163490853658 0.9918540396341462 0.7006716844512194 0.9989996189024389 0.7084127286585366 0.1717003302845528
0 0.7185356326219512 0.17011242378048777 0.7048549964313091 0.9996744791666666 0.7494998094512194 0.9958238058943089 0.7703410823170731 0.17011242378048777
0 0.7798685213414633 0.2058403201219512 0.7554544588414633 0.9950298526422764 0.7891280011432934 0.9996744791666666 0.8292921112804877 0.20504636686991864
