0 0.10342035060975611 0.14391196646341461 0.07721989329268296 0.9974117123983738 0.10720155297256248 0.9996744791666666 0.1427210365853659 0.14232405995934957
0 0.1462938262195122 0.1391482469512195 0.10714304635309252 0.9996744791666665 0.10714304635313748 0.9996744791666666 0.14450743140243905 0.9974117123983738 0.1826171875 0.1351784806910569
0 0.1969083460365854 0.13279662093495934 0.14817618124568047 0.9996744791666666 0.17844893292682928 0.9996744791666666 0.22965891768292684 0.13279662093495934
0 0.24156821646341464 0.1510575457317073 0.17857564297314454 0.9996744791666666 0.21060403963414637 0.9996744791666666 0.2808689024390244 0.13994220020325202
0 0.28384622713414637 0.13359057418699186 0.2130605233617691 0.9996744791666666 0.2689596036585366 0.9996744791666666 0.3362471417682927 0.13438452743902438
0 0.34398818597560976 0.13438452743902438 0.2683745456984924 0.9996744791666669 0.30885575457317077 0.9996744791666666 0.38209794207317077 0.13359057418699186
0 0.38745712652439024 0.12485708841463412 0.3121168403859354 0.9996744791666666 0.35172923018292684 0.9996744791666666 0.42497141768292684 0.12485708841463412
0 0.4350943216463415 0.04466780995934958 0.35894761048030954 0.9996744791666666 0.41306211890243905 0.9996744791666666 0.4833269817073171 0.04228595020325202
0 0.5011909298780487 0.11850546239837396 0.4269017254517651 0.9996744791666666 0.4857088414634147 0.9966177591463414 0.5529963795731707 0.11453569613821137
0 0.5524009146341463 0.23362868394308942 0.49464081554878053 0.9989996189024389 0.5369188262195121 0.9989996189024389 0.5934879954268292 0.2296589176829268
0 0.6059927591463414 0.05260734247967478 0.5351324314024389 0.9989996189024389 0.5538598037347592 0.9996744791666666 0.619092987804878 0.05260734247967478
0 0.619092987804878 0.11850546239837396 0.5531241742743381 0.9996744791666666 0.5964653201219512 0.9996744791666666 0.6536299542682926 0.11850546239837396
0 0.6637528582317073 0.09706872459349593 0.5958698551829268 0.9966177591463414 0.661966463414634 0.9974117123983738 0.7256812118902438 0.09945058434959349
0 0.735208650914634 0.120093368902439 0.6792349466463414 0.9982056656504064 0.7358041158536585 0.9989996189024389 0.7780821265243901 0.11850546239837396
