0 0.005168635670731753 0.08992314532520325 0.0010003810975610095 0.7758987550813008 0.03613281250000004 0.7727229420731706 0.06173780487804882 0.09389291158536585
0 0.06650152439024394 0.08912919207317073 0.03970560213414638 0.7798685213414633 0.07841082317073174 0.7751048018292682 0.10639767530487808 0.09230500508130081
0 0.11056592987804882 0.08992314532520325 0.07900628810975614 0.7727229420731706 0.11354325457317076 0.770341082317073 0.1421255716463415 0.09309895833333333
0 0.14391196646341464 0.12088732215447152 0.11652057926829272 0.7735168953252032 0.1433165015243903 0.7727229420731706 0.17308974847560976 0.12326918191056908
0 0.17547160823170732 0.08754128556910568 0.1433165015243903 0.7743108485772358 0.19750381097560982 0.7774866615853657 0.22727705792682928 0.09786267784552845
0 0.22965891768292684 0.08912919207317073 0.19988567073170738 0.7782806148373983 0.22549066310975613 0.7774866615853657 0.2534775152439025 0.09071709857723577
0 0.2570503048780488 0.08992314532520325 0.22489519817073172 0.7743108485772358 0.25883669969512196 0.7743108485772358 0.28682355182926833 0.09627477134146341
0 0.2886099466463415 0.09786267784552845 0.25883669969512196 0.7711350355691056 0.2981373856707317 0.7782806148373983 0.32076505335365857 0.09548081808943089
0 0.3225514481707317 0.18360962906504064 0.3017101753048781 0.7743108485772358 0.35172923018292684 0.7806624745934959 0.36542492378048785 0.18440358231707313
0 0.3713795731707317 0.10024453760162601 0.35292016006097565 0.7854261941056909 0.3993664253048781 0.7830443343495933 0.416039443597561 0.10262639735772357
0 0.42080316310975613 0.10580221036585365 0.4035346798780488 0.7830443343495933 0.4386671112804878 0.7798685213414633 0.45355373475609756 0.11056592987804877
0 0.4565310594512196 0.11294778963414633 0.4416444359756098 0.7774866615853657 0.4833269817073171 0.7774866615853657 0.5035727896341463 0.11374174288617885
0 0.5059546493902438 0.1161236026422764 0.4845179115853659 0.7774866615853657 0.515482088414634 0.7814564278455284 0.5262004573170731 0.11453569613821137
0 0.5345369664634146 0.10897802337398373 0.5166730182926829 0.782250381097561 0.5482326600609756 0.7846322408536585 0.5601419588414633 0.10977197662601625
0 0.5649056783536585 0.10421430386178861 0.5494235899390243 0.7830443343495933 0.6077791539634145 0.7854261941056909 0.6208793826219512 0.10739011686991869
0 0.6232612423780487 0.10897802337398373 0.605397294207317 0.7854261941056909 0.6333841463414633 0.7830443343495933 0.6494616996951219 0.11135988313008129
0 0.6524390243902438 0.1161236026422764 0.6417206554878049 0.7854261941056909 0.6661347179878048 0.7854261941056909 0.678639481707317 0.12088732215447152
0 0.6738757621951219 0.12882685467479674 0.6691120426829268 0.7862201473577235 0.6970988948170731 0.7854261941056909 0.7137719131097561 0.12962080792682926
0 0.7137719131097561 0.1431180132113821 0.7036490091463414 0.7862201473577235 0.7346131859756097 0.7854261941056909 0.7447360899390243 0.1431180132113821
0 0.751881669207317 0.11056592987804877 0.7399723704268292 0.7862201473577235 0.7792730564024389 0.7870141006097561 0.7876095655487805 0.12088732215447152
0 0.7923732850609756 0.11294778963414633 0.7834413109756097 0.7862201473577235 0.8090463033536585 0.7870141006097561 0.8185737423780487 0.120093368902439
0 0.822146532012195 0.1431180132113821 0.8114281631097561 0.7846322408536585 0.8441787347560975 0.7870141006097561 0.8513243140243901 0.14232405995934957
0 0.8584698932926829 0.12326918191056908 0.8447741996951219 0.7846322408536585 0.895388719512195 0.790189913617886 0.904320693597561 0.12962080792682926
0 0.912061737804878 0.11691755589430892 0.9031297637195121 0.7917778201219511 0.9549352134146342 0.7878080538617885 0.9585080030487804 0.1240631351626016
0 0.9602943978658537 0.1272389481707317 0.9573170731707316 0.7870141006097561 0.9978086890243901 0.7870141006097561 0.996022294207317 0.13200266768292682
