0 0.04506478658536589 0.06610454776422763 0.00040491615853661955 0.9346894054878048 0.002066466337825702 0.9996744791666666 0.014696074695121991 0.9996744791666666 0.06114233993902442 0.06451664126016259
0 0.07186070884146344 0.06451664126016259 0.014696074695121991 0.9974117123983738 0.03672827743902442 0.9989996189024389 0.09032012195121954 0.06372268800813007
0 0.08198361280487808 0.23362868394308942 0.03613281250000003 0.9974117123983738 0.09984756097560978 0.9966177591463414 0.14093464176829273 0.24156821646341461
0 0.14867568597560976 0.17011242378048777 0.10402222605649727 0.9996744791666669 0.14093464176829273 0.9996744791666666 0.1832126524390244 0.17011242378048777
0 0.1838081173780488 0.1669366107723577 0.14355254269737608 0.9996744791666666 0.1832126524390244 0.9989996189024389 0.21417682926829273 0.16455475101626013
0 0.21477229420731708 0.23204077743902438 0.18328267641198812 0.9996744791666666 0.22191787347560976 0.9996744791666666 0.25466844512195125 0.2344226371951219
0 0.2582412347560976 0.23283473069105687 0.22678418625051922 0.9996744791666665 0.27789157774390244 0.9974117123983738 0.3052829649390244 0.2344226371951219
0 0.31183307926829273 0.16931847052845525 0.2798050617922474 0.9996744791666669 0.32850609756097565 0.9996744791666666 0.353515625 0.17011242378048777
0 0.3553020198170732 0.13994220020325202 0.3296970274390244 0.9989996189024389 0.36006573932927327 0.9996744791666666 0.39222084603658536 0.14073615345528454
0 0.4035346798780488 0.1351784806910569 0.3666158536585366 0.9966177591463414 0.4112757240853659 0.9934419461382112 0.4398580411585366 0.13359057418699186
0 0.44700362042682923 0.13597243394308942 0.41966626211470687 0.9996744791666666 0.4654630335365854 0.9996744791666666 0.4845179115853659 0.1391482469512195
0 0.4904725609756098 0.14629382621951217 0.4654630335365854 0.9982056656504064 0.49761814024390244 0.9982056656504064 0.5190548780487805 0.14549987296747965
0 0.5232231326219512 0.10421430386178861 0.49761814024390244 0.9982056656504064 0.5708603277439024 0.9974117123983738 0.580983231707317 0.1081840701219512
0 0.586937881097561 0.1240631351626016 0.5774104420731707 0.9934419461382112 0.5997436854251358 0.9996744791666666 0.6143292682926829 0.1272389481707317
0 0.6268340320121951 0.12485708841463412 0.6155217381662637 0.9996744791666666 0.6732802972560975 0.9996744791666666 0.6792349466463414 0.12247522865853656
0 0.6953124999999999 0.1756700965447154 0.6905487804878048 0.9966177591463414 0.7238948170731707 0.9989996189024389 0.7268721417682926 0.1748761432926829
0 0.7298494664634145 0.1518514989837398 0.7298494664634145 0.9989996189024389 0.7727229420731707 0.9958238058943089 0.7745093368902438 0.15264545223577233
0 0.7757002667682926 0.13756034044715446 0.7774866615853658 0.9910600863821136 0.8120236280487804 0.9950298526422764 0.8013052591463414 0.13676638719512194
0 0.8048780487804877 0.13835429369918698 0.8155964176829268 0.9942358993902438 0.8519197789634145 0.9942358993902438 0.8406059451219512 0.13438452743902438
