0 0.13319359756097565 0.3042905233739837 0.19393102134146345 0.9958238058943089 0.21774961890243905 0.9966177591463414 0.16892149390243905 0.30111471036585363
0 0.17308974847560976 0.3027026168699187 0.21894054878048785 0.9934419461382112 0.25050019054878053 0.9966177591463414 0.21060403963414637 0.3027026168699187
0 0.22608612804878053 0.30587842987804875 0.25526391006097565 0.9950298526422764 0.27789157774390244 0.9989996189024389 0.26300495426829273 0.30190866361788615
0 0.2683641387195122 0.31858168191056907 0.27789157774390244 0.9966177591463414 0.3094512195121951 0.9974117123983738 0.30409203506097565 0.31302400914634143
0 0.31481040396341464 0.3003207571138211 0.3130240091463415 0.9974117123983738 0.35589748475609756 0.9989996189024389 0.367211318597561 0.3003207571138211
0 0.36840224847560976 0.2995268038617886 0.35708841463414637 0.9989996189024389 0.3899878525152493 0.9996744791666666 0.4100847942073171 0.2987328506097561
0 0.41663490853658536 0.3003207571138211 0.39698456554878053 0.9982056656504064 0.4315215320121951 0.9989996189024389 0.4565310594512196 0.2987328506097561
0 0.4606993140243903 0.21695566565040647 0.4344988567073171 0.9982056656504064 0.4809451219512196 0.9989996189024389 0.5184594131097561 0.21457380589430888
0 0.5351324314024389 0.2860295985772357 0.4940522060737371 0.9996744791666669 0.5416825457317073 0.9996744791666666 0.5905106707317073 0.29238122459349586
0 0.5881288109756097 0.3971830538617886 0.5470417301829268 0.9989996189024389 0.5827696265243902 0.9982056656504064 0.6232612423780487 0.4027407266260162
0 0.6363614710365854 0.21457380589430888 0.5840214261517614 0.9996744791666666 0.6000381097560975 0.9996744791666666 0.6524390243902438 0.20981008638211376
0 0.6506526295731707 0.2812658790650406 0.6031283561375614 0.9996744791666666 0.6351705411585366 0.9989996189024389 0.6893578506097561 0.2860295985772357
0 0.6994807545731707 0.26062309451219506 0.6393387957317073 0.9966177591463414 0.6892015410632638 0.9996744791666666 0.7614091082317073 0.26379890752032514
0 0.7691501524390243 0.2915872713414634 0.7056596514021835 0.9996744791666666 0.748904344512195 0.9996744791666666 0.808450838414634 0.29238122459349586
