0 0.02839176829268296 0.07483803353658534 0.11747062114660776 0.9996744791666669 0.19452648628048785 0.9996744791666666 0.12962080792682928 0.06372268800813007
0 0.1468892911585366 0.1470877794715447 0.20550462676257625 0.9996744791666666 0.2576457698170732 0.9989996189024389 0.19393102134146345 0.13994220020325202
0 0.21000857469512196 0.19472497459349591 0.26056574801190985 0.9996744791666666 0.2898008765243903 0.9996744791666666 0.23799542682926833 0.1899612550813008
0 0.23859089176829273 0.1788459095528455 0.295636892745315 0.9996744791666666 0.3618521341463415 0.9982056656504064 0.3142149390243903 0.16534870426829268
0 0.32016958841463417 0.14629382621951217 0.3666158536585366 0.9966177591463414 0.4071074695121951 0.9989996189024389 0.36006573932926833 0.1391482469512195
0 0.3666158536585366 0.1391482469512195 0.4088490535345482 0.9996744791666666 0.45057641006097565 0.9989996189024389 0.4094893292682927 0.1351784806910569
0 0.4142530487804878 0.14232405995934957 0.4546642053235314 0.9996744791666665 0.5232231326219512 0.9989996189024389 0.4916634908536585 0.13200266768292682
0 0.5023818597560975 0.20187055386178857 0.5273913871951219 0.9974117123983738 0.580983231707317 0.9989996189024389 0.5619283536585366 0.197900787601626
0 0.5649056783536585 0.18519753556910568 0.5833264847142063 0.9996744791666666 0.6381478658536585 0.9996744791666666 0.6268340320121951 0.17725800304878045
0 0.6304068216463414 0.22807101117886175 0.6404866825242559 0.9996744791666666 0.7084127286585366 0.9996744791666666 0.710794588414634 0.219337525406504
0 0.7119855182926829 0.12326918191056908 0.7096082887341221 0.9996744791666666 0.7810594512195121 0.9996744791666666 0.782250381097561 0.11929941565040648
0 0.7876095655487804 0.12644499491869918 0.7804972892064893 0.9996744791666666 0.8155964176829268 0.9996744791666666 0.8298875762195121 0.12088732215447152
0 0.8304830411585366 0.19869474085365849 0.8186225317067151 0.999674479166667 0.8477515243902438 0.9996744791666666 0.8608517530487804 0.19948869410569103
0 0.8674018673780487 0.1081840701219512 0.8495561963784881 0.9996744791666666 0.9019388338414633 0.9989996189024389 0.9192073170731706 0.10183244410569105
0 0.9215891768292682 0.1121538363821138 0.9019765554820203 0.9996744791666666 0.947194169207317 0.9989996189024389 0.9686309070121951 0.10500825711382113
