0 0.05756955030487808 0.0811896595528455 0.18857183689024393 0.9767689278455284 0.2332317073170732 0.9704173018292682 0.10580221036585367 0.07404408028455282
0 0.12962080792682928 0.1272389481707317 0.24216368140243905 0.9521563770325202 0.2641958841463415 0.9513624237804877 0.16177591463414637 0.12485708841463412
0 0.16237137957317077 0.10897802337398373 0.2689596036585366 0.9529503302845527 0.3374380716463415 0.9497745172764227 0.24930926067073172 0.10183244410569105
0 0.2522865853658537 0.07642594004065038 0.3374380716463415 0.9537442835365852 0.3779296875 0.9481866107723577 0.29932831554878053 0.06689850101626015
0 0.30349657012195125 0.0732501270325203 0.3785251524390244 0.9497745172764227 0.4154439786585366 0.9489805640243901 0.35589748475609756 0.0692803607723577
0 0.3666158536585366 0.07483803353658534 0.4202076981707317 0.9465987042682925 0.4851133765243903 0.94580475101626 0.44819455030487804 0.06689850101626015
0 0.4601038490853659 0.13835429369918698 0.4934498856707317 0.9299256859756097 0.5428734756097561 0.9283377794715446 0.5250095274390243 0.13279662093495934
0 0.5297732469512194 0.1240631351626016 0.545850800304878 0.9354833587398373 0.5911061356707317 0.9370712652439024 0.5982517149390243 0.11850546239837396
0 0.6030154344512194 0.17408219004065037 0.5970607850609756 0.9338954522357722 0.6631573932926829 0.94262893800813 0.686380525914634 0.1677305640243902
0 0.6965034298780487 0.0534012957317073 0.6708984374999999 0.9473926575203251 0.727467606707317 0.9465987042682925 0.7751048018292682 0.05022548272357722
0 0.7774866615853658 0.05975292174796746 0.727467606707317 0.9307196392276422 0.765577362804878 0.9346894054878048 0.8263147865853658 0.05895896849593494
0 0.8215510670731707 0.14073615345528454 0.7667682926829268 0.927543826219512 0.7917778201219512 0.9291317327235772 0.8531107088414633 0.14073615345528454
0 0.8679973323170731 0.04466780995934958 0.7959460746951219 0.9370712652439024 0.8400104801829268 0.9481866107723577 0.9251619664634145 0.04466780995934958
0 0.9275438262195121 0.0454617632113821 0.8400104801829268 0.9513624237804877 0.8805020960365852 0.9537442835365852 0.9817311356707316 0.0454617632113821
