0 0.13914824695121952 0.2550654217479674 0.21060403963414637 0.9069010416666665 0.24692740091463417 0.9108708079268292 0.18023532774390244 0.2550654217479674
0 0.18618997713414637 0.2368044969512195 0.24811833079268297 0.9076949949186991 0.2945645960365854 0.9116647611788617 0.2397818216463415 0.23045287093495934
0 0.23918635670731708 0.11056592987804877 0.29932831554878053 0.9172224339430893 0.3422017911585366 0.9180163871951219 0.2886099466463415 0.10262639735772357
0 0.29635099085365857 0.1161236026422764 0.3505383003048781 0.9084889481707316 0.3904344512195122 0.9140466209349593 0.34517911585365857 0.10659616361788617
0 0.35708841463414637 0.09786267784552845 0.39638910060975613 0.9219861534552845 0.4273532774390244 0.9196042936991868 0.3957936356707317 0.10024453760162601
0 0.39996189024390244 0.09786267784552845 0.4273532774390244 0.9219861534552845 0.4583174542682927 0.922780106707317 0.4327124618902439 0.09627477134146341
0 0.44581269054878053 0.1161236026422764 0.4606993140243903 0.9299256859756097 0.5059546493902438 0.9362773119918698 0.5005954649390243 0.11294778963414633
0 0.515482088414634 0.12962080792682926 0.5160775533536585 0.9331014989837397 0.5631192835365854 0.9386591717479674 0.5678830030487805 0.12485708841463412
0 0.5756240472560975 0.0811896595528455 0.5660966082317073 0.9410410315040649 0.6107564786585366 0.9442168445121951 0.6292158917682926 0.0772198932926829
0 0.637552400914634 0.07563198678861786 0.6161156631097561 0.9450107977642276 0.6631573932926829 0.9497745172764227 0.6953124999999999 0.0732501270325203
0 0.7066263338414633 0.06848640752032518 0.6661347179878048 0.9545382367886178 0.7250857469512194 0.9585080030487804 0.7768911966463414 0.06689850101626015
0 0.7739138719512194 0.22489519817073167 0.7298494664634145 0.9648596290650405 0.7959460746951219 0.9696233485772358 0.8519197789634145 0.22489519817073167
0 0.855492568597561 0.21695566565040647 0.7971370045731707 0.9704173018292682 0.8674018673780487 0.9751810213414633 0.9394531249999999 0.2185435721544715
