0 0.012909679878048808 0.19710683434959345 0.003977705792682959 0.9061070884146342 0.02362804878048784 0.9100768546747967 0.03553734756097564 0.197900787601626
0 0.03911013719512198 0.1677305640243902 0.02422351371951223 0.9251619664634146 0.0563786204268293 0.9243680132113821 0.074242568597561 0.1709063770325203
0 0.074242568597561 0.1709063770325203 0.05816501524390247 0.922780106707317 0.0867473323170732 0.9251619664634146 0.10699314024390245 0.1669366107723577
0 0.10401581554878052 0.23998030995934957 0.08793826219512198 0.927543826219512 0.11294778963414638 0.9299256859756097 0.13140720274390244 0.23839240345528454
0 0.13140720274390244 0.2630049542682927 0.1105659298780488 0.9323075457317072 0.1308117378048781 0.9346894054878048 0.1552258003048781 0.2645928607723577
0 0.16415777439024393 0.17408219004065037 0.13617092225609756 0.9315135924796748 0.17487614329268297 0.9362773119918698 0.19869474085365857 0.1709063770325203
0 0.19929020579268297 0.17408219004065037 0.17785346798780488 0.9338954522357722 0.2165586890243903 0.9370712652439024 0.23739996189024393 0.16931847052845525
0 0.24752286585365857 0.18202172256097557 0.21894054878048785 0.9354833587398373 0.25466844512195125 0.9346894054878048 0.28325076219512196 0.17646404979674793
0 0.2856326219512195 0.16137893800813005 0.25585937500000006 0.9362773119918698 0.2886099466463415 0.937865218495935 0.318383193597561 0.14946963922764225
0 0.3171922637195122 0.1717003302845528 0.2892054115853659 0.9450107977642276 0.3350562118902439 0.9465987042682925 0.3654249237804878 0.1709063770325203
0 0.3660203887195122 0.23204077743902438 0.33565167682926833 0.9513624237804877 0.36482945884146345 0.9521563770325202 0.39400724085365857 0.23204077743902438
0 0.40115282012195125 0.23362868394308942 0.370188643292683 0.9418349847560975 0.416039443597561 0.9450107977642276 0.45117187500000006 0.2368044969512195
0 0.44879001524390244 0.2510956554878048 0.42437595274390244 0.9529503302845527 0.4624857088414634 0.9529503302845527 0.4874952362804878 0.24791984247967477
0 0.49523628048780494 0.15423335873983737 0.4636766387195122 0.9585080030487804 0.49404535060975613 0.9585080030487804 0.5220322027439024 0.15820312499999997
0 0.5262004573170731 0.22330729166666663 0.5047637195121951 0.9593019563008128 0.5393006859756098 0.9593019563008128 0.5613328887195121 0.22489519817073167
0 0.5678830030487805 0.11532964939024389 0.5506145198170731 0.960889862804878 0.6173065929878048 0.965653582317073 0.6327886814024389 0.11453569613821137
0 0.6351705411585366 0.20822217987804872 0.6196884527439024 0.9751810213414633 0.6607755335365854 0.9751810213414633 0.6792349466463414 0.2058403201219512
0 0.6893578506097561 0.031170604674796737 0.6613709984756097 0.9712112550813007 0.7119855182926829 0.9696233485772358 0.735208650914634 0.03275851117886178
0 0.741163300304878 0.20504636686991864 0.7137719131097561 0.9688293953252032 0.7542635289634145 0.9735931148373983 0.7798685213414633 0.20663427337398368
0 0.7852277057926829 0.20504636686991864 0.757836318597561 0.977562881097561 0.8060689786585366 0.9823266006097561 0.8298875762195121 0.2026645071138211
0 0.8394150152439024 0.13041476117886178 0.8120236280487804 0.9847084603658535 0.838819550304878 0.9878842733739837 0.8614472179878048 0.1240631351626016
0 0.8584698932926829 0.22727705792682926 0.8423923399390243 0.9791507876016259 0.8959841844512194 0.9815326473577235 0.9180163871951219 0.22568915142276422
0 0.9215891768292682 0.12882685467479674 0.8989615091463414 0.9839145071138211 0.9245665015243901 0.9847084603658535 0.9477896341463413 0.1240631351626016
