0 0.19809927591463417 0.2749142530487804 0.2409727515243903 0.8981675558943089 0.27431878810975613 0.8965796493902438 0.23025438262195125 0.2701505335365853
0 0.22608612804878053 0.1828156758130081 0.2755097179878049 0.899755462398374 0.3124285442073171 0.902931275406504 0.27074599847560976 0.179639862804878
0 0.27134146341463417 0.2106040396341463 0.31600133384146345 0.9053131351626016 0.3582793445121951 0.9037252286585366 0.31481040396341464 0.20425241361788615
0 0.3106421493902439 0.13597243394308942 0.3582793445121951 0.9100768546747967 0.3987709603658537 0.9092829014227641 0.35649294969512196 0.1312087144308943
0 0.3606612042682927 0.11850546239837396 0.3993664253048781 0.9100768546747967 0.4446217606707317 0.9092829014227641 0.4041301448170732 0.11135988313008129
0 0.4202076981707317 0.14629382621951217 0.45117187500000006 0.8989615091463414 0.49642721036585363 0.8989615091463414 0.47260861280487804 0.1391482469512195
0 0.4827315167682927 0.14073615345528454 0.5 0.899755462398374 0.5470417301829268 0.9013433689024389 0.5387052210365854 0.13200266768292682
0 0.5506145198170731 0.25903518800813 0.5518054496951219 0.8973736026422764 0.6048018292682926 0.8989615091463414 0.6071836890243902 0.257447281504065
0 0.6095655487804877 0.2622110010162601 0.6083746189024389 0.9005494156504064 0.6613709984756097 0.9092829014227641 0.6703029725609756 0.25665332825203246
0 0.6774485518292682 0.18599148882113817 0.6613709984756097 0.9100768546747967 0.6905487804878048 0.9108708079268292 0.7096036585365854 0.18519753556910568
0 0.7137719131097561 0.14867568597560973 0.6935261051829268 0.9156345274390243 0.7328267911585366 0.9180163871951219 0.7626000381097561 0.14470591971544713
0 0.7721274771341463 0.13756034044715446 0.7346131859756097 0.9196042936991868 0.7774866615853658 0.9291317327235772 0.814405487804878 0.13835429369918698
0 0.8286966463414633 0.16137893800813005 0.7768911966463414 0.9338954522357722 0.8150009527439024 0.9410410315040649 0.8721655868902438 0.1589970782520325
