0 0.09567930640243906 0.22489519817073167 0.0015958460365853994 0.8981675558943089 0.04149199695121954 0.8973736026422764 0.12962080792682928 0.22489519817073167
0 0.13200266768292684 0.2264831046747967 0.04506478658536589 0.8957856961382112 0.0748380335365854 0.8981675558943089 0.16177591463414637 0.219337525406504
0 0.1587985899390244 0.23601054369918695 0.07602896341463418 0.8941977896341462 0.08853372713414638 0.8949917428861788 0.1724942835365854 0.23283473069105687
0 0.18083079268292684 0.16534870426829268 0.09210651676829272 0.8965796493902438 0.12068883384146344 0.8973736026422764 0.19750381097560982 0.1629668445121951
0 0.18797637195121952 0.2630049542682927 0.12068883384146344 0.9005494156504064 0.1593940548780488 0.8957856961382112 0.2195360137195122 0.26062309451219506
0 0.23025438262195125 0.18916730182926825 0.1593940548780488 0.8934038363821136 0.2201314786585366 0.8886401168699186 0.26776867378048785 0.18837334857723576
0 0.272532393292683 0.16376079776422764 0.2284679878048781 0.8870522103658535 0.2981373856707317 0.8854643038617885 0.3302924923780488 0.16137893800813005
0 0.3338652820121951 0.1788459095528455 0.30290110518292684 0.8870522103658535 0.3386290015243903 0.8854643038617885 0.3624475990853659 0.17725800304878045
0 0.3666158536585366 0.19154916158536583 0.34101086128048785 0.8846703506097561 0.3826934070121951 0.8830824441056909 0.39698456554878053 0.1828156758130081
0 0.4029392149390244 0.16455475101626013 0.3868616615853659 0.8910219766260162 0.43807164634146345 0.8854643038617885 0.44283536585365857 0.16137893800813005
0 0.44223990091463417 0.18122776930894305 0.43747618140243905 0.8814945376016259 0.4654630335365854 0.879906631097561 0.4666539634146341 0.1788459095528455
0 0.46963128810975613 0.14629382621951217 0.4684403582317073 0.8854643038617885 0.5047637195121951 0.8814945376016259 0.49642721036585363 0.14788173272357721
0 0.49761814024390244 0.1621728912601626 0.5095274390243902 0.8775247713414633 0.5309641768292682 0.8775247713414633 0.5148866234756098 0.1589970782520325
0 0.5202458079268292 0.16852451727642273 0.5333460365853658 0.8791126778455284 0.6012290396341463 0.8751429115853657 0.5708603277439024 0.159791031504065
0 0.5750285823170731 0.1589970782520325 0.6024199695121951 0.8743489583333331 0.6738757621951219 0.8695852388211381 0.6262385670731707 0.14629382621951217
0 0.6256431021341463 0.0692803607723577 0.6738757621951219 0.8719670985772358 0.6911442454268292 0.8687912855691056 0.6411251905487805 0.07166222052845526
0 0.6482707698170731 0.07404408028455282 0.6953124999999999 0.8687912855691056 0.7125809832317073 0.8616457063008128 0.6589891387195121 0.07086826727642274
0 0.6714939024390243 0.19313706808943087 0.7143673780487805 0.8672033790650406 0.7774866615853658 0.8608517530487805 0.7215129573170731 0.18519753556910568
0 0.7209174923780487 0.13359057418699186 0.7798685213414633 0.8616457063008128 0.822146532012195 0.8616457063008128 0.7477134146341463 0.1272389481707317
0 0.7494998094512194 0.12485708841463412 0.8281011814024389 0.8584698932926829 0.8626381478658536 0.8560880335365852 0.7798685213414633 0.11929941565040648
0 0.7888004954268292 0.16931847052845525 0.8679973323170731 0.8568819867886178 0.9108708079268292 0.8576759400406503 0.8185737423780487 0.16137893800813005
0 0.822146532012195 0.16614265752032517 0.9156345274390243 0.8505303607723577 0.9692263719512194 0.8489424542682925 0.8620426829268292 0.15661521849593493
0 0.8602562881097561 0.1081840701219512 0.9745855564024389 0.8473545477642276 0.999755859375 0.8489154967857817 0.999755859375 0.7187341209349593 0.8977705792682926 0.10342035060975609
