0 0.00040491615853661955 0.20107660060975607 0.0 0.3295699949187101 0.0015958460365853994 0.9640656758130081 0.03375095274390247 0.9664475355691056 0.04089653201219515 0.19710683434959345
0 0.04208746189024394 0.19948869410569103 0.03732374237804881 0.9696233485772358 0.05816501524390247 0.9664475355691056 0.06411966463414637 0.19948869410569103
0 0.0682879192073171 0.0454617632113821 0.06173780487804881 0.9712112550813007 0.13736185213414637 0.9577140497967479 0.1433165015243903 0.04625571646341462
0 0.15046208079268297 0.20107660060975607 0.1433165015243903 0.9712112550813007 0.17547160823170732 0.9712112550813007 0.18023532774390244 0.20107660060975607
0 0.18023532774390244 0.19631288109756095 0.17725800304878053 0.9759749745934959 0.2516911204268293 0.9767689278455284 0.2564548399390244 0.19472497459349591
0 0.2641958841463415 0.19948869410569103 0.25466844512195125 0.9791507876016259 0.318383193597561 0.9743870680894308 0.31540586890243905 0.1955189278455284
0 0.32731516768292684 0.2137798526422764 0.3255287728658537 0.9632717225609756 0.3588748094512195 0.9632717225609756 0.36482945884146345 0.21457380589430888
0 0.37554782774390244 0.22568915142276422 0.367211318597561 0.94262893800813 0.40174828506097565 0.9434228912601625 0.4071074695121951 0.23124682418699183 0.4071074695121951 0.22013147865853655
0 0.40889386432926833 0.21695566565040647 0.4041301448170732 0.9521563770325202 0.4821360518292683 0.9545382367886178 0.4827315167682927 0.219337525406504
0 0.4886861661585366 0.20107660060975607 0.489281631097561 0.9569200965447154 0.5559737042682926 0.9537442835365852 0.5571646341463414 0.19472497459349591
0 0.570264862804878 0.23283473069105687 0.5803877667682926 0.9370712652439024 0.6292158917682926 0.9394531249999999 0.6155201981707317 0.2288649644308943
0 0.6244521722560975 0.18043381605691053 0.6464843749999999 0.9585080030487804 0.7143673780487805 0.9593019563008128 0.6929306402439024 0.17646404979674793
0 0.6976943597560975 0.2344226371951219 0.7137719131097561 0.9418349847560975 0.7620045731707317 0.9410410315040649 0.7423542301829268 0.23362868394308942
0 0.7471179496951219 0.23204077743902438 0.7637909679878048 0.9394531249999999 0.8126190929878048 0.9442168445121951 0.7905868902439024 0.2288649644308943
0 0.8132145579268292 0.1589970782520325 0.8227419969512194 0.9521563770325202 0.8679973323170731 0.9521563770325202 0.8519197789634145 0.159791031504065
0 0.8626381478658536 0.20901613313008127 0.8721655868902438 0.9489805640243901 0.9102753429878048 0.94580475101626 0.904320693597561 0.20504636686991864
