0 0.12426162347560978 0.19154916158536583 0.004573170731707349 0.8862582571138211 0.06054687500000003 0.8846703506097561 0.1665396341463415 0.19472497459349591
0 0.15582126524390244 0.20822217987804872 0.06411966463414637 0.8791126778455284 0.09508384146341466 0.8886401168699186 0.18857183689024393 0.2106040396341463
0 0.19274009146341464 0.2113979928861788 0.10282488567073174 0.8822884908536585 0.14510289634146345 0.8846703506097561 0.220726943597561 0.20981008638211376
0 0.22191787347560976 0.219337525406504 0.14867568597560976 0.8862582571138211 0.18023532774390244 0.8870522103658535 0.25407298018292684 0.21457380589430888
0 0.24871379573170732 0.26062309451219506 0.1796398628048781 0.8854643038617885 0.2082221798780488 0.8838763973577235 0.2761051829268293 0.2622110010162601
0 0.2856326219512195 0.20822217987804872 0.21298589939024393 0.879906631097561 0.269555068597561 0.887846163617886 0.32791063262195125 0.20425241361788615
0 0.34815644054878053 0.20901613313008127 0.3017101753048781 0.8941977896341462 0.38745712652439024 0.8926098831300813 0.41842130335365857 0.20425241361788615
0 0.4339033917682927 0.19710683434959345 0.42616234756097565 0.8894340701219511 0.5148866234756098 0.8894340701219511 0.5023818597560975 0.20028264735772353
0 0.5065501143292682 0.1907552083333333 0.5125047637195121 0.8862582571138211 0.5506145198170731 0.8918159298780487 0.5387052210365854 0.19313706808943087
0 0.5446598704268292 0.1351784806910569 0.548828125 0.8949917428861788 0.6155201981707317 0.8918159298780487 0.5875333460365854 0.13835429369918698
0 0.5917016006097561 0.2296589176829268 0.6137338033536585 0.8814945376016259 0.6429115853658536 0.8870522103658535 0.6173065929878048 0.22727705792682926
0 0.6202839176829268 0.17725800304878045 0.6554163490853658 0.8822884908536585 0.692335175304878 0.8886401168699186 0.6494616996951219 0.16852451727642273
0 0.6560118140243902 0.24077426321138207 0.6988852896341463 0.8949917428861788 0.7399723704268292 0.8870522103658535 0.6947170350609756 0.24633193597560973
0 0.703053544207317 0.2455379827235772 0.7435451600609756 0.887846163617886 0.7965415396341463 0.8910219766260162 0.7483088795731707 0.2455379827235772
0 0.7506907393292682 0.24156821646341461 0.7983279344512194 0.8838763973577235 0.8370331554878048 0.8870522103658535 0.7721274771341463 0.24315612296747965
0 0.7768911966463414 0.24633193597560973 0.838819550304878 0.8846703506097561 0.8810975609756097 0.8854643038617885 0.8108326981707317 0.23998030995934957
0 0.8120236280487804 0.16534870426829268 0.8840748856707317 0.8886401168699186 0.9209937118902438 0.8886401168699186 0.8423923399390243 0.1669366107723577
0 0.8733565167682926 0.24156821646341461 0.9370712652439024 0.887846163617886 0.9930449695121951 0.8894340701219511 0.9156345274390243 0.23918635670731703
