0 0.09567930640243906 0.3074663363821138 0.0 0.9088791194831591 0.04149199695121954 0.94580475101626 0.14569836128048785 0.31064214939024387
0 0.16415777439024393 0.21536775914634143 0.05578315548780491 0.9410410315040649 0.14450743140243905 0.94580475101626 0.24811833079268297 0.22251333841463414
0 0.2510956554878049 0.23601054369918695 0.14986661585365857 0.9434228912601625 0.18499904725609756 0.9489805640243901 0.2862280868902439 0.23283473069105687
0 0.28682355182926833 0.2534775152439024 0.19274009146341464 0.937865218495935 0.26300495426829273 0.9418349847560975 0.3499428353658537 0.26379890752032514
0 0.35113376524390244 0.2868235518292683 0.26002762957317077 0.9442168445121951 0.3005192454268293 0.9410410315040649 0.3832888719512195 0.2884114583333333
0 0.394602705792683 0.24791984247967477 0.30885575457317077 0.9323075457317072 0.34815644054878053 0.9370712652439024 0.42973513719512196 0.24871379573170727
0 0.4285442073170732 0.275708206300813 0.35113376524390244 0.9338954522357722 0.3737614329268293 0.9354833587398373 0.44879001524390244 0.2733263465447154
0 0.45117187500000006 0.23998030995934957 0.3785251524390244 0.9315135924796748 0.4344988567073171 0.937865218495935 0.5166730182926829 0.2344226371951219
0 0.5226276676829268 0.22568915142276422 0.44700362042682923 0.9338954522357722 0.5101229039634146 0.9442168445121951 0.5851514862804877 0.23601054369918695
0 0.5970607850609756 0.24871379573170727 0.5095274390243902 0.9338954522357722 0.5553782393292682 0.9402470782520324 0.6518435594512194 0.2534775152439024
0 0.6500571646341463 0.2804719258130081 0.5589510289634145 0.9267498729674796 0.629811356707317 0.9434228912601625 0.7221084222560975 0.2892054115853658
0 0.7298494664634145 0.2860295985772357 0.6363614710365854 0.9283377794715446 0.686380525914634 0.9418349847560975 0.776295731707317 0.2868235518292683
0 0.782250381097561 0.2828537855691056 0.6917397103658536 0.9323075457317072 0.7453315548780487 0.9410410315040649 0.8400104801829268 0.29238122459349586
0 0.855492568597561 0.18837334857723576 0.7661728277439024 0.9235740599593495 0.8447741996951219 0.9481866107723577 0.9299256859756097 0.19393102134146337
0 0.9275438262195121 0.22251333841463414 0.8531107088414633 0.9188103404471545 0.9418349847560975 0.9442168445121951 0.999755859375 0.35289392846823775 0.9995950838414632 0.23124682418699183
