0 0.01886432926829272 0.06610454776422763 0.02124618902439028 0.9172224339430893 0.06352419969512198 0.9180163871951219 0.0682879192073171 0.05895896849593494
0 0.07126524390243906 0.19710683434959345 0.06709698932926832 0.9203982469512194 0.1343845274390244 0.9283377794715446 0.14033917682926833 0.1899612550813008
0 0.14510289634146345 0.08198361280487802 0.1343845274390244 0.9323075457317072 0.17725800304878053 0.9346894054878048 0.1796398628048781 0.0772198932926829
0 0.1915491615853659 0.13359057418699186 0.18559451219512196 0.9338954522357722 0.2576457698170732 0.9410410315040649 0.2570503048780488 0.12882685467479674
0 0.2731278582317073 0.13359057418699186 0.26776867378048785 0.9307196392276422 0.31540586890243905 0.9307196392276422 0.318383193597561 0.12803290142276422
0 0.3225514481707317 0.0494315294715447 0.31481040396341464 0.9354833587398373 0.3654249237804878 0.9354833587398373 0.37257050304878053 0.04784362296747966
0 0.370188643292683 0.1629668445121951 0.3654249237804878 0.9386591717479674 0.43747618140243905 0.94580475101626 0.4577219893292683 0.1589970782520325
0 0.4672494283536585 0.07007431402439022 0.44640815548780494 0.9394531249999999 0.4851133765243903 0.937865218495935 0.5089319740853658 0.07483803353658534
0 0.5119092987804877 0.19154916158536583 0.5113138338414633 0.9386591717479674 0.5577600990853658 0.9434228912601625 0.5613328887195121 0.18519753556910568
0 0.5774104420731707 0.179639862804878 0.5708603277439024 0.922780106707317 0.637552400914634 0.9251619664634146 0.6524390243902438 0.1756700965447154
0 0.660180068597561 0.19869474085365849 0.6470798399390243 0.9148405741869917 0.7018626143292682 0.9172224339430893 0.7054354039634145 0.1955189278455284
0 0.7113900533536585 0.22807101117886175 0.7066263338414633 0.9053131351626016 0.7703410823170731 0.9069010416666665 0.776295731707317 0.22410124491869918
0 0.7810594512195121 0.22727705792682926 0.7721274771341463 0.8989615091463414 0.838819550304878 0.9076949949186991 0.8483469893292682 0.22568915142276422
0 0.8620426829268292 0.16852451727642273 0.8560880335365852 0.9219861534552845 0.9406440548780487 0.9291317327235772 0.9549352134146342 0.15820312499999997
