0 0.14867568597560976 0.12247522865853656 0.08912919207317076 0.8791126778455284 0.12783441310975613 0.879906631097561 0.18738090701219512 0.12326918191056908
0 0.1838081173780488 0.1558212652439024 0.1343845274390244 0.8894340701219511 0.1713033536585366 0.8918159298780487 0.21477229420731708 0.1470877794715447
0 0.21715415396341464 0.14788173272357721 0.17725800304878053 0.8886401168699186 0.21477229420731708 0.8941977896341462 0.2510956554878049 0.14788173272357721
0 0.2516911204268293 0.15264545223577233 0.21774961890243905 0.8854643038617885 0.2397818216463415 0.8862582571138211 0.28325076219512196 0.14867568597560973
0 0.2826552972560976 0.20187055386178857 0.2510956554878049 0.879906631097561 0.2767006478658537 0.887846163617886 0.31540586890243905 0.20504636686991864
0 0.32016958841463417 0.13756034044715446 0.27848704268292684 0.8894340701219511 0.3350562118902439 0.8949917428861788 0.36482945884146345 0.13835429369918698
0 0.3904344512195122 0.13200266768292682 0.3606612042682927 0.8838763973577235 0.44879001524390244 0.8902280233739837 0.4642721036585366 0.13279662093495934
0 0.4809451219512196 0.13279662093495934 0.4803496570121952 0.899755462398374 0.564310213414634 0.8973736026422764 0.5559737042682926 0.12882685467479674
0 0.5619283536585366 0.11929941565040648 0.5660966082317073 0.902931275406504 0.5988471798780487 0.9053131351626016 0.5970607850609756 0.11850546239837396
0 0.6030154344512194 0.05578315548780486 0.6048018292682926 0.9061070884146342 0.6643483231707317 0.9076949949186991 0.6566072789634145 0.05816501524390242
0 0.6560118140243902 0.1629668445121951 0.6661347179878048 0.8989615091463414 0.6881669207317073 0.9005494156504064 0.6851895960365854 0.16534870426829268
0 0.6982898246951219 0.09865663109756097 0.7036490091463414 0.9164284806910569 0.7435451600609756 0.9156345274390243 0.7292540015243901 0.09786267784552845
0 0.733422256097561 0.19869474085365849 0.7435451600609756 0.9156345274390243 0.7864186356707317 0.9164284806910569 0.773318407012195 0.19948869410569103
0 0.782250381097561 0.19631288109756095 0.7911823551829268 0.922780106707317 0.8513243140243901 0.9180163871951219 0.832864900914634 0.19710683434959345
0 0.8358422256097561 0.19710683434959345 0.8525152439024389 0.9219861534552845 0.8822884908536585 0.9251619664634146 0.8638290777439024 0.19710683434959345
0 0.870974657012195 0.19631288109756095 0.8900295350609755 0.9251619664634146 0.9269483612804877 0.925955919715447 0.9067025533536585 0.19234311483739833
0 0.9186118521341463 0.09945058434959349 0.9311166158536585 0.9315135924796748 0.9727991615853658 0.9354833587398373 0.951957888719512 0.09706872459349593
