0 0.03732374237804881 0.19631288109756095 0.08793826219512198 0.9434228912601625 0.158203125 0.94580475101626 0.11890243902439028 0.1899612550813008
0 0.12426162347560978 0.18360962906504064 0.16356230945121952 0.9585080030487804 0.19988567073170738 0.94580475101626 0.16058498475609756 0.18916730182926825
0 0.171898818597561 0.2503017022357723 0.20226753048780494 0.9473926575203251 0.24990472560975613 0.9450107977642276 0.22727705792682928 0.24395007621951215
0 0.22965891768292684 0.26141704776422764 0.2564548399390244 0.9497745172764227 0.3106421493902439 0.9513624237804877 0.29873285060975613 0.257447281504065
0 0.3052829649390244 0.1875793953252032 0.31600133384146345 0.9632717225609756 0.35768387957317077 0.960889862804878 0.34756097560975613 0.18837334857723576
0 0.36006573932926833 0.2701505335365853 0.36423399390243905 0.9577140497967479 0.41306211890243905 0.9577140497967479 0.4154439786585366 0.2669747205284552
0 0.42437595274390244 0.27173844004065034 0.4196122332317073 0.9450107977642276 0.4690358231707317 0.9521563770325202 0.47201314786585363 0.2669747205284552
0 0.4839224466463415 0.19631288109756095 0.47618140243902435 0.9545382367886178 0.5232231326219512 0.9505684705284553 0.5351324314024389 0.19869474085365849
0 0.5339415015243902 0.20981008638211376 0.5238185975609756 0.94580475101626 0.5518054496951219 0.9497745172764227 0.570264862804878 0.20981008638211376
0 0.5780059070121951 0.31064214939024387 0.5577600990853658 0.9418349847560975 0.6095655487804877 0.9481866107723577 0.6339796112804877 0.3042905233739837
0 0.6393387957317073 0.3447821392276422 0.6119474085365854 0.9505684705284553 0.6703029725609756 0.9593019563008128 0.7048399390243902 0.34160632621951215
0 0.7072217987804877 0.3447821392276422 0.6703029725609756 0.94580475101626 0.716749237804878 0.9529503302845527 0.757836318597561 0.3368426067073171
0 0.789991425304878 0.14153010670731705 0.7280630716463414 0.9950298526422764 0.7888004954268292 0.9989996189024389 0.8644245426829268 0.14153010670731705
0 0.8691882621951219 0.13676638719512194 0.7974110767263615 0.9996744791666669 0.8608517530487804 0.9958238058943089 0.9513624237804877 0.14232405995934957
