0 0.06471512957317076 0.19234311483739833 0.009932355182926858 0.9410410315040649 0.06471512957317076 0.9434228912601625 0.12009336890243906 0.1955189278455284
0 0.11890243902439028 0.2915872713414634 0.0682879192073171 0.9331014989837397 0.08555640243902442 0.9307196392276422 0.1337890625 0.2860295985772357
0 0.13736185213414637 0.23521659044715446 0.08555640243902442 0.9402470782520324 0.11592511432926832 0.94580475101626 0.16415777439024393 0.24077426321138207
0 0.16773056402439024 0.3233454014227642 0.1177115091463415 0.9489805640243901 0.15760766006097565 0.9450107977642276 0.20584032012195125 0.3201695884146341
0 0.2076267149390244 0.3193756351626016 0.16177591463414637 0.9394531249999999 0.21358136432926833 0.94580475101626 0.24633193597560976 0.3233454014227642
0 0.2457364710365854 0.3241393546747967 0.21417682926829273 0.9394531249999999 0.23918635670731708 0.9386591717479674 0.27908250762195125 0.3193756351626016
0 0.2802734375 0.32175749491869915 0.2403772865853659 0.9434228912601625 0.2737233231707317 0.9434228912601625 0.3100466844512195 0.32255144817073167
0 0.32076505335365857 0.24395007621951215 0.2731278582317073 0.9450107977642276 0.30885575457317077 0.9410410315040649 0.35113376524390244 0.2447440294715447
0 0.3588748094512195 0.34001841971544716 0.3100466844512195 0.9465987042682925 0.35172923018292684 0.94262893800813 0.40472560975609756 0.3312849339430894
0 0.41842130335365857 0.24395007621951215 0.35649294969512196 0.9370712652439024 0.44521722560975613 0.94580475101626 0.49702267530487804 0.2455379827235772
0 0.5029773246951219 0.25585937499999994 0.44819455030487804 0.9362773119918698 0.4839224466463415 0.9402470782520324 0.5387052210365854 0.24791984247967477
0 0.5422780106707317 0.2733263465447154 0.4898770960365854 0.9331014989837397 0.5416825457317073 0.9354833587398373 0.5964653201219512 0.275708206300813
0 0.5958698551829268 0.30587842987804875 0.5494235899390243 0.9402470782520324 0.5803877667682926 0.9394531249999999 0.6268340320121951 0.3027026168699187
0 0.6310022865853658 0.26856262703252026 0.5899152057926829 0.9323075457317072 0.6304068216463414 0.9346894054878048 0.6673256478658536 0.26062309451219506
0 0.667921112804878 0.2915872713414634 0.6292158917682926 0.9323075457317072 0.6488662347560975 0.9291317327235772 0.684594131097561 0.2907933180894308
0 0.6917397103658536 0.25188960873983735 0.6530344893292682 0.9299256859756097 0.7179401676829268 0.9410410315040649 0.7590272484756097 0.24633193597560973
0 0.7685546874999999 0.24395007621951215 0.724490282012195 0.9331014989837397 0.7870141006097561 0.9386591717479674 0.8245283917682926 0.24791984247967477
0 0.8429878048780487 0.2630049542682927 0.7905868902439024 0.9323075457317072 0.8334603658536585 0.9394531249999999 0.8918159298780487 0.26618076727642276
0 0.898366044207317 0.295557037601626 0.8400104801829268 0.9203982469512194 0.9031297637195121 0.9402470782520324 0.9632717225609756 0.2987328506097561
