0 0.010527820121951248 0.08198361280487802 0.054548427799634286 0.9996744791666666 0.10699314024390245 0.9942358993902438 0.06471512957317076 0.07880779979674794
0 0.0688833841463415 0.20504636686991864 0.10397549389597333 0.9996744791666666 0.14927115091463417 0.9950298526422764 0.1171160442073171 0.2026645071138211
0 0.10877953506097564 0.001000381097560969 0.15046208079268297 0.9989996189024389 0.18976276676829268 0.9982056656504064 0.14341750372023815 1.4802973661668753e-16
0 0.1593940548780488 0.1240631351626016 0.1957174161585366 0.9989996189024389 0.2927782012195122 0.9910600863821136 0.2636004192073171 0.1121538363821138
0 0.2755097179878049 0.11453569613821137 0.2999237804878049 0.9918540396341462 0.34458365091463417 0.9870903201219511 0.31957412347560976 0.11691755589430892
0 0.3374380716463415 0.14153010670731705 0.34756097560975613 0.9982056656504064 0.3910299161585366 0.9950298526422764 0.37554782774390244 0.14391196646341461
0 0.3832888719512195 0.012909679878048773 0.39279222475335707 0.9996744791666665 0.4279487423780488 0.9982056656504064 0.41246665396341464 0.013703633130081293
0 0.41723037347560976 0.09230500508130081 0.42913967225609756 0.9950298526422764 0.47022675304878053 0.9910600863821136 0.4678448932926829 0.09309895833333333
0 0.47201314786585363 0.10659616361788617 0.47558593750000006 0.9902661331300813 0.532155106707317 0.9831205538617885 0.5279868521341463 0.10897802337398373
0 0.5333460365853658 0.2113979928861788 0.5410870807926829 0.9894721798780487 0.594678925304878 0.9831205538617885 0.5917016006097561 0.21298589939024384
0 0.5922970655487805 0.1351784806910569 0.5988471798780487 0.9751810213414633 0.643507050304878 0.9735931148373983 0.6381478658536585 0.13359057418699186
0 0.654225419207317 0.05419524898373982 0.6554163490853658 0.9989996189024389 0.7715320121951219 0.9982056656504064 0.7846322408536585 0.0534012957317073
0 0.7834413109756097 0.10103849085365853 0.7745093368902438 0.9759749745934959 0.8185737423780487 0.9743870680894308 0.8370331554878048 0.10897802337398373
0 0.8340558307926829 0.23124682418699183 0.8215510670731707 0.9569200965447154 0.857278963414634 0.9577140497967479 0.870974657012195 0.23283473069105687
0 0.8977705792682926 0.24791984247967477 0.8864567454268292 0.9735931148373983 0.9346894054878048 0.9727991615853657 0.9424304496951219 0.2495077489837398
