0 0.01886432926829272 0.21536775914634143 0.1587985899390244 0.8894340701219511 0.1915491615853659 0.8870522103658535 0.05340129573170735 0.20901613313008127
0 0.05578315548780491 0.21219194613821135 0.1951219512195122 0.8814945376016259 0.2284679878048781 0.8846703506097561 0.08912919207317076 0.21298589939024384
0 0.09984756097560978 0.21695566565040647 0.23084984756097565 0.8775247713414633 0.2576457698170732 0.8751429115853657 0.1337890625 0.20901613313008127
0 0.15105754573170732 0.21536775914634143 0.26300495426829273 0.8695852388211381 0.3094512195121951 0.8592638465447154 0.21179496951219517 0.2113979928861788
0 0.2195360137195122 0.20901613313008127 0.3130240091463415 0.8552940802845527 0.3547065548780488 0.8497364075203251 0.2653868140243903 0.2026645071138211
0 0.2528820503048781 0.10739011686991869 0.3582793445121951 0.8664094258130081 0.39400724085365857 0.867997332317073 0.29873285060975613 0.10183244410569105
0 0.30349657012195125 0.10897802337398373 0.3951981707317073 0.8727610518292682 0.4339033917682927 0.8751429115853657 0.35232469512195125 0.09865663109756097
0 0.36423399390243905 0.09230500508130081 0.44283536585365857 0.8783187245934959 0.47796779725609756 0.864821519308943 0.41723037347560976 0.07642594004065038
0 0.4231850228658537 0.08912919207317073 0.4857088414634147 0.8743489583333331 0.5238185975609756 0.8735550050813008 0.486304306402439 0.08039570630081298
0 0.4904725609756098 0.2034584603658536 0.5279868521341463 0.8672033790650406 0.5512099847560975 0.8672033790650406 0.5202458079268292 0.2026645071138211
0 0.5220322027439024 0.20425241361788615 0.5524009146341463 0.864821519308943 0.5774104420731707 0.8672033790650406 0.556569169207317 0.20425241361788615
0 0.5637147484756098 0.2209254319105691 0.5815786966463414 0.867997332317073 0.6315977515243902 0.8759368648373983 0.6280249618902438 0.21457380589430888
0 0.6333841463414633 0.12565104166666666 0.6333841463414633 0.8767308180894308 0.6744712271341463 0.8822884908536585 0.6839986661585366 0.12326918191056908
0 0.6839986661585366 0.1899612550813008 0.6762576219512194 0.8775247713414633 0.7042444740853658 0.8846703506097561 0.7280630716463414 0.18360962906504064
0 0.7393769054878048 0.08198361280487802 0.7101991234756097 0.8965796493902438 0.7620045731707317 0.9076949949186991 0.8030916539634145 0.07245617378048778
0 0.8191692073170731 0.120093368902439 0.7679592225609756 0.9092829014227641 0.8078553734756097 0.9156345274390243 0.8781202362804877 0.12168127540650404
0 0.8846703506097561 0.1240631351626016 0.8138100228658536 0.9076949949186991 0.8578744283536585 0.9132526676829267 0.9406440548780487 0.1240631351626016
