0 0.008145960365853688 0.29317517784552843 0.07126524390243906 0.9537442835365852 0.09687023628048784 0.9529503302845527 0.04923304115853662 0.295557037601626
0 0.05161490091463418 0.22013147865853655 0.11294778963414638 0.9450107977642276 0.15760766006097565 0.9386591717479674 0.09984756097560978 0.22251333841463414
0 0.13676638719512196 0.2868235518292683 0.17725800304878053 0.9037252286585366 0.21715415396341464 0.9013433689024389 0.18202172256097565 0.28444169207317066
0 0.1832126524390244 0.2836477388211382 0.2201314786585366 0.9100768546747967 0.2701505335365854 0.9076949949186991 0.23918635670731708 0.2804719258130081
0 0.2397818216463415 0.26935658028455284 0.27134146341463417 0.9124587144308943 0.32314691310975613 0.9124587144308943 0.29932831554878053 0.2709444867886179
0 0.2999237804878049 0.257447281504065 0.32791063262195125 0.9307196392276422 0.3826934070121951 0.9211922002032519 0.36482945884146345 0.25585937499999994
0 0.36423399390243905 0.21298589939024384 0.3826934070121951 0.9315135924796748 0.4267578125 0.9299256859756097 0.4100847942073171 0.20822217987804872
0 0.416039443597561 0.26856262703252026 0.42913967225609756 0.9346894054878048 0.47201314786585363 0.9331014989837397 0.4612947789634147 0.27173844004065034
0 0.4672494283536585 0.26856262703252026 0.47439500762195125 0.9307196392276422 0.5297732469512194 0.9267498729674796 0.5285823170731707 0.27173844004065034
0 0.5309641768292682 0.14232405995934957 0.5339415015243902 0.9434228912601625 0.5791968368902438 0.937865218495935 0.5911061356707317 0.1431180132113821
0 0.5857469512195121 0.25188960873983735 0.5797923018292682 0.94262893800813 0.6167111280487805 0.94262893800813 0.6256431021341463 0.24712588922764223
0 0.6262385670731707 0.219337525406504 0.6155201981707317 0.9140466209349593 0.6738757621951219 0.9100768546747967 0.7036490091463414 0.2185435721544715
0 0.7048399390243902 0.22251333841463414 0.6816168064024389 0.927543826219512 0.7459270198170731 0.927543826219512 0.7893959603658536 0.22251333841463414
0 0.7959460746951219 0.21616171239837392 0.7512862042682926 0.9354833587398373 0.8257193216463414 0.9402470782520324 0.8870522103658536 0.21695566565040647
