0 0.04268292682926833 0.10421430386178861 0.04327839176829272 0.9759749745934959 0.14986661585365857 0.9696233485772358 0.14033917682926833 0.10580221036585365
0 0.14569836128048785 0.18122776930894305 0.1593940548780488 0.9823266006097561 0.2076267149390244 0.9759749745934959 0.19988567073170738 0.17646404979674793
0 0.20107660060975613 0.16455475101626013 0.21000857469512196 0.9831205538617885 0.26002762957317077 0.985502413617886 0.25466844512195125 0.16534870426829268
0 0.2612185594512195 0.17328823678861785 0.2701505335365854 0.9823266006097561 0.36006573932926833 0.9743870680894308 0.35172923018292684 0.17249428353658533
0 0.36899771341463417 0.17805195630081297 0.3713795731707317 0.9664475355691056 0.4595083841463415 0.960889862804878 0.45712652439024387 0.18122776930894305
0 0.47082221798780494 0.17408219004065037 0.46963128810975613 0.9593019563008128 0.5631192835365854 0.9553321900406503 0.5613328887195121 0.17408219004065037
0 0.5797923018292682 0.09865663109756097 0.5786013719512194 0.9537442835365852 0.6310022865853658 0.9450107977642276 0.6327886814024389 0.09945058434959349
0 0.6429115853658536 0.10103849085365853 0.6470798399390243 0.9386591717479674 0.7048399390243902 0.9315135924796748 0.6953124999999999 0.10024453760162601
0 0.7060308689024389 0.17328823678861785 0.7137719131097561 0.9315135924796748 0.7566453887195121 0.9331014989837397 0.7471179496951219 0.1717003302845528
0 0.751881669207317 0.10103849085365853 0.765577362804878 0.9315135924796748 0.8114281631097561 0.927543826219512 0.797732469512195 0.10580221036585365
0 0.8090463033536585 0.11850546239837396 0.8179782774390243 0.9188103404471545 0.855492568597561 0.9108708079268292 0.849537919207317 0.12168127540650404
