0 0.01826886432926833 0.12882685467479674 0.1171160442073171 0.8410029217479674 0.1599895198170732 0.8497364075203251 0.08317454268292686 0.12168127540650404
0 0.1046112804878049 0.197900787601626 0.17844893292682928 0.8973736026422764 0.2082221798780488 0.8949917428861788 0.1349799923780488 0.1955189278455284
0 0.13736185213414637 0.197900787601626 0.20941310975609762 0.8894340701219511 0.24335461128048785 0.8886401168699186 0.17428067835365857 0.19710683434959345
0 0.17844893292682928 0.19948869410569103 0.25050019054878053 0.8886401168699186 0.27967797256097565 0.8854643038617885 0.21060403963414637 0.19710683434959345
0 0.2195360137195122 0.20901613313008127 0.28384622713414637 0.8807005843495933 0.33326981707317077 0.8751429115853657 0.2731278582317073 0.20187055386178857
0 0.2772961128048781 0.20425241361788615 0.3362471417682927 0.8751429115853657 0.3797160823170732 0.867997332317073 0.32314691310975613 0.19948869410569103
0 0.3130240091463415 0.1081840701219512 0.38090701219512196 0.8870522103658535 0.41663490853658536 0.8854643038617885 0.3553020198170732 0.10183244410569105
0 0.3594702743902439 0.10342035060975609 0.4202076981707317 0.8918159298780487 0.4565310594512196 0.8862582571138211 0.4035346798780488 0.09865663109756097
0 0.41306211890243905 0.08912919207317073 0.464867568597561 0.8862582571138211 0.507741044207317 0.8846703506097561 0.4583174542682927 0.0772198932926829
0 0.4672494283536585 0.08674733231707316 0.5083365091463414 0.887846163617886 0.5535918445121951 0.8838763973577235 0.5107183689024389 0.07880779979674794
0 0.515482088414634 0.19234311483739833 0.5541873094512194 0.8870522103658535 0.5797923018292682 0.8854643038617885 0.5464462652439024 0.18519753556910568
0 0.548828125 0.1899612550813008 0.5821741615853658 0.8830824441056909 0.6083746189024389 0.8838763973577235 0.5780059070121951 0.1875793953252032
0 0.5803877667682926 0.20425241361788615 0.6125428734756097 0.8862582571138211 0.6667301829268292 0.8902280233739837 0.6399342606707317 0.19234311483739833
0 0.6411251905487805 0.11374174288617885 0.6691120426829268 0.8902280233739837 0.7101991234756097 0.8957856961382112 0.6881669207317073 0.10183244410569105
0 0.6929306402439024 0.16455475101626013 0.7137719131097561 0.8949917428861788 0.7435451600609756 0.8941977896341462 0.7304449314024389 0.15740917174796745
0 0.735208650914634 0.06689850101626015 0.7512862042682926 0.9037252286585366 0.8078553734756097 0.9124587144308943 0.7935642149390243 0.0534012957317073
0 0.8042825838414633 0.08674733231707316 0.8072599085365852 0.9196042936991868 0.8566834984756097 0.9235740599593495 0.8602562881097561 0.08198361280487802
0 0.8668064024390243 0.08754128556910568 0.8620426829268292 0.9124587144308943 0.9067025533536585 0.9124587144308943 0.9174209222560975 0.08515942581300812
