0 0.0021913109756097893 0.14391196646341461 0.002786775914634179 0.3844798018292683 0.04311444756528626 0.9996744791666666 0.1046112804878049 0.9942358993902438 0.06173780487804881 0.1431180132113821
0 0.08793826219512198 0.1875793953252032 0.1177115091463415 0.9664475355691056 0.1599895198170732 0.9664475355691056 0.12604801829268297 0.18678544207317072
0 0.1355754573170732 0.1907552083333333 0.16177591463414637 0.9505684705284553 0.2165586890243903 0.9505684705284553 0.19988567073170738 0.1899612550813008
0 0.20286299542682928 0.18916730182926825 0.21298589939024393 0.9648596290650405 0.24811833079268297 0.965653582317073 0.23799542682926833 0.1875793953252032
0 0.2409727515243903 0.1312087144308943 0.24990472560975613 0.9799447408536585 0.29218273628048785 0.9799447408536585 0.2886099466463415 0.13279662093495934
0 0.29635099085365857 0.14946963922764225 0.296946455792683 0.9831205538617885 0.3350562118902439 0.9783568343495933 0.34756097560975613 0.14788173272357721
0 0.35232469512195125 0.19154916158536583 0.3422017911585366 0.9783568343495933 0.391625381097561 0.9751810213414633 0.4071074695121951 0.18916730182926825
0 0.41187118902439024 0.15026359247967477 0.394602705792683 0.9672414888211381 0.4398580411585366 0.9688293953252032 0.461890243902439 0.14629382621951217
0 0.4577219893292683 0.18599148882113817 0.4446217606707317 0.9672414888211381 0.4666539634146341 0.9632717225609756 0.4934498856707317 0.18519753556910568
0 0.4922589557926829 0.25903518800813 0.47141768292682923 0.9934419461382112 0.5005954649390243 0.9894721798780487 0.5256049923780487 0.25903518800813
0 0.5297732469512194 0.14470591971544713 0.5047637195121951 0.9672414888211381 0.5583555640243902 0.9712112550813007 0.5875333460365854 0.14232405995934957
0 0.5851514862804877 0.1899612550813008 0.5649056783536585 0.9561261432926829 0.6161156631097561 0.9489805640243901 0.6512480945121951 0.18360962906504064
0 0.6530344893292682 0.23362868394308942 0.6208793826219512 0.9648596290650405 0.6530344893292682 0.9640656758130081 0.684594131097561 0.23283473069105687
0 0.6828077362804877 0.19472497459349591 0.660180068597561 0.9569200965447154 0.7113900533536585 0.9497745172764227 0.7542635289634145 0.19710683434959345
0 0.7679592225609756 0.1518514989837398 0.7197265624999999 0.9489805640243901 0.7429496951219512 0.9481866107723577 0.7929687499999999 0.14549987296747965
0 0.7965415396341463 0.1518514989837398 0.7447360899390243 0.9331014989837397 0.7739138719512194 0.9323075457317072 0.8281011814024389 0.15343940548780485
0 0.8602562881097561 0.1550273119918699 0.7989233993902438 0.9688293953252032 0.8888386051829268 0.977562881097561 0.9698218368902439 0.15423335873983737
