0 0.03613281250000003 0.06196218297101453 0.021304530707749517 0.9996744791666666 0.08602241847826089 0.9996744791666666 0.09876019021739132 0.07045403079710148
0 0.09982167119565219 0.02233355978260874 0.08820342539605784 0.9996744791666666 0.16351052989130435 0.9988960597826088 0.16775645380434787 0.02233355978260874
0 0.191109035326087 0.03507133152173917 0.16351052989130435 0.9960654438405797 0.20703125000000003 0.9974807518115942 0.2271993885869565 0.040732563405797145
0 0.2325067934782609 0.011011096014492796 0.2049082880434783 0.9960654438405797 0.2685971467391305 0.9988960597826088 0.2898267663043479 0.016672327898550766
0 0.29407269021739124 0.002519248188405839 0.2687570426044031 0.9996744791666666 0.3386548913043478 0.9988960597826088 0.3481114809306208 0.0
0 0.3588230298913043 0.10442142210144932 0.3367223470562304 0.9996744791666666 0.3874830163043478 0.9946501358695653 0.3991593070652174 0.1086673460144928
0 0.40022078804347827 0.09592957427536236 0.4724014945652174 0.09451426630434785 0.4628481657608695 0.9649286684782609 0.3896059782608695 0.9762511322463768
0 0.4851392663043478 0.036486639492753666 0.5753651494565217 0.04356317934782613 0.5541355298913043 0.9691745923913043 0.46178668478260865 0.9649286684782609
0 0.5721807065217391 0.07611526268115947 0.6358695652173912 0.08319180253623193 0.6231317934782609 0.9493602807971014 0.5594429347826086 0.9550215126811593
0 0.6358695652173912 0.12423573369565222 0.7091117527173912 0.13131227355072467 0.7038043478260869 0.9408684329710145 0.6231317934782609 0.939453125
0 0.7165421195652174 0.15395720108695657 0.7176036005434783 0.9309612771739131 0.8025220788043479 0.9210541213768115 0.7897843070652174 0.15678781702898553
0 0.7950917119565217 0.18933990036231885 0.8014605978260869 0.9168081974637681 0.841796875 0.9139775815217391 0.8248131793478259 0.19500113224637683
0 0.8237516983695652 0.16103374094202902 0.8704568614130435 0.15961843297101455 0.8863790760869565 0.9111469655797101 0.840735394021739 0.919638813405797
0 0.8715183423913042 0.1482959692028986 0.8885020380434783 0.9125622735507246 0.9405146059782608 0.9040704257246377 0.9245923913043479 0.15112658514492758
