0 0.06160835597826089 0.006765172101449317 0.028702445652173947 0.9790817481884058 0.07116168478260873 0.9734205163043478 0.09557574728260873 0.009595788043478303
0 0.09876019021739132 0.0039345561594203325 0.07116168478260873 0.9635133605072465 0.1348505434782609 0.9620980525362319 0.16031784486892586 -1.4802973661668753e-16
0 0.16032608695652176 0.0011039402173913457 0.13591202445652176 0.9564368206521738 0.191109035326087 0.9507755887681159 0.21340013586956522 0.005349864130434823
0 0.23462975543478262 0.07611526268115947 0.21233865489130435 0.9125622735507246 0.25692085597826086 0.9111469655797101 0.27815047554347827 0.07611526268115947
0 0.27602751358695654 0.06620810688405801 0.353515625 0.07045403079710148 0.33016304347826086 0.8984091938405797 0.2590438179347826 0.8998245018115942
0 0.353515625 0.015257019927536274 0.4458644701086957 0.02233355978260874 0.41932744565217395 0.8984091938405797 0.33016304347826086 0.9026551177536232
0 0.44374150815217395 0.05630095108695656 0.5063688858695652 0.060546875000000035 0.47983186141304346 0.8885020380434782 0.42463485054347827 0.8856714221014492
0 0.5021229619565217 0.09876019021739135 0.5764266304347826 0.1086673460144928 0.5605044157608695 0.9932348278985508 0.47983186141304346 0.9960654438405797
0 0.5817340353260869 0.13131227355072467 0.6549762228260869 0.13414288949275366 0.653914741847826 0.9932348278985508 0.5700577445652174 0.9904042119565216
0 0.6570991847826086 0.163864356884058 0.6889436141304347 0.17094089673913046 0.6931895380434783 0.9861582880434782 0.6581606657608695 0.9904042119565216
0 0.6878821331521738 0.13838881340579715 0.7303413722826086 0.14405004528985513 0.735648777173913 0.9804970561594203 0.6921280570652174 0.9875735960144927
0 0.7335258152173912 0.13272758152173916 0.7802309782608695 0.13131227355072467 0.7865998641304347 0.9790817481884058 0.7388332201086956 0.9776664402173912
0 0.8014605978260869 0.0011039402173913457 0.8141983695652173 0.9875735960144927 0.8640879755434783 0.9861582880434782 0.8481657608695652 0.0039345561594203325
0 0.8693953804347825 0.002519248188405839 0.8831946331521738 0.9918195199275361 0.9426375679347825 0.9889889039855072 0.9224694293478259 0.002519248188405839
