0 0.011718750000000028 0.21056951992753625 0.06797724184782614 0.2077389039855073 0.07753057065217392 0.8672724184782609 0.027640964673913082 0.8658571105072465
0 0.06266983695652176 0.1256510416666667 0.11468240489130435 0.11998980978260874 0.12742017663043478 0.8686877264492754 0.07646908967391305 0.8715183423913043
0 0.11362092391304349 0.0478091032608696 0.13909646739130435 0.0492244112318841 0.15183423913043478 0.8743489583333334 0.12848165760869565 0.8715183423913043
0 0.14121942934782614 0.10442142210144932 0.1836786684782609 0.1058367300724638 0.18898607336956522 0.8771795742753623 0.15183423913043478 0.8828408061594203
0 0.18261718750000003 0.13272758152173916 0.2293223505434783 0.13414288949275366 0.23781419836956522 0.8785948822463768 0.19004755434782608 0.8828408061594203
0 0.23144531250000003 0.13414288949275366 0.25373641304347827 0.13131227355072467 0.2654127038043479 0.8785948822463768 0.23887567934782608 0.8842561141304347
0 0.25479789402173914 0.12423573369565222 0.28451936141304346 0.1284816576086957 0.28451936141304346 0.8715183423913043 0.2643512228260869 0.8757642663043478
0 0.28451936141304346 0.13414288949275366 0.3174252717391304 0.13697350543478265 0.32485563858695654 0.8672724184782609 0.2866423233695652 0.8701030344202899
0 0.31848675271739124 0.11291326992753627 0.35139266304347827 0.11291326992753627 0.3567000679347826 0.8672724184782609 0.3227326766304348 0.8686877264492754
0 0.35457710597826086 0.2020776721014493 0.42569633152173914 0.2006623641304348 0.42569633152173914 0.8729336503623188 0.3598845108695652 0.8785948822463768
0 0.42251188858695654 0.11291326992753627 0.5031844429347826 0.11008265398550728 0.5031844429347826 0.8658571105072465 0.42569633152173914 0.8701030344202899
0 0.5042459239130435 0.11008265398550728 0.589164402173913 0.1086673460144928 0.5785495923913043 0.8587805706521738 0.5053074048913043 0.861611186594203
0 0.5870414402173912 0.18226336050724637 0.6231317934782609 0.18226336050724637 0.6199473505434783 0.8658571105072465 0.5764266304347826 0.8672724184782609
0 0.6241932744565217 0.10300611413043483 0.653914741847826 0.10300611413043483 0.6496688179347826 0.8587805706521738 0.6231317934782609 0.8630264945652174
0 0.6517917798913043 0.15537250905797104 0.6730213994565217 0.15254189311594207 0.6687754755434783 0.8502887228260869 0.6496688179347826 0.8531193387681159
0 0.6772673233695652 0.14405004528985513 0.702742866847826 0.14405004528985513 0.6974354619565217 0.8573652626811593 0.6687754755434783 0.8559499547101449
0 0.6995584239130435 0.08460711050724641 0.7812924592391304 0.08460711050724641 0.7696161684782609 0.8545346467391304 0.6963739809782609 0.8573652626811593
0 0.7823539402173912 0.08177649456521742 0.8555961277173914 0.0874377264492754 0.8396739130434783 0.8587805706521738 0.7696161684782609 0.8573652626811593
0 0.8566576086956521 0.12423573369565222 0.8863790760869565 0.12706634963768118 0.8704568614130435 0.8587805706521738 0.8428583559782608 0.8587805706521738
0 0.8842561141304348 0.13697350543478265 0.9161005434782608 0.13697350543478265 0.9044242527173914 0.8587805706521738 0.8725798233695652 0.8587805706521738
0 0.9161005434782608 0.1426347373188406 0.9436990489130435 0.14121942934782614 0.9288383152173914 0.8517040307971014 0.9023012907608696 0.8559499547101449
0 0.9447605298913042 0.14971127717391308 0.9712975543478259 0.15395720108695657 0.9532523777173914 0.847458106884058 0.9341457201086956 0.8488734148550724
0 0.9723590353260869 0.14405004528985513 0.9967730978260869 0.1482959692028986 0.9808508831521738 0.8460427989130435 0.9543138586956521 0.8446274909420289
