0 0.0623332698170732 0.315405868902439 0.11235232469512198 0.8060689786585366 0.15224847560975613 0.8036871189024389 0.1105659298780488 0.30667238313008127
0 0.11235232469512198 0.31381796239837395 0.1552258003048781 0.7997173526422764 0.19809927591463417 0.8076568851626016 0.15641673018292684 0.3114361026422764
0 0.15165301067073172 0.22013147865853655 0.1969083460365854 0.8036871189024389 0.2326362423780488 0.8076568851626016 0.18202172256097565 0.21298589939024384
0 0.18678544207317077 0.19393102134146337 0.2320407774390244 0.8116266514227641 0.272532393292683 0.8092447916666665 0.22965891768292684 0.1907552083333333
0 0.23144531250000006 0.19154916158536583 0.27967797256097565 0.8259178099593495 0.3249333079268293 0.8267117632113821 0.2892054115853659 0.18440358231707313
0 0.2945645960365854 0.2939691310975609 0.3261242378048781 0.8322694359756097 0.3707841082317073 0.8314754827235772 0.3380335365853659 0.2915872713414634
0 0.3487519054878049 0.333666793699187 0.370188643292683 0.840208968495935 0.40532107469512196 0.8433847815040649 0.38090701219512196 0.3281091209349593
0 0.3731659679878049 0.19472497459349591 0.40651200457317077 0.8545001270325202 0.45295826981707316 0.8560880335365852 0.4327124618902439 0.18519753556910568
0 0.44819455030487804 0.2368044969512195 0.4803496570121952 0.8394150152439024 0.5208412728658536 0.8394150152439024 0.5017863948170731 0.23124682418699183
0 0.5029773246951219 0.2455379827235772 0.5208412728658536 0.84814850101626 0.5422780106707317 0.8465605945121951 0.5250095274390243 0.2368044969512195
0 0.5279868521341463 0.24077426321138207 0.5446598704268292 0.84497268800813 0.5607374237804877 0.8505303607723577 0.5476371951219512 0.23839240345528454
0 0.5529963795731707 0.23204077743902438 0.5672875381097561 0.8672033790650406 0.6030154344512194 0.8687912855691056 0.5964653201219512 0.22807101117886175
0 0.594678925304878 0.11374174288617885 0.6048018292682926 0.8711731453252032 0.6774485518292682 0.8743489583333331 0.6976943597560975 0.10024453760162601
0 0.7209174923780487 0.2034584603658536 0.7113900533536585 0.8656154725609756 0.7512862042682926 0.8711731453252032 0.7709365472560975 0.1907552083333333
0 0.7751048018292682 0.19154916158536583 0.7548589939024389 0.8735550050813008 0.8019007240853658 0.8687912855691056 0.8227419969512194 0.19154916158536583
0 0.8292921112804877 0.22727705792682926 0.8030916539634145 0.8719670985772358 0.8286966463414633 0.8791126778455284 0.863233612804878 0.22568915142276422
0 0.8608517530487804 0.22489519817073167 0.831078506097561 0.8616457063008128 0.8471560594512194 0.863233612804878 0.8822884908536585 0.22568915142276422
0 0.8828839557926829 0.2264831046747967 0.8477515243902438 0.8552940802845527 0.8787157012195121 0.8624396595528454 0.9132526676829268 0.22330729166666663
0 0.9209937118902438 0.20028264735772353 0.8822884908536585 0.8759368648373983 0.9251619664634145 0.8791126778455284 0.9727991615853658 0.19948869410569103
