0 0.018087635869565244 0.07045403079710148 0.07859205163043478 0.07045403079710148 0.07328464673913046 0.824813179347826 0.011718750000000028 0.827643795289855
0 0.07753057065217392 0.0039345561594203325 0.0722231657608696 0.8134907155797101 0.12635869565217392 0.8120754076086957 0.1358258959999437 0.0
0 0.12954313858695657 0.8191519474637681 0.16457201086956522 0.8205672554347826 0.1656330892171102 0.0 0.13378906250000003 0.0
0 0.16563349184782608 0.002519248188405839 0.16351052989130435 0.8177366394927535 0.2049082880434783 0.8191519474637681 0.21124193712180636 0.0
0 0.21340013586956522 0.005349864130434823 0.20703125000000003 0.8233978713768115 0.26010529891304346 0.8191519474637681 0.26749455617109297 0.0
0 0.2675356657608696 0.0011039402173913457 0.2622282608695652 0.8191519474637681 0.29725713315217395 0.8177366394927535 0.2919497282608695 0.0011039402173913457
0 0.2919497282608695 0.0011039402173913457 0.29407269021739124 0.821982563405797 0.3227326766304348 0.8177366394927535 0.32485563858695654 0.0011039402173913457
0 0.32697860054347827 0.0011039402173913457 0.3227326766304348 0.8191519474637681 0.36094599184782605 0.8134907155797101 0.36200155938534295 0.0
0 0.3630689538043478 0.005349864130434823 0.3620074728260869 0.8106600996376812 0.40446671195652173 0.8064141757246377 0.40022078804347827 0.002519248188405839
0 0.40128226902173914 0.05913156702898555 0.4755859375 0.05913156702898555 0.4787703804347826 0.8106600996376812 0.40022078804347827 0.8177366394927535
0 0.47664741847826086 0.0039345561594203325 0.48301630434782605 0.8035835597826088 0.5679347826086957 0.8021682518115942 0.5605044157608695 0.002519248188405839
0 0.5615658967391304 0.0039345561594203325 0.5689962635869565 0.8007529438405797 0.6560377038043478 0.7950917119565218 0.6496688179347826 0.002519248188405839
0 0.6496688179347826 0.05063971920289859 0.6921280570652174 0.05205502717391308 0.7038043478260869 0.7979223278985508 0.6613451086956521 0.7979223278985508
0 0.6910665760869565 0.0011039402173913457 0.7048658288043478 0.8007529438405797 0.7367102581521738 0.8021682518115942 0.7176036005434783 0.005349864130434823
0 0.7186650815217391 0.026579483695652217 0.7409561820652174 0.026579483695652217 0.7558169157608695 0.7851845561594203 0.7367102581521738 0.7865998641304347
0 0.7452021059782609 0.01950294384057975 0.7579398777173912 0.7908457880434782 0.7876613451086956 0.7936764039855072 0.7749235733695652 0.013841711956521778
0 0.7706776494565217 0.0039345561594203325 0.7897843070652174 0.7936764039855072 0.8672724184782608 0.7880151721014492 0.8513502038043479 0.006765172101449317
0 0.8513502038043479 0.006765172101449317 0.9352072010869565 0.0039345561594203325 0.9490064538043479 0.7837692481884058 0.8672724184782608 0.7865998641304347
0 0.938391644021739 0.005349864130434823 0.9532523777173914 0.7781080163043478 0.9850968070652173 0.7809386322463768 0.9638671875 0.005349864130434823
