0 0.003226902173913082 0.2827502264492754 0.047809103260869595 0.28416553442028986 0.10937500000000003 0.9776664402173912 0.06691576086956522 0.9762511322463768
0 0.02976392663043481 0.09734488224637684 0.10937500000000003 0.0874377264492754 0.1730638586956522 0.9861582880434782 0.11468240489130435 0.9819123641304347
0 0.14015794836956522 0.15820312500000003 0.2112771739130435 0.9606827445652174 0.2685971467391305 0.9635133605072465 0.2112771739130435 0.15820312500000003
0 0.21021569293478262 0.16103374094202902 0.24206012228260873 0.15820312500000003 0.2951341711956521 0.9635133605072465 0.26647418478260876 0.9606827445652174
0 0.2431216032608696 0.15820312500000003 0.2675356657608696 0.16244904891304351 0.3142408288043478 0.9635133605072465 0.2919497282608695 0.9635133605072465
0 0.26647418478260876 0.14121942934782614 0.32485563858695654 0.13697350543478265 0.3694378396739131 0.9875735960144927 0.3174252717391304 0.9904042119565216
0 0.31848675271739124 0.002519248188405839 0.3694378396739131 0.9974807518115942 0.46709408967391297 0.9974807518115942 0.45331868269067926 0.0
0 0.46178668478260865 0.32520946557971014 0.48620074728260865 0.3266247735507246 0.5010614809782609 0.8927479619565216 0.47664741847826086 0.8984091938405797
0 0.49150815217391297 0.10159080615942033 0.5541355298913043 0.09876019021739135 0.5605044157608695 0.9720052083333334 0.5053074048913043 0.9720052083333334
0 0.5551970108695652 0.09451426630434785 0.5615658967391304 0.9748358242753623 0.6210088315217391 0.9748358242753623 0.6178243885869565 0.09876019021739135
0 0.6263162364130435 0.13980412137681164 0.6220703125 0.9734205163043478 0.6602836277173912 0.9748358242753623 0.6687754755434783 0.14121942934782614
0 0.6708984375 0.1482959692028986 0.6942510190217391 0.1482959692028986 0.6846976902173912 0.945114356884058 0.6581606657608695 0.9422837409420289
0 0.7038043478260869 0.1454653532608696 0.6857591711956521 0.9479449728260869 0.7207880434782609 0.9507755887681159 0.7324643342391304 0.1426347373188406
0 0.7452021059782609 0.10442142210144932 0.7207880434782609 0.9635133605072465 0.7728006114130435 0.9705899003623188 0.7982761548913042 0.10725203804347831
