0 0.006411345108695676 0.0478091032608696 0.09557574728260873 0.05347033514492758 0.08389945652173916 0.9875735960144927 0.0 0.9945652173913043
0 0.10088315217391305 0.03507133152173917 0.14121942934782614 0.03507133152173917 0.11998980978260873 0.9946501358695653 0.0828379755434783 0.9974807518115942
0 0.142280910326087 0.05488564311594207 0.19853940217391305 0.06337749094202903 0.17624830163043478 0.9889889039855072 0.11892832880434787 0.9932348278985508
0 0.20066236413043478 0.06620810688405801 0.17730978260869565 0.9904042119565216 0.23356827445652176 0.9918195199275361 0.24842900815217392 0.06620810688405801
0 0.24949048913043478 0.07894587862318846 0.28770380434782605 0.08319180253623193 0.2707201086956522 0.9918195199275361 0.2325067934782609 0.9946501358695653
0 0.2898267663043479 0.07753057065217395 0.3237941576086957 0.07753057065217395 0.3110846703550502 0.9996744791666666 0.26965862771739135 0.9996744791666666
0 0.3291015625 0.09734488224637684 0.31211786684782605 0.9734205163043478 0.3683763586956521 0.9734205163043478 0.38217561141304346 0.10300611413043483
0 0.38217561141304346 0.0011039402173913457 0.3726222826086957 0.9875735960144927 0.4235733695652174 0.9875735960144927 0.433110024462353 0.0
0 0.4352496603260869 0.05063971920289859 0.4214504076086957 0.9875735960144927 0.5254755434782609 0.9875735960144927 0.5307829483695652 0.05205502717391308
0 0.5371518342391304 0.09026834239130438 0.5244140625 0.9790817481884058 0.5605044157608695 0.9748358242753623 0.5700577445652174 0.09309895833333337
0 0.5721807065217391 0.08036118659420294 0.6326851222826086 0.07894587862318846 0.6210088315217391 0.9663439764492754 0.5615658967391304 0.9705899003623188
0 0.629500679347826 0.08036118659420294 0.6199473505434783 0.9649286684782609 0.6772673233695652 0.9606827445652174 0.686820652173913 0.07611526268115947
0 0.702742866847826 0.04639379528985512 0.6825747282608695 0.9635133605072465 0.7483865489130435 0.9663439764492754 0.760062839673913 0.0478091032608696
0 0.7855383831521738 0.060546875000000035 0.7494480298913043 0.9677592844202899 0.7834154211956521 0.9592674365942028 0.8152598505434783 0.06620810688405801
0 0.8152598505434783 0.040732563405797145 0.7865998641304347 0.9536062047101449 0.8343665081521738 0.9550215126811593 0.8640879755434783 0.0492244112318841
0 0.8662109375 0.023748867753623226 0.8354279891304348 0.9536062047101449 0.8863790760869565 0.9507755887681159 0.9129161005434783 0.033656023550724674
0 0.9118546195652173 0.11574388586956526 0.9766049592391304 0.11857450181159424 0.9585597826086956 0.9040704257246377 0.8927479619565217 0.9040704257246377
