0 0.013841711956521757 0.09309895833333337 0.09982167119565219 0.09734488224637684 0.08814538043478262 0.9550215126811593 0.01490319293478265 0.9578521286231884
0 0.10619055706521743 0.1780174365942029 0.09451426630434787 0.9507755887681159 0.15289572010869565 0.9479449728260869 0.16457201086956522 0.1780174365942029
0 0.16881793478260873 0.11574388586956526 0.23781419836956522 0.11857450181159424 0.21658457880434787 0.939453125 0.15289572010869565 0.9436990489130435
0 0.23887567934782608 0.13131227355072467 0.28451936141304346 0.13697350543478265 0.2654127038043479 0.9366225090579711 0.21764605978260873 0.9352072010869565
0 0.3078719429347826 0.07753057065217395 0.35563858695652173 0.08319180253623193 0.3344089673913043 0.9366225090579711 0.2866423233695652 0.9380378170289855
0 0.3630689538043478 0.17660212862318844 0.3991593070652174 0.1780174365942029 0.37899116847826086 0.9111469655797101 0.3386548913043478 0.9111469655797101
0 0.40022078804347827 0.22330729166666666 0.4299422554347826 0.22330729166666666 0.4140200407608695 0.9238847373188405 0.3811141304347826 0.922469429347826
0 0.4299422554347826 0.2020776721014493 0.42251188858695654 0.933791893115942 0.4458644701086957 0.9309612771739131 0.4543563179347826 0.20349298007246377
0 0.45860224184782605 0.12140511775362323 0.4596637228260869 0.9238847373188405 0.49256963315217395 0.9238847373188405 0.49256963315217395 0.11432857789855076
0 0.4968155570652174 0.07753057065217395 0.531844429347826 0.07611526268115947 0.540336277173913 0.9295459692028986 0.49787703804347827 0.9352072010869565
0 0.5350288722826086 0.19500113224637683 0.5934103260869565 0.19358582427536233 0.6019021739130435 0.925300045289855 0.5413977581521738 0.9295459692028986
0 0.5934103260869565 0.09734488224637684 0.6220703125 0.09734488224637684 0.6316236413043478 0.919638813405797 0.6019021739130435 0.922469429347826
0 0.6178243885869565 0.1454653532608696 0.6443614130434783 0.1454653532608696 0.6570991847826086 0.9097316576086957 0.6326851222826086 0.9083163496376812
0 0.6475458559782609 0.19641644021739132 0.6730213994565217 0.19500113224637683 0.6857591711956521 0.9125622735507246 0.6570991847826086 0.9153928894927535
0 0.6751443614130435 0.09026834239130438 0.711234714673913 0.09026834239130438 0.7292798913043478 0.9139775815217391 0.6857591711956521 0.9125622735507246
0 0.7122961956521738 0.0860224184782609 0.7292798913043478 0.9168081974637681 0.8067680027173914 0.9111469655797101 0.784476902173913 0.07894587862318846
0 0.7855383831521738 0.0492244112318841 0.8449813179347825 0.05063971920289859 0.8662109375 0.9111469655797101 0.8067680027173914 0.9153928894927535
0 0.8460427989130435 0.03224071557971019 0.9532523777173914 0.023748867753623226 0.9670516304347825 0.9040704257246377 0.865149456521739 0.9054857336956522
