0 0.09239130434782614 0.03507133152173917 0.0021654211956521896 0.023748867753623226 0.0011039402173913249 0.9479449728260869 0.08389945652173916 0.9422837409420289
0 0.09132982336956522 0.0874377264492754 0.1210512907608696 0.0874377264492754 0.11998980978260873 0.9436990489130435 0.08814538043478262 0.9479449728260869
0 0.12317425271739132 0.09734488224637684 0.1698794157608696 0.1086673460144928 0.1592646059782609 0.9493602807971014 0.117866847826087 0.9536062047101449
0 0.17094089673913046 0.1086673460144928 0.2112771739130435 0.11574388586956526 0.19853940217391305 0.933791893115942 0.16138756793478262 0.9366225090579711
0 0.21340013586956522 0.11715919384057975 0.24099864130434787 0.11998980978260874 0.22613790760869565 0.939453125 0.19960088315217392 0.9380378170289855
0 0.24099864130434787 0.12423573369565222 0.2739045516304348 0.1284816576086957 0.255859375 0.922469429347826 0.22401494565217392 0.922469429347826
0 0.2749660326086957 0.12706634963768118 0.3174252717391304 0.13272758152173916 0.29725713315217395 0.8998245018115942 0.26010529891304346 0.9012398097826088
0 0.32167119565217395 0.0039345561594203325 0.3567000679347826 0.012426403985507288 0.33971637228260865 0.919638813405797 0.29725713315217395 0.922469429347826
0 0.3588230298913043 0.09876019021739135 0.4416185461956521 0.10442142210144932 0.4087126358695652 0.9168081974637681 0.3375934103260869 0.9153928894927535
0 0.44055706521739124 0.1426347373188406 0.47134001358695654 0.1426347373188406 0.4363111413043478 0.9111469655797101 0.4108355978260869 0.9153928894927535
0 0.4692170516304348 0.1256510416666667 0.515922214673913 0.13131227355072467 0.4787703804347826 0.9040704257246377 0.4394955842391304 0.9040704257246377
0 0.5180451766304348 0.13131227355072467 0.5615658967391304 0.12989696557971017 0.5222911005434783 0.9026551177536232 0.4787703804347826 0.9069010416666666
0 0.5721807065217391 0.11008265398550728 0.5222911005434783 0.9069010416666666 0.5711192255434783 0.9069010416666666 0.6199473505434783 0.11432857789855076
0 0.6369310461956521 0.1284816576086957 0.662406589673913 0.13414288949275366 0.5965947690217391 0.9026551177536232 0.5732421875 0.9026551177536232
0 0.6613451086956521 0.11008265398550728 0.5965947690217391 0.9026551177536232 0.6326851222826086 0.8998245018115942 0.7006199048913043 0.11291326992753627
0 0.7038043478260869 0.09592957427536236 0.744140625 0.10159080615942033 0.6687754755434783 0.8955785778985508 0.6316236413043478 0.8998245018115942
0 0.7452021059782609 0.15961843297101455 0.6889436141304347 0.8630264945652174 0.7345872961956521 0.8644418025362319 0.7972146739130435 0.16527966485507248
0 0.8131368885869565 0.12282042572463771 0.7452021059782609 0.8743489583333334 0.7982761548913042 0.8729336503623188 0.8736413043478259 0.13272758152173916
0 0.8725798233695652 0.15537250905797104 0.7982761548913042 0.8573652626811593 0.8354279891304348 0.8587805706521738 0.9097316576086956 0.16103374094202902
0 0.9076086956521738 0.19358582427536233 0.9596212635869565 0.2006623641304348 0.889563519021739 0.8559499547101449 0.840735394021739 0.8545346467391304
0 0.9596212635869565 0.2204766757246377 0.999755859375 0.22322092159048681 0.9532523777173914 0.8545346467391304 0.8991168478260869 0.8545346467391304
