0 0.06054687500000003 0.15678781702898553 0.0 0.15552642379981887 0.018087635869565244 0.9083163496376812 0.0828379755434783 0.9097316576086957
0 0.07646908967391305 0.0478091032608696 0.1730638586956522 0.05063971920289859 0.17837126358695657 0.8885020380434782 0.09769870923913046 0.8941632699275363
0 0.17837126358695657 0.05488564311594207 0.2707201086956522 0.05771625905797106 0.2643512228260869 0.8856714221014492 0.18474014945652176 0.8842561141304347
0 0.26965862771739135 0.14971127717391308 0.3078719429347826 0.14971127717391308 0.30574898097826086 0.8856714221014492 0.2654127038043479 0.8870867300724637
0 0.3163637907608695 0.060546875000000035 0.34926970108695654 0.05630095108695656 0.3418393342391304 0.8856714221014492 0.3099949048913043 0.8870867300724637
0 0.35139266304347827 0.1086673460144928 0.37899116847826086 0.11149796195652178 0.3651919157608695 0.8729336503623188 0.33971637228260865 0.8729336503623188
0 0.3811141304347826 0.10300611413043483 0.4055281929347826 0.1058367300724638 0.38854449728260865 0.8856714221014492 0.3662533967391304 0.8856714221014492
0 0.4076511548913043 0.040732563405797145 0.49575407608695654 0.044978487318840625 0.4660326086956521 0.8757642663043478 0.3927904211956521 0.8785948822463768
0 0.49787703804347827 0.042147871376811634 0.4702785326086957 0.8785948822463768 0.5445822010869565 0.8800101902173912 0.5849184782608695 0.05347033514492758
0 0.5838569972826086 0.09592957427536236 0.613578464673913 0.10017549818840583 0.5721807065217391 0.8771795742753623 0.5467051630434783 0.8785948822463768
0 0.6146399456521738 0.11432857789855076 0.646484375 0.11715919384057975 0.6061480978260869 0.8785948822463768 0.5743036684782609 0.8814254981884058
0 0.6475458559782609 0.11432857789855076 0.6793902853260869 0.11857450181159424 0.6358695652173912 0.8771795742753623 0.605086616847826 0.8785948822463768
0 0.6815132472826086 0.13131227355072467 0.7091117527173912 0.13555819746376815 0.6592221467391304 0.8729336503623188 0.6369310461956521 0.8729336503623188
0 0.711234714673913 0.12989696557971017 0.735648777173913 0.13272758152173916 0.6857591711956521 0.8715183423913043 0.6613451086956521 0.8743489583333334
0 0.7335258152173912 0.13697350543478265 0.7632472826086956 0.14405004528985513 0.7144191576086957 0.8559499547101449 0.6889436141304347 0.8502887228260869
0 0.7812924592391304 0.023748867753623226 0.7197265625 0.8630264945652174 0.7558169157608695 0.8715183423913043 0.8173828125 0.02233355978260874
0 0.8131368885869565 0.10725203804347831 0.8863790760869565 0.11574388586956526 0.8258746603260869 0.8672724184782609 0.7558169157608695 0.8715183423913043
0 0.8821331521739131 0.14405004528985513 0.9107931385869565 0.1482959692028986 0.8460427989130435 0.8658571105072465 0.8258746603260869 0.8630264945652174
0 0.9097316576086956 0.13414288949275366 0.9511294157608696 0.13555819746376815 0.8874405570652173 0.8644418025362319 0.8481657608695652 0.8701030344202899
0 0.9532523777173914 0.13414288949275366 0.8885020380434783 0.8658571105072465 0.9245923913043479 0.8658571105072465 0.9946501358695652 0.13980412137681164
