0 0.0340098505434783 0.23462975543478262 0.08496093750000003 0.2204766757246377 0.142280910326087 0.8007529438405797 0.09026834239130435 0.8078294836956522
0 0.0011039402173913249 0.2572746829710145 0.032948369565217406 0.25444406702898553 0.08920686141304349 0.8163213315217391 0.030825407608695676 0.8177366394927535
0 0.10619055706521743 0.264351222826087 0.12954313858695657 0.258689990942029 0.17730978260869565 0.8177366394927535 0.1454653532608696 0.8191519474637681
0 0.12848165760869565 0.22896852355072464 0.15077275815217392 0.22755321557971017 0.20278532608695657 0.821982563405797 0.17730978260869565 0.821982563405797
0 0.14971127717391305 0.23462975543478262 0.1804942255434783 0.23321444746376815 0.22613790760869565 0.824813179347826 0.1974779211956522 0.8262284873188405
0 0.1730638586956522 0.20632359601449277 0.20596976902173916 0.20632359601449277 0.25373641304347827 0.8290591032608696 0.22613790760869565 0.8304744112318841
0 0.21021569293478262 0.2572746829710145 0.24099864130434787 0.2601052989130435 0.2770889945652174 0.8347203351449276 0.24949048913043478 0.827643795289855
0 0.23887567934782608 0.2501981431159421 0.2930112092391304 0.253028759057971 0.32485563858695654 0.8771795742753623 0.2802734375 0.8715183423913043
0 0.2802734375 0.07894587862318846 0.31848675271739124 0.07611526268115947 0.3630689538043478 0.8870867300724637 0.3237941576086957 0.8885020380434782
0 0.3354704483695652 0.18226336050724637 0.3832370923913043 0.1794327445652174 0.4076511548913043 0.8814254981884058 0.36731487771739124 0.8757642663043478
0 0.38217561141304346 0.15537250905797104 0.45860224184782605 0.15254189311594207 0.4692170516304348 0.8885020380434782 0.40658967391304346 0.8870867300724637
0 0.45860224184782605 0.2431216032608696 0.49787703804347827 0.2417062952898551 0.5031844429347826 0.8955785778985508 0.46815557065217395 0.8927479619565216
0 0.49787703804347827 0.17518682065217395 0.5254755434782609 0.17518682065217395 0.5275985054347826 0.8927479619565216 0.5 0.8941632699275363
0 0.5265370244565217 0.14405004528985513 0.5286599864130435 0.9026551177536232 0.5934103260869565 0.8998245018115942 0.5997792119565217 0.14121942934782614
0 0.605086616847826 0.17094089673913046 0.6496688179347826 0.16527966485507248 0.629500679347826 0.8998245018115942 0.5923488451086957 0.8927479619565216
0 0.6517917798913043 0.12423573369565222 0.6974354619565217 0.1256510416666667 0.6708984375 0.9168081974637681 0.6316236413043478 0.9083163496376812
0 0.7038043478260869 0.17377151268115942 0.7536939538043478 0.17235620471014493 0.7165421195652174 0.9182235054347826 0.6740828804347826 0.9182235054347826
0 0.7536939538043478 0.21198482789855075 0.7950917119565217 0.2148154438405797 0.7473250679347826 0.919638813405797 0.7165421195652174 0.922469429347826
0 0.7993376358695652 0.16103374094202902 0.8333050271739131 0.15961843297101455 0.7823539402173912 0.9153928894927535 0.7505095108695652 0.9168081974637681
0 0.8301205842391304 0.1978317481884058 0.8874405570652173 0.2006623641304348 0.8322435461956521 0.9182235054347826 0.7812924592391304 0.9182235054347826
0 0.8980553668478259 0.15112658514492758 0.9468834918478259 0.14971127717391308 0.8885020380434783 0.919638813405797 0.8449813179347825 0.9182235054347826
0 0.9574983016304348 0.11857450181159424 0.999755859375 0.12119512554769131 0.9553753396739131 0.9323765851449276 0.8948709239130435 0.9295459692028986
