0 0.04037873641304349 0.13414288949275366 0.093452785326087 0.13555819746376815 0.12742017663043478 0.9988960597826088 0.0722231657608696 0.9988960597826088
0 0.09451426630434787 0.12706634963768118 0.1454653532608696 0.12706634963768118 0.1696266537975871 0.9996744791666666 0.12848165760869565 0.9996744791666666
0 0.1454653532608696 0.11008265398550728 0.1698794157608696 0.9988960597826088 0.22507642663043478 0.9946501358695653 0.20172384510869565 0.11008265398550728
0 0.20278532608695657 0.1086673460144928 0.2675356657608696 0.11008265398550728 0.2855808423913043 0.9946501358695653 0.2290569802989133 0.9996744791666666
0 0.26965862771739135 0.11857450181159424 0.2866423233695652 0.9182235054347826 0.32167119565217395 0.9168081974637681 0.3131793478260869 0.11715919384057975
0 0.3142408288043478 0.09168365036231889 0.32697860054347827 0.9366225090579711 0.3959748641304348 0.9422837409420289 0.38854449728260865 0.09451426630434785
0 0.3906674592391304 0.09592957427536236 0.4394955842391304 0.0888530344202899 0.44374150815217395 0.9366225090579711 0.3938519021739131 0.9352072010869565
0 0.44268002717391297 0.07045403079710148 0.5445822010869565 0.07469995471014497 0.531844429347826 0.9352072010869565 0.4448029891304348 0.933791893115942
0 0.5477666440217391 0.16952558876811596 0.6103940217391304 0.16952558876811596 0.5965947690217391 0.9436990489130435 0.531844429347826 0.9422837409420289
0 0.6178243885869565 0.09168365036231889 0.6995584239130435 0.09592957427536236 0.6762058423913043 0.9309612771739131 0.5997792119565217 0.9281306612318841
0 0.7016813858695652 0.11432857789855076 0.7579398777173912 0.11857450181159424 0.7292798913043478 0.9267153532608696 0.6730213994565217 0.925300045289855
0 0.8035835597826086 0.044978487318840625 0.7738620923913043 0.9479449728260869 0.8311820652173914 0.9479449728260869 0.8566576086956521 0.04639379528985512
0 0.8534731657608696 0.16811028079710147 0.8842561141304348 0.17377151268115942 0.8577190896739131 0.9111469655797101 0.8343665081521738 0.9111469655797101
0 0.8969938858695652 0.21623075181159424 0.9309612771739131 0.2190613677536232 0.9107931385869565 0.9309612771739131 0.8715183423913042 0.9281306612318841
0 0.9585597826086956 0.19500113224637683 0.9521908967391304 0.9507755887681159 0.9808508831521738 0.9550215126811593 0.9850968070652173 0.1992470561594203
