0 0.013841711956521757 0.24029098731884058 0.049932065217391325 0.24029098731884058 0.0796535326086957 0.9932348278985508 0.032948369565217406 0.9988960597826088
0 0.052055027173913054 0.21340013586956522 0.08693009885241353 0.9996744791666666 0.142280910326087 0.9996744791666666 0.10406759510869565 0.21340013586956522
0 0.09876019021739132 0.11998980978260874 0.14652683423913046 0.11715919384057975 0.1974779211956522 0.9974807518115942 0.142280910326087 0.9904042119565216
0 0.1486497961956522 0.1256510416666667 0.18792459239130435 0.11715919384057975 0.24520322869852637 0.9996744791666666 0.20066236413043478 0.9996744791666666
0 0.18898607336956522 0.07753057065217395 0.24206012228260873 0.9946501358695653 0.3195482336956521 0.9974807518115942 0.2685971467391305 0.07045403079710148
0 0.2930112092391304 0.1284816576086957 0.34926970108695654 0.1256510416666667 0.3832370923913043 0.9847429800724637 0.3291015625 0.9847429800724637
0 0.3471467391304348 0.13414288949275366 0.38536005434782605 0.9833276721014492 0.42888077445652173 0.9875735960144927 0.3959748641304348 0.1284816576086957
0 0.40128226902173914 0.11291326992753627 0.4564792798913043 0.1086673460144928 0.4851392663043478 0.9918195199275361 0.4267578125 0.9918195199275361
0 0.4607252038043478 0.11008265398550728 0.5180451766304348 0.11008265398550728 0.540336277173913 0.9974807518115942 0.4819548233695652 0.9946501358695653
0 0.5233525815217391 0.11857450181159424 0.5668733016304348 0.11715919384057975 0.5764266304347826 0.9932348278985508 0.5360903532608695 0.9974807518115942
0 0.5753651494565217 0.09734488224637684 0.6454228940217391 0.09592957427536236 0.6517917798913043 0.9988960597826088 0.5753651494565217 0.9960654438405797
0 0.6486073369565217 0.09309895833333337 0.653914741847826 0.9974807518115942 0.7016813858695652 0.9988960597826088 0.6974354619565217 0.09026834239130438
0 0.7038043478260869 0.07328464673913047 0.7972146739130435 0.07186933876811598 0.784476902173913 0.9946501358695653 0.7006199048913043 0.9946501358695653
0 0.8035835597826086 0.163864356884058 0.8609035326086956 0.166694972826087 0.8493148632540416 0.9996744791666666 0.7855383831521738 0.9974807518115942
0 0.8693953804347825 0.09309895833333337 0.8524116847826086 0.9988960597826088 0.9161005434782608 0.9960654438405797 0.9468834918478259 0.09451426630434785
0 0.9532523777173914 0.11574388586956526 0.9192849864130435 0.9988960597826088 0.9734205163043479 0.9988960597826088 0.999755859375 0.11964673913043693
