0 0.05948539402173916 0.11857450181159424 0.14334239130434787 0.1256510416666667 0.117866847826087 0.9974807518115942 0.03825577445652176 0.9960654438405797
0 0.1454653532608696 0.036486639492753666 0.239937160326087 0.042147871376811634 0.2049082880434783 0.9889889039855072 0.117866847826087 0.9889889039855072
0 0.24099864130434787 0.06196218297101453 0.30044157608695654 0.069038722826087 0.2685971467391305 0.9804970561594203 0.20703125000000003 0.9804970561594203
0 0.33653192934782605 0.0039345561594203325 0.29725713315217395 0.9988960597826088 0.36731487771739124 0.9960654438405797 0.3959748641304348 0.005349864130434823
0 0.40340523097826086 0.1284816576086957 0.451171875 0.13131227355072467 0.42463485054347827 0.9578521286231884 0.3683763586956521 0.9536062047101449
0 0.45541779891304346 0.1836786684782609 0.4968155570652174 0.1850939764492754 0.4702785326086957 0.9635133605072465 0.4214504076086957 0.9606827445652174
0 0.4968155570652174 0.15678781702898553 0.5275985054347826 0.16103374094202902 0.5169836956521738 0.9960654438405797 0.47664741847826086 0.9946501358695653
0 0.5360903532608695 0.05347033514492758 0.5817340353260869 0.05347033514492758 0.5753651494565217 0.9620980525362319 0.5265370244565217 0.9620980525362319
0 0.589164402173913 0.0011039402173913457 0.5743550933335636 0.9996744791666666 0.6369310461956521 0.9904042119565216 0.6390540081521738 0.0039345561594203325
0 0.6401154891304347 0.15537250905797104 0.7165421195652174 0.15678781702898553 0.7176036005434783 0.9705899003623188 0.6369310461956521 0.9748358242753623
0 0.7207880434782609 0.025164175724637722 0.7579398777173912 0.023748867753623226 0.7568783967391304 0.9819123641304347 0.7197265625 0.9790817481884058
0 0.7579398777173912 0.0860224184782609 0.7865998641304347 0.0860224184782609 0.7887228260869565 0.9536062047101449 0.7547554347826086 0.9564368206521738
0 0.7865998641304347 0.15820312500000003 0.8237516983695652 0.15961843297101455 0.8290591032608696 0.9479449728260869 0.7961531929347825 0.9507755887681159
0 0.8311820652173914 0.013841711956521778 0.8810716711956521 0.00818048007246381 0.890625 0.9663439764492754 0.8354279891304348 0.9663439764492754
0 0.8874405570652173 0.00818048007246381 0.9861582880434783 0.006765172101449317 0.9925271739130435 0.9762511322463768 0.8938094429347825 0.9748358242753623
