0 0.047809103260869595 0.21340013586956522 0.08071501358695657 0.21340013586956522 0.0828379755434783 0.8828408061594203 0.03825577445652176 0.8785948822463768
0 0.09982167119565219 0.21340013586956522 0.09026834239130435 0.8729336503623188 0.14121942934782614 0.8785948822463768 0.142280910326087 0.2148154438405797
0 0.14121942934782614 0.2374603713768116 0.1380349864130435 0.8814254981884058 0.1698794157608696 0.8828408061594203 0.1698794157608696 0.23462975543478262
0 0.17094089673913046 0.15254189311594207 0.2049082880434783 0.15112658514492758 0.19853940217391305 0.8870867300724637 0.17094089673913046 0.8856714221014492
0 0.20278532608695657 0.20915421195652176 0.239937160326087 0.20915421195652176 0.23462975543478262 0.8955785778985508 0.20066236413043478 0.8955785778985508
0 0.239937160326087 0.21056951992753625 0.28451936141304346 0.21198482789855075 0.2802734375 0.9054857336956522 0.23675271739130435 0.9040704257246377
0 0.28133491847826086 0.12423573369565222 0.35139266304347827 0.12706634963768118 0.3450237771739131 0.919638813405797 0.2834578804347826 0.9139775815217391
0 0.35245414402173914 0.10159080615942033 0.38536005434782605 0.1058367300724638 0.3832370923913043 0.9238847373188405 0.3503311820652174 0.922469429347826
0 0.3906674592391304 0.09876019021739135 0.451171875 0.10159080615942033 0.44268002717391297 0.9309612771739131 0.3874830163043478 0.9309612771739131
0 0.45541779891304346 0.026579483695652217 0.49787703804347827 0.027994791666666703 0.48620074728260865 0.9380378170289855 0.44374150815217395 0.9352072010869565
0 0.49787703804347827 0.10442142210144932 0.5382133152173912 0.1086673460144928 0.5254755434782609 0.9309612771739131 0.48938519021739124 0.9281306612318841
0 0.5382133152173912 0.20915421195652176 0.5679347826086957 0.2190613677536232 0.5605044157608695 0.939453125 0.5275985054347826 0.9380378170289855
0 0.5711192255434783 0.18933990036231885 0.6210088315217391 0.19641644021739132 0.6326851222826086 0.939453125 0.5785495923913043 0.9366225090579711
0 0.6157014266304348 0.11008265398550728 0.6613451086956521 0.11149796195652178 0.6825747282608695 0.9436990489130435 0.6305621603260869 0.9436990489130435
0 0.6655910326086957 0.11149796195652178 0.6836362092391304 0.9436990489130435 0.7239724864130435 0.9436990489130435 0.702742866847826 0.11291326992753627
0 0.7048658288043478 0.07186933876811598 0.7802309782608695 0.07328464673913047 0.7993376358695652 0.9408684329710145 0.7282184103260869 0.945114356884058
0 0.7834154211956521 0.1284816576086957 0.8354279891304348 0.1284816576086957 0.840735394021739 0.939453125 0.8003991168478259 0.9408684329710145
0 0.8354279891304348 0.13131227355072467 0.8831946331521738 0.12989696557971017 0.8885020380434783 0.9380378170289855 0.8375509510869565 0.9352072010869565
0 0.9012398097826086 0.11715919384057975 0.8991168478260869 0.9493602807971014 0.9543138586956521 0.9536062047101449 0.9532523777173914 0.11574388586956526
0 0.9574983016304348 0.11857450181159424 0.999755859375 0.11857450181159424 0.999755859375 0.9592674365942028 0.9564368206521738 0.9592674365942028
