0 0.005349864130434812 0.264351222826087 0.04037873641304349 0.2601052989130435 0.04674762228260873 0.9436990489130435 0.011718750000000028 0.9436990489130435
0 0.04144021739130435 0.261520606884058 0.0796535326086957 0.26293591485507245 0.09026834239130435 0.9479449728260869 0.04887058423913046 0.9465296648550724
0 0.07859205163043478 0.17235620471014493 0.14015794836956522 0.17377151268115942 0.1486497961956522 0.9592674365942028 0.09026834239130435 0.9507755887681159
0 0.14440387228260873 0.1454653532608696 0.15395720108695657 0.9620980525362319 0.18155570652173916 0.9620980525362319 0.17518682065217392 0.1482959692028986
0 0.17730978260869565 0.14405004528985513 0.23887567934782608 0.14405004528985513 0.24099864130434787 0.9720052083333334 0.18474014945652176 0.9720052083333334
0 0.23781419836956522 0.07328464673913047 0.27921195652173914 0.07186933876811598 0.2855808423913043 0.9705899003623188 0.2431216032608696 0.9734205163043478
0 0.2834578804347826 0.1468806612318841 0.3206097146739131 0.1468806612318841 0.32485563858695654 0.9620980525362319 0.2887652853260869 0.9592674365942028
0 0.3206097146739131 0.25444406702898553 0.35457710597826086 0.25444406702898553 0.3630689538043478 0.9691745923913043 0.3237941576086957 0.9691745923913043
0 0.35457710597826086 0.23038383152173914 0.38005264945652173 0.9762511322463768 0.4299422554347826 0.9705899003623188 0.40128226902173914 0.22896852355072464
0 0.40128226902173914 0.14405004528985513 0.4448029891304348 0.1426347373188406 0.4819548233695652 0.9691745923913043 0.4320652173913043 0.9720052083333334
0 0.45011039402173914 0.14121942934782614 0.48620074728260865 0.13838881340579715 0.5233525815217391 0.9776664402173912 0.4787703804347826 0.9819123641304347
0 0.48938519021739124 0.10725203804347831 0.5626273777173912 0.09734488224637684 0.5997792119565217 0.9776664402173912 0.5244140625 0.9762511322463768
0 0.5732421875 0.15112658514492758 0.6284391983695652 0.14971127717391308 0.6507302989130435 0.9649286684782609 0.5997792119565217 0.9635133605072465
0 0.6284391983695652 0.15254189311594207 0.6740828804347826 0.15112658514492758 0.6984969429347826 0.9663439764492754 0.6486073369565217 0.9592674365942028
0 0.6878821331521738 0.13838881340579715 0.7388332201086956 0.13838881340579715 0.7579398777173912 0.9861582880434782 0.7016813858695652 0.9748358242753623
0 0.7430791440217391 0.13697350543478265 0.7972146739130435 0.13555819746376815 0.8110139266304348 0.9804970561594203 0.7611243206521738 0.9819123641304347
0 0.7993376358695652 0.1454653532608696 0.841796875 0.1468806612318841 0.8492272418478259 0.9847429800724637 0.8120754076086956 0.9861582880434782
0 0.8640879755434783 0.1256510416666667 0.8619650135869565 0.9946501358695653 0.9330842391304348 0.9974807518115942 0.9288383152173914 0.12282042572463771
0 0.9341457201086956 0.1284816576086957 0.987219769021739 0.12423573369565222 0.9808508831521738 0.9960654438405797 0.9309612771739131 0.9918195199275361
