0 0.0021654211956521896 0.11574388586956526 0.0584239130434783 0.11432857789855076 0.07116168478260873 0.9366225090579711 0.010657269021739163 0.9366225090579711
0 0.06479279891304349 0.12423573369565222 0.07116168478260873 0.9352072010869565 0.10088315217391305 0.9366225090579711 0.10088315217391305 0.12282042572463771
0 0.10194463315217392 0.10159080615942033 0.17518682065217392 0.10442142210144932 0.17837126358695657 0.9620980525362319 0.10300611413043478 0.9620980525362319
0 0.17943274456521743 0.10159080615942033 0.2271993885869565 0.09168365036231889 0.22507642663043478 0.9592674365942028 0.17624830163043478 0.9578521286231884
0 0.2293223505434783 0.07753057065217395 0.3291015625 0.07611526268115947 0.3195482336956521 0.9606827445652174 0.22295346467391305 0.9578521286231884
0 0.3375934103260869 0.17518682065217395 0.4055281929347826 0.1794327445652174 0.38217561141304346 0.9663439764492754 0.31530230978260865 0.9677592844202899
0 0.40658967391304346 0.10159080615942033 0.49150815217391297 0.1058367300724638 0.46497112771739124 0.9550215126811593 0.39172894021739124 0.9578521286231884
0 0.4946925951086957 0.11857450181159424 0.4660326086956521 0.9550215126811593 0.5180451766304348 0.9564368206521738 0.5498896059782609 0.12282042572463771
0 0.5859799592391304 0.05205502717391308 0.6443614130434783 0.05488564311594207 0.6114555027173912 0.9762511322463768 0.5520125679347826 0.9720052083333334
0 0.6401154891304347 0.17235620471014493 0.6846976902173912 0.17518682065217395 0.6528532608695652 0.939453125 0.6125169836956521 0.939453125
0 0.6910665760869565 0.2218919836956522 0.7314028532608695 0.22755321557971017 0.702742866847826 0.9521908967391304 0.6666525135869565 0.9507755887681159
0 0.7388332201086956 0.20490828804347827 0.7738620923913043 0.20349298007246377 0.7621858016304347 0.9691745923913043 0.7229110054347826 0.9762511322463768
0 0.7674932065217391 0.10300611413043483 0.7621858016304347 0.9436990489130435 0.8099524456521738 0.945114356884058 0.8120754076086956 0.10159080615942033
0 0.8301205842391304 0.03931725543478265 0.8301205842391304 0.9833276721014492 0.8810716711956521 0.9833276721014492 0.8704568614130435 0.03931725543478265
0 0.8736413043478259 0.19641644021739132 0.9511294157608696 0.1992470561594203 0.9574983016304348 0.9705899003623188 0.8810716711956521 0.9677592844202899
0 0.9511294157608696 0.07328464673913047 0.987219769021739 0.07186933876811598 0.9935886548913042 0.9762511322463768 0.9553753396739131 0.9748358242753623
