0 0.02233355978260873 0.09734488224637684 0.07116168478260873 0.10017549818840583 0.08708389945652176 0.8955785778985508 0.03719429347826089 0.8856714221014492
0 0.06797724184782614 0.0676234148550725 0.1592646059782609 0.08036118659420294 0.15077275815217392 0.9182235054347826 0.0828379755434783 0.9054857336956522
0 0.15714164402173916 0.17660212862318844 0.19641644021739132 0.18226336050724637 0.18580163043478262 0.922469429347826 0.15077275815217392 0.9125622735507246
0 0.19535495923913046 0.10725203804347831 0.22613790760869565 0.1086673460144928 0.21446161684782608 0.925300045289855 0.1836786684782609 0.925300045289855
0 0.22401494565217392 0.07328464673913047 0.3099949048913043 0.08036118659420294 0.2887652853260869 0.9366225090579711 0.21446161684782608 0.9295459692028986
0 0.3142408288043478 0.11291326992753627 0.3567000679347826 0.11291326992753627 0.32697860054347827 0.9380378170289855 0.2887652853260869 0.933791893115942
0 0.35776154891304346 0.06479279891304353 0.4055281929347826 0.07328464673913047 0.36731487771739124 0.9521908967391304 0.3237941576086957 0.9465296648550724
0 0.4087126358695652 0.12282042572463771 0.46497112771739124 0.1284816576086957 0.4150815217391304 0.9620980525362319 0.3683763586956521 0.9606827445652174
0 0.46178668478260865 0.17377151268115942 0.5106148097826086 0.1780174365942029 0.45223335597826086 0.9649286684782609 0.4140200407608695 0.9677592844202899
0 0.5116762907608695 0.12282042572463771 0.5498896059782609 0.1284816576086957 0.4872622282608695 0.9677592844202899 0.45329483695652173 0.9620980525362319
0 0.5467051630434783 0.17518682065217395 0.613578464673913 0.1780174365942029 0.5477666440217391 0.9677592844202899 0.48620074728260865 0.9691745923913043
0 0.6252547554347826 0.1284816576086957 0.6708984375 0.12706634963768118 0.605086616847826 0.9776664402173912 0.5573199728260869 0.9748358242753623
0 0.6815132472826086 0.09876019021739135 0.760062839673913 0.10442142210144932 0.6772673233695652 0.9889889039855072 0.6072095788043478 0.9833276721014492
0 0.7590013586956521 0.11008265398550728 0.7887228260869565 0.11291326992753627 0.7144191576086957 0.9606827445652174 0.6857591711956521 0.9606827445652174
0 0.7972146739130435 0.09451426630434785 0.8821331521739131 0.10017549818840583 0.7961531929347825 0.9776664402173912 0.7176036005434783 0.9762511322463768
0 0.8757642663043479 0.2020776721014493 0.9447605298913042 0.21056951992753625 0.8619650135869565 0.9762511322463768 0.7982761548913042 0.9748358242753623
