0 0.013841711956521757 0.07328464673913047 0.11362092391304349 0.9960654438405797 0.054177989130434784 0.9974807518115942 0.0 0.5763235532882142 0.0 0.07186933876811598
0 0.05630095108695657 0.05347033514492758 0.15183423913043478 0.9988960597826088 0.20172384510869565 0.9960654438405797 0.10512907608695657 0.04639379528985512
0 0.11255944293478262 0.037901947463768154 0.20384680706521743 0.9974807518115942 0.27284307065217395 0.9988960597826088 0.1836786684782609 0.036486639492753666
0 0.1836786684782609 0.029410099637681198 0.27437729526031823 0.9996744791666666 0.3503311820652174 0.9960654438405797 0.27815047554347827 0.023748867753623226
0 0.2919497282608695 0.05063971920289859 0.35139266304347827 0.9946501358695653 0.4087126358695652 0.9960654438405797 0.35245414402173914 0.04639379528985512
0 0.36094599184782605 0.08460711050724641 0.4108355978260869 0.9960654438405797 0.47134001358695654 0.9960654438405797 0.4352496603260869 0.07753057065217395
0 0.43737262228260865 0.042147871376811634 0.47422756869680766 0.9996744791666666 0.5254755434782609 0.9996744791666666 0.4872622282608695 0.036486639492753666
0 0.4946925951086957 0.08319180253623193 0.5265370244565217 0.9974807518115942 0.5796110733695652 0.9988960597826088 0.5573199728260869 0.07186933876811598
0 0.5583814538043478 0.13980412137681164 0.5826179957518559 0.9996744791666665 0.6687754755434783 0.9974807518115942 0.6581606657608695 0.13555819746376815
0 0.6677139945652174 0.14121942934782614 0.6687754755434783 0.9974807518115942 0.7611243206521738 0.9946501358695653 0.7696161684782609 0.12706634963768118
0 0.7802309782608695 0.1454653532608696 0.7632879873338123 0.9996744791666666 0.8481657608695652 0.9946501358695653 0.8863790760869565 0.1426347373188406
0 0.9086701766304348 0.0874377264492754 0.8524509348932001 0.9996744791666669 0.9012398097826086 0.9988960597826088 0.9638671875 0.08319180253623193
