0 0.1316661005434783 0.10442142210144932 0.17412533967391305 0.10300611413043483 0.21233865489130435 0.9762511322463768 0.17200237771739132 0.9804970561594203
0 0.17412533967391305 0.1058367300724638 0.2080927309782609 0.1058367300724638 0.24524456521739132 0.9776664402173912 0.2112771739130435 0.9790817481884058
0 0.20596976902173916 0.030825407608695694 0.25373641304347827 0.029410099637681198 0.2898267663043479 0.9762511322463768 0.24524456521739132 0.9776664402173912
0 0.2685971467391305 0.15820312500000003 0.353515625 0.15820312500000003 0.3620074728260869 0.9790817481884058 0.2866423233695652 0.9762511322463768
0 0.3588230298913043 0.16244904891304351 0.3927904211956521 0.163864356884058 0.39809782608695654 0.9833276721014492 0.36413043478260865 0.9790817481884058
0 0.3938519021739131 0.07186933876811598 0.4267578125 0.07328464673913047 0.42781929347826086 0.9875735960144927 0.39809782608695654 0.9833276721014492
0 0.4267578125 0.12989696557971017 0.4564792798913043 0.13272758152173916 0.4543563179347826 0.9734205163043478 0.42781929347826086 0.9734205163043478
0 0.4543563179347826 0.12282042572463771 0.49893851902173914 0.12423573369565222 0.49256963315217395 0.9833276721014492 0.4543563179347826 0.9819123641304347
0 0.5095533288043478 0.11574388586956526 0.5859799592391304 0.11857450181159424 0.5583814538043478 0.9960654438405797 0.49150815217391297 0.9918195199275361
0 0.5944718070652174 0.11574388586956526 0.6454228940217391 0.11574388586956526 0.6072095788043478 0.9974807518115942 0.5615658967391304 0.9946501358695653
0 0.6454228940217391 0.11857450181159424 0.7080502717391304 0.11574388586956526 0.6613451086956521 0.9932348278985508 0.6093325407608695 0.9918195199275361
0 0.7038043478260869 0.16244904891304351 0.7377717391304347 0.166694972826087 0.6857591711956521 0.9861582880434782 0.6602836277173912 0.9861582880434782
0 0.735648777173913 0.16103374094202902 0.7706776494565217 0.16244904891304351 0.7165421195652174 0.9889889039855072 0.6857591711956521 0.9847429800724637
0 0.7770465353260869 0.12140511775362323 0.8088909646739131 0.12140511775362323 0.7452021059782609 0.9847429800724637 0.7165421195652174 0.9861582880434782
0 0.8152598505434783 0.04356317934782613 0.8524116847826086 0.042147871376811634 0.7706776494565217 0.9904042119565216 0.7452021059782609 0.9875735960144927
0 0.8524116847826086 0.03507133152173917 0.9086701766304348 0.037901947463768154 0.8152598505434783 0.9932348278985508 0.7717391304347826 0.9889889039855072
0 0.913977581521739 0.036486639492753666 0.9638671875 0.040732563405797145 0.8630264945652173 0.9875735960144927 0.8173828125 0.9875735960144927
0 0.962805706521739 0.05347033514492758 0.999755859375 0.05894443186392919 0.9044242527173914 0.9861582880434782 0.8640879755434783 0.9847429800724637
