0 0.02233355978260873 0.15395720108695657 0.006411345108695676 0.9918195199275361 0.04037873641304349 0.9932348278985508 0.054177989130434784 0.16103374094202902
0 0.054177989130434784 0.16244904891304351 0.042549858154690014 0.9996744791666666 0.07434612771739132 0.9996744791666666 0.08602241847826089 0.16103374094202902
0 0.08814538043478262 0.15254189311594207 0.07226164444633155 0.9996744791666666 0.10619055706521743 0.9988960597826088 0.1210512907608696 0.15537250905797104
0 0.12848165760869565 0.15112658514492758 0.10300611413043478 0.9960654438405797 0.1348505434782609 0.9974807518115942 0.1560801630434783 0.15254189311594207
0 0.16457201086956522 0.15820312500000003 0.13602964081617328 0.9996744791666666 0.18261718750000003 0.9996744791666666 0.20703125000000003 0.15961843297101455
0 0.20915421195652176 0.15678781702898553 0.18261718750000003 0.9946501358695653 0.20993705417798902 0.9996744791666666 0.23887567934782608 0.15537250905797104
0 0.24206012228260873 0.08319180253623193 0.21021569293478262 0.9946501358695653 0.239937160326087 0.9932348278985508 0.26647418478260876 0.0874377264492754
0 0.2654127038043479 0.18933990036231885 0.2431216032608696 0.9960654438405797 0.2983186141304348 0.9960654438405797 0.31848675271739124 0.19217051630434787
0 0.3237941576086957 0.15395720108695657 0.2983186141304348 0.9960654438405797 0.3503311820652174 0.9960654438405797 0.3747452445652174 0.15254189311594207
0 0.3864215353260869 0.12423573369565222 0.35457710597826086 0.9946501358695653 0.4140200407608695 0.9946501358695653 0.4458644701086957 0.12989696557971017
0 0.44904891304347827 0.13272758152173916 0.41826596467391297 0.9946501358695653 0.4702785326086957 0.9988960597826088 0.5042459239130435 0.13414288949275366
0 0.5063688858695652 0.15112658514492758 0.47134001358695654 0.9932348278985508 0.5191066576086957 0.9974807518115942 0.5530740489130435 0.15678781702898553
0 0.5520125679347826 0.15254189311594207 0.5212296195652174 0.9988960597826088 0.5615658967391304 0.9960654438405797 0.59765625 0.15820312500000003
0 0.6008406929347826 0.16527966485507248 0.5626273777173912 0.9932348278985508 0.5881029211956521 0.9974807518115942 0.6252547554347826 0.166694972826087
0 0.629500679347826 0.16103374094202902 0.5902258831521738 0.9889889039855072 0.6273777173913043 0.9904042119565216 0.6602836277173912 0.16244904891304351
0 0.6592221467391304 0.15961843297101455 0.6263162364130435 0.9875735960144927 0.6602836277173912 0.9889889039855072 0.6942510190217391 0.163864356884058
0 0.6953125 0.15537250905797104 0.6613451086956521 0.9889889039855072 0.6900050951086957 0.9918195199275361 0.7282184103260869 0.15820312500000003
0 0.7345872961956521 0.09168365036231889 0.6921280570652174 0.9960654438405797 0.7122961956521738 0.9974807518115942 0.7579398777173912 0.09876019021739135
0 0.7568783967391304 0.08036118659420294 0.7144191576086957 0.9875735960144927 0.7568783967391304 0.9932348278985508 0.7993376358695652 0.0888530344202899
0 0.7972146739130435 0.15395720108695657 0.7547554347826086 0.9918195199275361 0.7812924592391304 0.9932348278985508 0.8237516983695652 0.15395720108695657
0 0.8279976222826086 0.15254189311594207 0.7823539402173912 0.9847429800724637 0.8131368885869565 0.9875735960144927 0.8555961277173914 0.15395720108695657
0 0.8577190896739131 0.13131227355072467 0.8152598505434783 0.9734205163043478 0.8778872282608696 0.9819123641304347 0.9288383152173914 0.13980412137681164
0 0.9224694293478259 0.1836786684782609 0.8768257472826086 0.9705899003623188 0.9086701766304348 0.9762511322463768 0.9532523777173914 0.1850939764492754
0 0.9458220108695652 0.1482959692028986 0.999755859375 0.16322105935534592 0.9543138586956521 0.9606827445652174 0.9118546195652173 0.9479449728260869 0.9500679347826086 0.17518682065217395
