0 0.028702445652173947 0.013841711956521778 0.0 0.2730896081697057 0.0 0.9960654438405797 0.020210597826086973 0.9960654438405797 0.09026834239130435 0.02233355978260874
0 0.09026834239130435 0.044978487318840625 0.021272078804347866 0.9960654438405797 0.07540760869565219 0.9988960597826088 0.1486497961956522 0.036486639492753666
0 0.14652683423913046 0.040732563405797145 0.07757636463243074 0.9996744791666669 0.13060461956521743 0.9974807518115942 0.20066236413043478 0.04356317934782613
0 0.19853940217391305 0.05630095108695656 0.1327719823002901 0.9996744791666665 0.166694972826087 0.9960654438405797 0.2325067934782609 0.05630095108695656
0 0.2325067934782609 0.05205502717391308 0.16895556346384374 0.9996744791666666 0.20596976902173916 0.9996744791666666 0.2749660326086957 0.05771625905797106
0 0.2770889945652174 0.05771625905797106 0.20294685580103974 0.9996744791666666 0.24736752717391305 0.9988960597826088 0.3142408288043478 0.05771625905797106
0 0.31848675271739124 0.05913156702898555 0.24949048913043478 0.9988960597826088 0.2834578804347826 0.9988960597826088 0.35563858695652173 0.05630095108695656
0 0.353515625 0.00818048007246381 0.2835028533093252 0.9996744791666669 0.31211786684782605 0.9996744791666666 0.38536005434782605 0.009595788043478303
0 0.3906674592391304 0.005349864130434823 0.3153505520546647 0.9996744791666669 0.3620074728260869 0.9988960597826088 0.43628798718669165 0.0
0 0.4331266983695652 0.0492244112318841 0.3630689538043478 0.9988960597826088 0.3927904211956521 0.9988960597826088 0.4628481657608695 0.05205502717391308
0 0.4660326086956521 0.0478091032608696 0.3938519021739131 0.9988960597826088 0.4352496603260869 0.9988960597826088 0.5031844429347826 0.05205502717391308
0 0.5191066576086957 0.037901947463768154 0.43737262228260865 0.9974807518115942 0.5148607336956521 0.9960654438405797 0.5902258831521738 0.040732563405797145
0 0.5944718070652174 0.09026834239130438 0.5170379252791347 0.9996744791666666 0.5509510869565217 0.9974807518115942 0.6305621603260869 0.10017549818840583
0 0.6337466032608695 0.05913156702898555 0.5530740489130435 0.9875735960144927 0.6178243885869565 0.9988960597826088 0.6984969429347826 0.069038722826087
0 0.6942510190217391 0.13980412137681164 0.6273777173913043 0.9861582880434782 0.6560377038043478 0.9861582880434782 0.7250339673913043 0.1482959692028986
0 0.7239724864130435 0.10159080615942033 0.662406589673913 0.9720052083333334 0.7059273097826086 0.9776664402173912 0.7706776494565217 0.1058367300724638
0 0.7706776494565217 0.10159080615942033 0.7122961956521738 0.9819123641304347 0.7430791440217391 0.9833276721014492 0.8025220788043479 0.1058367300724638
0 0.8088909646739131 0.09592957427536236 0.7536939538043478 0.9790817481884058 0.7961531929347825 0.9819123641304347 0.8439198369565217 0.09876019021739135
0 0.8524116847826086 0.01950294384057975 0.8025220788043479 0.9861582880434782 0.8354279891304348 0.9875735960144927 0.8789487092391304 0.020918251811594245
0 0.8768257472826086 0.10159080615942033 0.8364894701086956 0.9833276721014492 0.865149456521739 0.9861582880434782 0.9065472146739131 0.10159080615942033
0 0.9086701766304348 0.025164175724637722 0.8704568614130435 0.9776664402173912 0.9097316576086956 0.9861582880434782 0.9426375679347825 0.025164175724637722
0 0.9426375679347825 0.01950294384057975 0.9118546195652173 0.9847429800724637 0.9415760869565217 0.9904042119565216 0.9766049592391304 0.020918251811594245
0 0.9744819972826086 0.10300611413043483 0.9447605298913042 0.9776664402173912 0.9691745923913042 0.9776664402173912 0.9988960597826086 0.10159080615942033
