0 0.142280910326087 0.0676234148550725 0.17730978260869565 0.07186933876811598 0.11998980978260873 0.8035835597826088 0.07859205163043478 0.7993376358695653
0 0.17412533967391305 0.07894587862318846 0.19535495923913046 0.07894587862318846 0.14652683423913046 0.8007529438405797 0.11892832880434787 0.8021682518115942
0 0.19960088315217392 0.02233355978260874 0.23356827445652176 0.026579483695652217 0.18580163043478262 0.8078294836956522 0.14440387228260873 0.8078294836956522
0 0.2356912364130435 0.11857450181159424 0.3078719429347826 0.12140511775362323 0.25373641304347827 0.8120754076086957 0.1836786684782609 0.8092447916666666
0 0.3078719429347826 0.1256510416666667 0.33334748641304346 0.1256510416666667 0.28770380434782605 0.8149060235507246 0.255859375 0.8106600996376812
0 0.33653192934782605 0.05771625905797106 0.3630689538043478 0.05913156702898555 0.31530230978260865 0.8177366394927535 0.2887652853260869 0.8177366394927535
0 0.35776154891304346 0.1058367300724638 0.3832370923913043 0.1058367300724638 0.3418393342391304 0.8134907155797101 0.3174252717391304 0.8134907155797101
0 0.38217561141304346 0.10017549818840583 0.4172044836956521 0.10017549818840583 0.3715608016304348 0.8191519474637681 0.3418393342391304 0.8163213315217391
0 0.42251188858695654 0.09168365036231889 0.47983186141304346 0.09309895833333337 0.4352496603260869 0.8333050271739131 0.37368376358695654 0.8290591032608696
0 0.48301630434782605 0.09026834239130438 0.5222911005434783 0.09451426630434785 0.47770889945652173 0.8347203351449276 0.4363111413043478 0.8304744112318841
0 0.5233525815217391 0.09592957427536236 0.5711192255434783 0.10017549818840583 0.5254755434782609 0.8389662590579711 0.47983186141304346 0.8347203351449276
0 0.5700577445652174 0.13272758152173916 0.59765625 0.13697350543478265 0.5520125679347826 0.8389662590579711 0.5254755434782609 0.8375509510869565
0 0.5965947690217391 0.13697350543478265 0.6210088315217391 0.13838881340579715 0.5785495923913043 0.8403815670289855 0.5530740489130435 0.8403815670289855
0 0.6210088315217391 0.1058367300724638 0.6507302989130435 0.1058367300724638 0.6072095788043478 0.8460427989130435 0.5774881114130435 0.841796875
0 0.6549762228260869 0.05488564311594207 0.6793902853260869 0.05771625905797106 0.629500679347826 0.8432121829710145 0.6061480978260869 0.841796875
0 0.6793902853260869 0.05205502717391308 0.7229110054347826 0.05771625905797106 0.6751443614130435 0.8502887228260869 0.6326851222826086 0.841796875
0 0.7250339673913043 0.05488564311594207 0.7621858016304347 0.05771625905797106 0.7133576766304347 0.8517040307971014 0.6772673233695652 0.847458106884058
0 0.7611243206521738 0.07328464673913047 0.7972146739130435 0.07328464673913047 0.7558169157608695 0.8531193387681159 0.7133576766304347 0.8502887228260869
0 0.7961531929347825 0.06337749094202903 0.8184442934782608 0.06479279891304353 0.7781080163043478 0.8587805706521738 0.7568783967391304 0.8573652626811593
0 0.8120754076086956 0.15537250905797104 0.8524116847826086 0.15112658514492758 0.8980553668478259 0.8573652626811593 0.8587805706521738 0.8587805706521738
