0 0.030825407608695676 0.24595221920289856 3.469446951953614e-18 0.2473222373188406 0.02233355978260873 0.9153928894927535 0.06691576086956522 0.9168081974637681
0 0.02657948369565219 0.13414288949275366 0.06797724184782614 0.9267153532608696 0.10194463315217392 0.933791893115942 0.07010020380434787 0.13131227355072467
0 0.0722231657608696 0.17518682065217395 0.10406759510869565 0.939453125 0.1380349864130435 0.9408684329710145 0.10088315217391305 0.17518682065217395
0 0.10300611413043478 0.18226336050724637 0.14121942934782614 0.945114356884058 0.16351052989130435 0.9408684329710145 0.13272758152173916 0.1836786684782609
0 0.1316661005434783 0.1780174365942029 0.16563349184782608 0.9663439764492754 0.20703125000000003 0.9691745923913043 0.1624490489130435 0.17235620471014493
0 0.16775645380434787 0.24453691123188406 0.215523097826087 0.9790817481884058 0.24418308423913046 0.9833276721014492 0.2049082880434783 0.24029098731884058
0 0.2049082880434783 0.16811028079710147 0.24949048913043478 0.9946501358695653 0.2802734375 0.9946501358695653 0.24099864130434787 0.16952558876811596
0 0.2431216032608696 0.12282042572463771 0.2832345093974632 0.9996744791666666 0.3195482336956521 0.9996744791666666 0.27921195652173914 0.12282042572463771
0 0.2855808423913043 0.17094089673913046 0.32052318679519115 0.9996744791666666 0.35563858695652173 0.9988960597826088 0.32167119565217395 0.16811028079710147
0 0.32804008152173914 0.05063971920289859 0.35668084737757566 0.9996744791666666 0.40340523097826086 0.9988960597826088 0.38005264945652173 0.0492244112318841
0 0.3842985733695652 0.04639379528985512 0.4044233878069646 0.9996744791666666 0.4575407608695652 0.9996744791666666 0.4394955842391304 0.044978487318840625
0 0.45329483695652173 0.17518682065217395 0.4681441001030092 0.9996744791666666 0.5116762907608695 0.9996744791666666 0.5010614809782609 0.17377151268115942
0 0.5063688858695652 0.1836786684782609 0.5148607336956521 0.9988960597826088 0.5732421875 0.9974807518115942 0.5626273777173912 0.1794327445652174
0 0.5721807065217391 0.09026834239130438 0.5785495923913043 0.9946501358695653 0.6507302989130435 0.9946501358695653 0.6507302989130435 0.0874377264492754
0 0.6655910326086957 0.0860224184782609 0.6528532608695652 0.9932348278985508 0.7218495244565217 0.9946501358695653 0.7367102581521738 0.0860224184782609
0 0.7611243206521738 0.005349864130434823 0.7229110054347826 0.9960654438405797 0.7897843070652174 0.9960654438405797 0.8226902173913042 0.006765172101449317
0 0.8375509510869565 0.044978487318840625 0.791907269021739 0.9988960597826088 0.8311820652173914 0.9960654438405797 0.8821331521739131 0.03931725543478265
0 0.8831946331521738 0.0478091032608696 0.9288383152173914 0.0478091032608696 0.8757642663043479 0.9960654438405797 0.8301205842391304 0.9918195199275361
0 0.9214079483695652 0.18792459239130435 0.9521908967391304 0.1836786684782609 0.9097316576086956 0.9988960597826088 0.8768257472826086 0.9988960597826088
0 0.9585597826086956 0.05205502717391308 0.9079450937782221 0.9996744791666666 0.9341457201086956 0.9996744791666666 0.9914656929347825 0.04639379528985512
