0 0.05311650815217392 0.3634227807971015 6.938893903907228e-18 0.36897744831628304 0.045686141304347866 0.9960654438405797 0.09982167119565219 0.9861582880434782
0 0.0340098505434783 0.15961843297101455 0.10619055706521743 0.9904042119565216 0.16457201086956522 0.9847429800724637 0.10088315217391305 0.15537250905797104
0 0.10937500000000003 0.19217051630434787 0.16563349184782608 0.9833276721014492 0.20703125000000003 0.9847429800724637 0.15183423913043478 0.19075520833333334
0 0.15501868206521743 0.21056951992753625 0.20703125000000003 0.9833276721014492 0.26647418478260876 0.9804970561594203 0.22826086956521743 0.20490828804347827
0 0.2271993885869565 0.23038383152173914 0.2643512228260869 0.9889889039855072 0.2951341711956521 0.9932348278985508 0.26010529891304346 0.22755321557971017
0 0.2611667798913043 0.15678781702898553 0.2961956521739131 0.9988960597826088 0.33971637228260865 0.9946501358695653 0.30362601902173914 0.15395720108695657
0 0.3131793478260869 0.2374603713768116 0.34260305419297465 0.9996744791666666 0.40977411684782605 0.9996744791666666 0.38005264945652173 0.23887567934782608
0 0.38217561141304346 0.21198482789855075 0.41295855978260865 0.9960654438405797 0.45329483695652173 0.9988960597826088 0.4267578125 0.20915421195652176
0 0.42569633152173914 0.2190613677536232 0.45223335597826086 0.9988960597826088 0.5010614809782609 0.9960654438405797 0.47134001358695654 0.2190613677536232
0 0.47664741847826086 0.31954823369565216 0.5010386403792484 0.9996744791666665 0.5615658967391304 0.9974807518115942 0.5382133152173912 0.3181329257246377
0 0.5413977581521738 0.32237884963768115 0.5636888586956521 0.9932348278985508 0.59765625 0.9988960597826088 0.5732421875 0.32520946557971014
0 0.5753651494565217 0.22613790760869568 0.5997792119565217 0.9960654438405797 0.637992527173913 0.9988960597826088 0.6114555027173912 0.22613790760869568
0 0.613578464673913 0.26718183876811596 0.6401154891304347 0.2657665307971015 0.6655910326086957 0.9904042119565216 0.637992527173913 0.9889889039855072
0 0.6475458559782609 0.35493093297101447 0.6687754755434783 0.9988960597826088 0.7218495244565217 0.9988960597826088 0.6931895380434783 0.353515625
0 0.6963739809782609 0.30539515398550726 0.7239724864130435 0.9988960597826088 0.7812924592391304 0.9960654438405797 0.7536939538043478 0.2954879981884058
0 0.7653702445652174 0.258689990942029 0.7812484835986024 0.9996744791666666 0.8428583559782608 0.9988960597826088 0.8237516983695652 0.25161345108695654
0 0.8205672554347825 0.3436084692028986 0.8439198369565217 0.3436084692028986 0.8630264945652173 0.9960654438405797 0.8428583559782608 0.9932348278985508
0 0.865149456521739 0.24029098731884058 0.8778872282608696 0.9932348278985508 0.9298997961956521 0.9974807518115942 0.9065472146739131 0.23604506340579712
0 0.9171620244565217 0.23179913949275363 0.9287858254699343 0.9996744791666666 0.9819123641304348 0.9996744791666666 0.9734205163043479 0.2218919836956522
