0 0.09239130434782614 0.26859714673913043 0.12635869565217392 0.26859714673913043 0.17094089673913046 0.8587805706521738 0.14015794836956522 0.8601958786231884
0 0.12529721467391305 0.2417062952898551 0.16351052989130435 0.2417062952898551 0.20596976902173916 0.861611186594203 0.17094089673913046 0.8630264945652174
0 0.16563349184782608 0.24029098731884058 0.19960088315217392 0.23887567934782608 0.23462975543478262 0.8630264945652174 0.20915421195652176 0.8601958786231884
0 0.19853940217391305 0.2431216032608696 0.23887567934782608 0.24736752717391305 0.27284307065217395 0.8814254981884058 0.2325067934782609 0.8729336503623188
0 0.23887567934782608 0.23604506340579712 0.2930112092391304 0.23321444746376815 0.3206097146739131 0.8927479619565216 0.27284307065217395 0.8870867300724637
0 0.2993800951086957 0.23321444746376815 0.353515625 0.23179913949275363 0.3694378396739131 0.9012398097826088 0.3174252717391304 0.8927479619565216
0 0.35563858695652173 0.23179913949275363 0.3832370923913043 0.23179913949275363 0.39172894021739124 0.8998245018115942 0.3651919157608695 0.8984091938405797
0 0.3832370923913043 0.22896852355072464 0.4172044836956521 0.23179913949275363 0.41826596467391297 0.9026551177536232 0.39172894021739124 0.8998245018115942
0 0.41826596467391297 0.23179913949275363 0.45860224184782605 0.23321444746376815 0.45541779891304346 0.9069010416666666 0.41932744565217395 0.9069010416666666
0 0.4628481657608695 0.22896852355072464 0.4946925951086957 0.23321444746376815 0.4819548233695652 0.9111469655797101 0.45223335597826086 0.9097316576086957
0 0.49575407608695654 0.21198482789855075 0.5350288722826086 0.21198482789855075 0.515922214673913 0.925300045289855 0.47983186141304346 0.919638813405797
0 0.5339673913043478 0.1992470561594203 0.5955332880434783 0.20490828804347827 0.5658118206521738 0.9281306612318841 0.5137992527173912 0.9295459692028986
0 0.5955332880434783 0.2785043025362319 0.6517917798913043 0.2799196105072464 0.6263162364130435 0.9153928894927535 0.5817340353260869 0.9125622735507246
0 0.6486073369565217 0.28133491847826086 0.6953125 0.2799196105072464 0.6698369565217391 0.9295459692028986 0.6252547554347826 0.9210541213768115
0 0.6953125 0.28133491847826086 0.7314028532608695 0.2855808423913044 0.6995584239130435 0.9295459692028986 0.6687754755434783 0.925300045289855
0 0.7377717391304347 0.13980412137681164 0.7674932065217391 0.14121942934782614 0.7239724864130435 0.9677592844202899 0.6963739809782609 0.9620980525362319
0 0.7728006114130435 0.13555819746376815 0.8237516983695652 0.13838881340579715 0.7632472826086956 0.9705899003623188 0.7282184103260869 0.9677592844202899
0 0.8237516983695652 0.22896852355072464 0.8566576086956521 0.23179913949275363 0.8067680027173914 0.9408684329710145 0.775985054347826 0.9380378170289855
