0 0.030825407608695676 0.19217051630434787 0.07328464673913046 0.9889889039855072 0.09769870923913046 0.9932348278985508 0.05630095108695657 0.19500113224637683
0 0.06585427989130435 0.3011492300724638 0.10194463315217392 0.9988960597826088 0.142280910326087 0.9946501358695653 0.117866847826087 0.30256453804347827
0 0.11468240489130435 0.2657665307971015 0.14440387228260873 0.9932348278985508 0.1730638586956522 0.9932348278985508 0.14758831521739132 0.2714277626811594
0 0.14971127717391305 0.20349298007246377 0.17624830163043478 0.9847429800724637 0.1942934782608696 0.9861582880434782 0.1730638586956522 0.20349298007246377
0 0.17200237771739132 0.2020776721014493 0.1931028223487463 0.9996744791666666 0.22507642663043478 0.9988960597826088 0.20172384510869565 0.19641644021739132
0 0.2218919836956522 0.2572746829710145 0.2526749320652174 0.258689990942029 0.2654127038043479 0.9875735960144927 0.23887567934782608 0.9847429800724637
0 0.2526749320652174 0.2601052989130435 0.2834578804347826 0.2601052989130435 0.29407269021739124 0.9946501358695653 0.2654127038043479 0.9946501358695653
0 0.2834578804347826 0.21056951992753625 0.2983186141304348 0.9918195199275361 0.33016304347826086 0.9946501358695653 0.3206097146739131 0.21198482789855075
0 0.32485563858695654 0.21056951992753625 0.33015876331302596 0.9996744791666665 0.3588230298913043 0.9946501358695653 0.35563858695652173 0.2148154438405797
0 0.36413043478260865 0.3704993206521739 0.3991593070652174 0.3733299365942029 0.39386923491511217 0.9996744791666666 0.36413043478260865 0.9996744791666666
0 0.40128226902173914 0.37616055253623193 0.3959748641304348 0.9988960597826088 0.4214504076086957 0.9988960597826088 0.4320652173913043 0.37474524456521735
0 0.4363111413043478 0.20632359601449277 0.42043000707754724 0.9996744791666666 0.4448029891304348 0.9960654438405797 0.4607252038043478 0.20632359601449277
0 0.46709408967391297 0.3068104619565218 0.4458839666980923 0.9996744791666666 0.47983186141304346 0.9996744791666666 0.5063688858695652 0.30822576992753625
0 0.5095533288043478 0.30397984601449274 0.5477666440217391 0.30822576992753625 0.5137992527173912 0.9932348278985508 0.4819548233695652 0.9946501358695653
0 0.5520125679347826 0.3124716938405797 0.5137992527173912 0.9932348278985508 0.5435207201086957 0.9932348278985508 0.5827955163043478 0.3138870018115942
0 0.589164402173913 0.2827502264492754 0.5477666440217391 0.9918195199275361 0.5711192255434783 0.9946501358695653 0.6178243885869565 0.2799196105072464
0 0.6231317934782609 0.2770889945652174 0.5732421875 0.9946501358695653 0.6019021739130435 0.9946501358695653 0.6602836277173912 0.28133491847826086
0 0.6634680706521738 0.2940726902173913 0.6053721149752126 0.9996744791666666 0.6348080842391304 0.9996744791666666 0.6963739809782609 0.29124207427536236
0 0.7080502717391304 0.2006623641304348 0.6369310461956521 0.9960654438405797 0.6634680706521738 0.9988960597826088 0.7345872961956521 0.1992470561594203
0 0.7239724864130435 0.4072973278985507 0.6655910326086957 0.9960654438405797 0.6910665760869565 0.9988960597826088 0.7494480298913043 0.4058820199275362
0 0.7674932065217391 0.19358582427536233 0.6921280570652174 0.9960654438405797 0.7314028532608695 0.9974807518115942 0.8088909646739131 0.19358582427536233
0 0.8173828125 0.19500113224637683 0.7345872961956521 0.9974807518115942 0.7685546875 0.9988960597826088 0.8577190896739131 0.19358582427536233
0 0.8609035326086956 0.19358582427536233 0.7738620923913043 0.9988960597826088 0.8088909646739131 0.9960654438405797 0.8991168478260869 0.2006623641304348
0 0.8927479619565217 0.2714277626811594 0.9203464673913042 0.27567368659420294 0.8333050271739131 0.9960654438405797 0.8088909646739131 0.9960654438405797
