0 0.8471042798913042 0.1482959692028986 0.8736413043478259 0.1482959692028986 0.8789487092391304 0.9479449728260869 0.8545346467391304 0.9465296648550724
0 0.7961531929347825 0.15254189311594207 0.8428583559782608 0.14971127717391308 0.8534731657608696 0.945114356884058 0.8046450407608696 0.9465296648550724
0 0.751570991847826 0.08177649456521742 0.79296875 0.08177649456521742 0.8046450407608696 0.9479449728260869 0.7621858016304347 0.9493602807971014
0 0.7016813858695652 0.13131227355072467 0.751570991847826 0.13272758152173916 0.7621858016304347 0.9479449728260869 0.7154806385869565 0.9479449728260869
0 0.6613451086956521 0.14405004528985513 0.702742866847826 0.1426347373188406 0.7144191576086957 0.9479449728260869 0.6772673233695652 0.9493602807971014
0 0.6305621603260869 0.16244904891304351 0.6645295516304347 0.16103374094202902 0.6804517663043478 0.9493602807971014 0.6390540081521738 0.9507755887681159
0 0.629500679347826 0.163864356884058 0.5923488451086957 0.16103374094202902 0.6019021739130435 0.9521908967391304 0.6401154891304347 0.9521908967391304
0 0.5541355298913043 0.14405004528985513 0.5923488451086957 0.14405004528985513 0.6019021739130435 0.9507755887681159 0.5594429347826086 0.9550215126811593
0 0.5180451766304348 0.1482959692028986 0.5530740489130435 0.14971127717391308 0.5626273777173912 0.9550215126811593 0.5244140625 0.9592674365942028
0 0.4840777853260869 0.1482959692028986 0.5222911005434783 0.1482959692028986 0.5265370244565217 0.9564368206521738 0.48620074728260865 0.9592674365942028
0 0.4458644701086957 0.08460711050724641 0.4904466711956521 0.07611526268115947 0.4872622282608695 0.9620980525362319 0.44268002717391297 0.9649286684782609
0 0.4087126358695652 0.08319180253623193 0.4479874320652174 0.08319180253623193 0.4448029891304348 0.9620980525362319 0.4087126358695652 0.9620980525362319
0 0.37899116847826086 0.1454653532608696 0.40977411684782605 0.1468806612318841 0.4087126358695652 0.9635133605072465 0.3715608016304348 0.9620980525362319
0 0.3386548913043478 0.1426347373188406 0.3259171195652174 0.9649286684782609 0.3715608016304348 0.9691745923913043 0.37899116847826086 0.14121942934782614
0 0.2961956521739131 0.16103374094202902 0.3344089673913043 0.16527966485507248 0.3259171195652174 0.9620980525362319 0.2834578804347826 0.9649286684782609
0 0.2685971467391305 0.15254189311594207 0.29407269021739124 0.15254189311594207 0.2834578804347826 0.9691745923913043 0.255859375 0.9691745923913043
0 0.24418308423913046 0.15254189311594207 0.2654127038043479 0.15678781702898553 0.2590438179347826 0.9705899003623188 0.22826086956521743 0.9705899003623188
0 0.1974779211956522 0.1482959692028986 0.24524456521739132 0.14971127717391308 0.22826086956521743 0.9677592844202899 0.18261718750000003 0.9677592844202899
0 0.1560801630434783 0.1482959692028986 0.19853940217391305 0.1468806612318841 0.1836786684782609 0.9705899003623188 0.1380349864130435 0.9734205163043478
0 0.12211277173913046 0.1468806612318841 0.15501868206521743 0.1468806612318841 0.13591202445652176 0.9677592844202899 0.10512907608695657 0.9720052083333334
0 0.09239130434782614 0.1482959692028986 0.12211277173913046 0.1482959692028986 0.10619055706521743 0.9705899003623188 0.0722231657608696 0.9720052083333334
0 0.09132982336956522 0.1468806612318841 0.04887058423913046 0.14405004528985513 0.03188688858695654 0.9705899003623188 0.0722231657608696 0.9705899003623188
0 0.006411345108695676 0.15395720108695657 0.049932065217391325 0.15395720108695657 0.02976392663043481 0.9720052083333334 4.2459239130460125e-05 0.9748358242753623
