0 0.020210597826086973 0.13838881340579715 0.08389945652173916 0.9408684329710145 0.054177989130434784 0.9465296648550724 0.003226902173913082 0.3308706974637681 4.2459239130460125e-05 0.13980412137681164
0 0.02657948369565219 0.9408684329710145 3.469446951953614e-18 0.6546278393255293 0.003226902173913082 0.3478543931159421 0.04887058423913046 0.9380378170289855
0 0.032948369565217406 0.20632359601449277 0.08602241847826089 0.9408684329710145 0.11680536684782614 0.945114356884058 0.06479279891304349 0.21198482789855075
0 0.06373131793478262 0.20349298007246377 0.117866847826087 0.9521908967391304 0.1348505434782609 0.9578521286231884 0.08602241847826089 0.2020776721014493
0 0.07859205163043478 0.12989696557971017 0.13272758152173916 0.9748358242753623 0.16032608695652176 0.9776664402173912 0.117866847826087 0.12423573369565222
0 0.11468240489130435 0.12706634963768118 0.16138756793478262 0.9875735960144927 0.19004755434782608 0.9974807518115942 0.14652683423913046 0.1256510416666667
0 0.16032608695652176 0.2431216032608696 0.19853940217391305 0.9804970561594203 0.23462975543478262 0.9904042119565216 0.20278532608695657 0.2431216032608696
0 0.22613790760869565 0.2374603713768116 0.2505519701086957 0.9649286684782609 0.28133491847826086 0.9734205163043478 0.2685971467391305 0.2417062952898551
0 0.26965862771739135 0.12423573369565222 0.2802734375 0.9819123641304347 0.30044157608695654 0.9819123641304347 0.2919497282608695 0.1284816576086957
0 0.2961956521739131 0.12282042572463771 0.30256453804347827 0.9861582880434782 0.32485563858695654 0.9861582880434782 0.32167119565217395 0.1256510416666667
0 0.3322860054347826 0.1978317481884058 0.3322860054347826 0.9705899003623188 0.3726222826086957 0.9790817481884058 0.37899116847826086 0.19217051630434787
0 0.38005264945652173 0.16952558876811596 0.37368376358695654 0.9889889039855072 0.4140200407608695 0.9889889039855072 0.4320652173913043 0.17377151268115942
0 0.4331266983695652 0.19075520833333334 0.4172044836956521 0.9918195199275361 0.4543563179347826 0.9946501358695653 0.47983186141304346 0.19358582427536233
0 0.4787703804347826 0.22472259963768118 0.4575407608695652 0.9946501358695653 0.507430366847826 0.9960654438405797 0.5350288722826086 0.22472259963768118
0 0.5477666440217391 0.11008265398550728 0.5106148097826086 0.9974807518115942 0.5424592391304348 0.9960654438405797 0.5774881114130435 0.11574388586956526
0 0.5838569972826086 0.10017549818840583 0.5413977581521738 0.9960654438405797 0.5743036684782609 0.9932348278985508 0.6241932744565217 0.09734488224637684
0 0.6252547554347826 0.09734488224637684 0.5774881114130435 0.9974807518115942 0.5980543053668476 0.9996744791666666 0.6517917798913043 0.10159080615942033
0 0.6486073369565217 0.22896852355072464 0.6086707556200592 0.9996744791666666 0.6411769701086957 0.9996744791666666 0.6878821331521738 0.22755321557971017
0 0.6984969429347826 0.10300611413043483 0.6433391097543204 0.9996744791666669 0.686820652173913 0.9996744791666666 0.7536939538043478 0.1058367300724638
0 0.7430791440217391 0.18226336050724637 0.7855383831521738 0.1850939764492754 0.7165421195652174 0.9946501358695653 0.693932574728261 0.9996744791666666
0 0.7940302309782608 0.17235620471014493 0.7186650815217391 0.9946501358695653 0.7568783967391304 0.9946501358695653 0.8311820652173914 0.17660212862318844
0 0.8322435461956521 0.18226336050724637 0.8630264945652173 0.18226336050724637 0.7823539402173912 0.9932348278985508 0.7547554347826086 0.9932348278985508
0 0.8725798233695652 0.0874377264492754 0.784476902173913 0.9974807518115942 0.8131368885869565 0.9960654438405797 0.9076086956521738 0.0874377264492754
