0 0.055239470108695704 0.09309895833333337 0.0796535326086957 0.09026834239130438 0.06691576086956522 0.9550215126811593 0.03931725543478262 0.9507755887681159
0 0.08389945652173916 0.19217051630434787 0.06797724184782614 0.9536062047101449 0.1210512907608696 0.9578521286231884 0.12954313858695657 0.18792459239130435
0 0.13272758152173916 0.15537250905797104 0.16775645380434787 0.15678781702898553 0.15820312500000003 0.9564368206521738 0.12211277173913046 0.9536062047101449
0 0.1698794157608696 0.09168365036231889 0.15820312500000003 0.9465296648550724 0.17624830163043478 0.9507755887681159 0.19217051630434787 0.09026834239130438
0 0.191109035326087 0.07611526268115947 0.2187075407608696 0.07469995471014497 0.20384680706521743 0.9677592844202899 0.17518682065217392 0.9677592844202899
0 0.239937160326087 0.1468806612318841 0.22613790760869565 0.9465296648550724 0.25479789402173914 0.9493602807971014 0.26328974184782605 0.1454653532608696
0 0.2654127038043479 0.13980412137681164 0.30362601902173914 0.13697350543478265 0.2887652853260869 0.9635133605072465 0.255859375 0.9606827445652174
0 0.3078719429347826 0.0874377264492754 0.3407778532608695 0.0888530344202899 0.32485563858695654 0.9592674365942028 0.2855808423913043 0.9606827445652174
0 0.3375934103260869 0.0860224184782609 0.3259171195652174 0.9635133605072465 0.36413043478260865 0.9663439764492754 0.3747452445652174 0.0888530344202899
0 0.38217561141304346 0.2501981431159421 0.4140200407608695 0.2501981431159421 0.40234375 0.9592674365942028 0.3662533967391304 0.9592674365942028
0 0.4118970788043478 0.24736752717391305 0.44692595108695654 0.24595221920289856 0.43100373641304346 0.9677592844202899 0.40234375 0.9635133605072465
0 0.45329483695652173 0.07469995471014497 0.47983186141304346 0.07469995471014497 0.46178668478260865 0.9663439764492754 0.42888077445652173 0.9635133605072465
0 0.4819548233695652 0.1808480525362319 0.5222911005434783 0.18226336050724637 0.5031844429347826 0.9720052083333334 0.4628481657608695 0.9663439764492754
0 0.5254755434782609 0.1780174365942029 0.5668733016304348 0.1794327445652174 0.5445822010869565 0.9677592844202899 0.5031844429347826 0.9649286684782609
0 0.5711192255434783 0.1808480525362319 0.6061480978260869 0.1808480525362319 0.5732421875 0.9705899003623188 0.5435207201086957 0.9649286684782609
0 0.6125169836956521 0.1468806612318841 0.5785495923913043 0.9663439764492754 0.6103940217391304 0.9705899003623188 0.6411769701086957 0.1468806612318841
0 0.6475458559782609 0.13980412137681164 0.6114555027173912 0.9720052083333334 0.6443614130434783 0.9776664402173912 0.6836362092391304 0.13697350543478265
0 0.6825747282608695 0.14971127717391308 0.6443614130434783 0.9776664402173912 0.6804517663043478 0.9833276721014492 0.7186650815217391 0.1468806612318841
0 0.7260954483695652 0.042147871376811634 0.7590013586956521 0.040732563405797145 0.7154806385869565 0.9932348278985508 0.678328804347826 0.9889889039855072
0 0.7494480298913043 0.24595221920289856 0.7834154211956521 0.24878283514492758 0.7473250679347826 0.9932348278985508 0.7154806385869565 0.9889889039855072
0 0.7908457880434783 0.029410099637681198 0.7473250679347826 0.9946501358695653 0.79296875 0.9988960597826088 0.8333050271739131 0.023748867753623226
0 0.8428583559782608 0.020918251811594245 0.7982761548913042 0.9988960597826088 0.8428583559782608 0.9974807518115942 0.8853175951086956 0.015257019927536274
0 0.8885020380434783 0.023748867753623226 0.8449813179347825 0.9960654438405797 0.890625 0.9988960597826088 0.9298997961956521 0.016672327898550766
0 0.9309612771739131 0.10159080615942033 0.962805706521739 0.10017549818840583 0.9192849864130435 0.9988960597826088 0.890625 0.9960654438405797
