0 0.008534307065217406 0.12282042572463771 0.05099354619565219 0.12140511775362323 0.003226902173913082 0.8785948822463768 4.2459239130460125e-05 0.18226336050724637
0 0.047809103260869595 0.12140511775362323 0.07434612771739132 0.12140511775362323 0.023395040760869595 0.9960654438405797 0.0011039402173913249 0.9974807518115942
0 0.07116168478260873 0.11857450181159424 0.09769870923913046 0.11857450181159424 0.04674762228260873 0.9946501358695653 0.021272078804347866 0.9960654438405797
0 0.09769870923913046 0.12423573369565222 0.13272758152173916 0.1284816576086957 0.08602241847826089 0.9932348278985508 0.043563179347826136 0.9946501358695653
0 0.1380349864130435 0.09876019021739135 0.0849984309411474 0.9996744791666666 0.13272758152173916 0.9996744791666666 0.1804942255434783 0.10300611413043483
0 0.18261718750000003 0.10300611413043483 0.20703125000000003 0.10442142210144932 0.166694972826087 0.9974807518115942 0.13378906250000003 0.9918195199275361
0 0.215523097826087 0.026579483695652217 0.1689162257643403 0.9996744791666665 0.20703125000000003 0.9974807518115942 0.2505519701086957 0.026579483695652217
0 0.2505519701086957 0.011011096014492796 0.20736816466561422 0.9996744791666666 0.24736752717391305 0.9988960597826088 0.2898267663043479 0.009595788043478303
0 0.2887652853260869 0.0874377264492754 0.3237941576086957 0.0860224184782609 0.2951341711956521 0.9932348278985508 0.2463060461956522 0.9932348278985508
0 0.32697860054347827 0.08177649456521742 0.3662533967391304 0.08319180253623193 0.3419313564747073 0.9996744791666665 0.2993800951086957 0.9946501358695653
0 0.36731487771739124 0.08036118659420294 0.4087126358695652 0.07611526268115947 0.3875624248050116 0.9996744791666666 0.34290081521739124 0.9988960597826088
0 0.4118970788043478 0.09309895833333337 0.4564792798913043 0.0874377264492754 0.4363252120987108 0.9996744791666669 0.3874830163043478 0.9974807518115942
0 0.4543563179347826 0.09026834239130438 0.49787703804347827 0.08460711050724641 0.4830724041899745 0.9996744791666666 0.43737262228260865 0.9974807518115942
0 0.49575407608695654 0.05913156702898555 0.548828125 0.05205502717391308 0.5307829483695652 0.9988960597826088 0.4808933423913043 0.9988960597826088
0 0.5435207201086957 0.037901947463768154 0.6072095788043478 0.03224071557971019 0.589164402173913 0.9974807518115942 0.5275985054347826 0.9974807518115942
0 0.6114555027173912 0.00818048007246381 0.5934103260869565 0.9960654438405797 0.6496688179347826 0.9960654438405797 0.6591921065267428 1.4802973661668753e-16
0 0.6645295516304347 0.0492244112318841 0.6486073369565217 0.9946501358695653 0.7122961956521738 0.9960654438405797 0.7239724864130435 0.040732563405797145
0 0.7345872961956521 0.03507133152173917 0.7165804292374196 0.9996744791666666 0.7505095108695652 0.9974807518115942 0.7696161684782609 0.027994791666666703
