0 0.015964673913043514 0.1836786684782609 0.005349864130434812 0.9819123641304347 0.03825577445652176 0.9861582880434782 0.04887058423913046 0.18650928442028988
0 0.054177989130434784 0.15820312500000003 0.04147120693664284 0.9996744791666666 0.07328464673913046 0.9988960597826088 0.0828379755434783 0.16244904891304351
0 0.08920686141304349 0.163864356884058 0.07540760869565219 0.9974807518115942 0.10831351902173916 0.9974807518115942 0.1210512907608696 0.16952558876811596
0 0.11680536684782614 0.29265738224637683 0.13697350543478262 0.29124207427536236 0.1316661005434783 0.9988960597826088 0.10619055706521743 0.9988960597826088
0 0.14334239130434787 0.0888530344202899 0.1306135201821159 0.9996744791666666 0.16138756793478262 0.9960654438405797 0.1698794157608696 0.0874377264492754
0 0.17094089673913046 0.16103374094202902 0.16457201086956522 0.9974807518115942 0.19853940217391305 0.9974807518115942 0.2112771739130435 0.15961843297101455
0 0.21233865489130435 0.09026834239130438 0.20278532608695657 0.9946501358695653 0.24524456521739132 0.9974807518115942 0.25692085597826086 0.08177649456521742
0 0.26010529891304346 0.0874377264492754 0.2516325117361018 0.9996744791666666 0.30574898097826086 0.9996744791666666 0.31211786684782605 0.0874377264492754
0 0.3131793478260869 0.2006623641304348 0.30579411260788236 0.9996744791666666 0.3651919157608695 0.9974807518115942 0.3620074728260869 0.19358582427536233
0 0.3747452445652174 0.13555819746376815 0.3683810493644595 0.9996744791666666 0.4416185461956521 0.9974807518115942 0.44904891304347827 0.13697350543478265
0 0.4479874320652174 0.2006623641304348 0.48301630434782605 0.1992470561594203 0.47456108509070727 0.9996744791666665 0.4416185461956521 0.9974807518115942
0 0.48620074728260865 0.08036118659420294 0.47452445652173914 0.9974807518115942 0.4968155570652174 0.9960654438405797 0.5053074048913043 0.08036118659420294
0 0.5063688858695652 0.18933990036231885 0.5021229619565217 0.9974807518115942 0.5509510869565217 0.9960654438405797 0.556258491847826 0.19075520833333334
0 0.564750339673913 0.07753057065217395 0.5530821077026791 0.9996744791666666 0.5817340353260869 0.9996744791666666 0.5923488451086957 0.07328464673913047
0 0.5934103260869565 0.1482959692028986 0.5838641384752364 0.9996744791666665 0.5838641384752441 0.9996744791666666 0.6167629076086957 0.9996744791666666 0.6210088315217391 0.14971127717391308
0 0.6241932744565217 0.1850939764492754 0.6146399456521738 0.9960654438405797 0.6708984375 0.9974807518115942 0.6740828804347826 0.1850939764492754
0 0.6730213994565217 0.07328464673913047 0.6708984375 0.9974807518115942 0.7122961956521738 0.9932348278985508 0.7154806385869565 0.07186933876811598
0 0.7144191576086957 0.15112658514492758 0.7420176630434783 0.1482959692028986 0.7345872961956521 0.9946501358695653 0.711234714673913 0.9946501358695653
0 0.7420176630434783 0.15537250905797104 0.7728006114130435 0.15254189311594207 0.7706776494565217 0.9946501358695653 0.735648777173913 0.9889889039855072
0 0.7738620923913043 0.07469995471014497 0.7738620923913043 0.9988960597826088 0.8057065217391304 0.9946501358695653 0.8057065217391304 0.07469995471014497
0 0.8088909646739131 0.07753057065217395 0.8078302163128918 0.9996744791666666 0.8460427989130435 0.9988960597826088 0.8439198369565217 0.07045403079710148
0 0.8460427989130435 0.15112658514492758 0.8481657608695652 0.9946501358695653 0.8842561141304348 0.9946501358695653 0.8800101902173914 0.15395720108695657
0 0.8800101902173914 0.07611526268115947 0.8874405570652173 0.9960654438405797 0.9182235054347825 0.9988960597826088 0.9118546195652173 0.069038722826087
