0 0.8333050271739131 0.1468806612318841 0.8725798233695652 0.14971127717391308 0.8057065217391304 0.9946501358695653 0.7558169157608695 0.9889889039855072
0 0.7791694972826086 0.18226336050724637 0.8237516983695652 0.1836786684782609 0.7581049765754287 0.9996744791666666 0.7165421195652174 0.9889889039855072
0 0.7345872961956521 0.17094089673913046 0.775985054347826 0.17094089673913046 0.7154806385869565 0.9960654438405797 0.6730213994565217 0.9932348278985508
0 0.6793902853260869 0.19075520833333334 0.7218495244565217 0.19217051630434787 0.6772673233695652 0.9748358242753623 0.6316236413043478 0.9691745923913043
0 0.637992527173913 0.2884114583333333 0.6666525135869565 0.2884114583333333 0.6316236413043478 0.9691745923913043 0.5955332880434783 0.9635133605072465
0 0.6114555027173912 0.20349298007246377 0.6411769701086957 0.20349298007246377 0.5997792119565217 0.9578521286231884 0.5689962635869565 0.9550215126811593
0 0.5721807065217391 0.16811028079710147 0.613578464673913 0.16811028079710147 0.5689962635869565 0.9493602807971014 0.5329059103260869 0.9408684329710145
0 0.5456436820652174 0.20349298007246377 0.5711192255434783 0.20349298007246377 0.5286599864130435 0.945114356884058 0.507430366847826 0.9422837409420289
0 0.5212296195652174 0.20490828804347827 0.5467051630434783 0.20632359601449277 0.5042459239130435 0.9507755887681159 0.47983186141304346 0.945114356884058
0 0.48301630434782605 0.20915421195652176 0.5212296195652174 0.21056951992753625 0.47983186141304346 0.9479449728260869 0.4479874320652174 0.9436990489130435
0 0.4575407608695652 0.1468806612318841 0.48620074728260865 0.1482959692028986 0.4448029891304348 0.945114356884058 0.41932744565217395 0.9408684329710145
0 0.4172044836956521 0.2940726902173913 0.451171875 0.2954879981884058 0.4214504076086957 0.939453125 0.3832370923913043 0.9366225090579711
0 0.3906674592391304 0.21198482789855075 0.41826596467391297 0.21056951992753625 0.38217561141304346 0.939453125 0.35245414402173914 0.933791893115942
0 0.3630689538043478 0.21198482789855075 0.38854449728260865 0.20915421195652176 0.35245414402173914 0.9295459692028986 0.33016304347826086 0.9295459692028986
0 0.34290081521739124 0.21623075181159424 0.36413043478260865 0.2148154438405797 0.33122452445652173 0.9267153532608696 0.30256453804347827 0.9238847373188405
0 0.2770889945652174 0.2190613677536232 0.3450237771739131 0.21623075181159424 0.30362601902173914 0.9267153532608696 0.24206012228260873 0.9168081974637681
0 0.24949048913043478 0.21198482789855075 0.27284307065217395 0.21340013586956522 0.23675271739130435 0.919638813405797 0.2112771739130435 0.9168081974637681
0 0.2218919836956522 0.28133491847826086 0.24736752717391305 0.2799196105072464 0.21446161684782608 0.9054857336956522 0.18792459239130435 0.8998245018115942
0 0.19217051630434787 0.23179913949275363 0.23462975543478262 0.23179913949275363 0.19004755434782608 0.8913326539855072 0.16563349184782608 0.8856714221014492
0 0.16457201086956522 0.23604506340579712 0.19641644021739132 0.23462975543478262 0.16351052989130435 0.8885020380434782 0.1348505434782609 0.8842561141304347
0 0.1348505434782609 0.25161345108695654 0.1624490489130435 0.25161345108695654 0.13697350543478262 0.8715183423913043 0.1072520380434783 0.8715183423913043
0 0.09982167119565219 0.24029098731884058 0.13060461956521743 0.23887567934782608 0.1072520380434783 0.8715183423913043 0.07328464673913046 0.8701030344202899
0 0.055239470108695704 0.22896852355072464 0.0966372282608696 0.23321444746376815 0.06797724184782614 0.8757642663043478 0.03719429347826089 0.8771795742753623
0 0.01702615489130438 0.22613790760869568 0.052055027173913054 0.22755321557971017 0.032948369565217406 0.8757642663043478 0.0 0.8722022804054054
