0 0.9500679347826086 0.027994791666666703 0.9054857336956521 0.030825407608695694 0.9298997961956521 0.9026551177536232 0.9904042119565217 0.9040704257246377
0 0.8598420516304348 0.10017549818840583 0.9023012907608696 0.09592957427536236 0.9277768342391304 0.8955785778985508 0.8789487092391304 0.8998245018115942
0 0.7664317255434783 0.12140511775362323 0.8577190896739131 0.11008265398550728 0.8704568614130435 0.9097316576086957 0.7685546875 0.8998245018115942
0 0.6921280570652174 0.14971127717391308 0.7590013586956521 0.1454653532608696 0.7685546875 0.9026551177536232 0.7016813858695652 0.8984091938405797
0 0.6072095788043478 0.15254189311594207 0.6900050951086957 0.13980412137681164 0.6942510190217391 0.9012398097826088 0.6029636548913043 0.8998245018115942
0 0.5244140625 0.15537250905797104 0.6019021739130435 0.15395720108695657 0.6019021739130435 0.9040704257246377 0.5137992527173912 0.8984091938405797
0 0.48620074728260865 0.15395720108695657 0.5233525815217391 0.15395720108695657 0.5084918478260869 0.9026551177536232 0.46815557065217395 0.9012398097826088
0 0.4458644701086957 0.2148154438405797 0.4851392663043478 0.21340013586956522 0.46709408967391297 0.9069010416666666 0.42463485054347827 0.9026551177536232
0 0.4203889266304348 0.08319180253623193 0.45329483695652173 0.07894587862318846 0.4235733695652174 0.8998245018115942 0.38217561141304346 0.8998245018115942
0 0.38854449728260865 0.08460711050724641 0.41932744565217395 0.08177649456521742 0.3842985733695652 0.8955785778985508 0.35139266304347827 0.8984091938405797
0 0.3620074728260869 0.16244904891304351 0.38536005434782605 0.16103374094202902 0.3567000679347826 0.8998245018115942 0.33122452445652173 0.9026551177536232
0 0.3206097146739131 0.1284816576086957 0.36094599184782605 0.12706634963768118 0.3322860054347826 0.8998245018115942 0.2898267663043479 0.9012398097826088
0 0.27602751358695654 0.23179913949275363 0.3142408288043478 0.23038383152173914 0.2887652853260869 0.9012398097826088 0.24842900815217392 0.8984091938405797
0 0.24206012228260873 0.16811028079710147 0.27921195652173914 0.16952558876811596 0.2505519701086957 0.8984091938405797 0.20703125000000003 0.8984091938405797
0 0.19641644021739132 0.22472259963768118 0.23887567934782608 0.22330729166666666 0.20915421195652176 0.8969938858695653 0.16881793478260873 0.8969938858695653
0 0.16881793478260873 0.14405004528985513 0.20066236413043478 0.14405004528985513 0.17094089673913046 0.8984091938405797 0.1348505434782609 0.8969938858695653
0 0.1348505434782609 0.17660212862318844 0.1698794157608696 0.1780174365942029 0.1348505434782609 0.8927479619565216 0.093452785326087 0.8955785778985508
0 0.09451426630434787 0.17660212862318844 0.1348505434782609 0.1780174365942029 0.09557574728260873 0.8955785778985508 0.05948539402173916 0.8927479619565216
0 0.06797724184782614 0.1780174365942029 0.09132982336956522 0.1780174365942029 0.06054687500000003 0.8941632699275363 0.02976392663043481 0.8941632699275363
