0 0.6995584239130435 0.08319180253623193 0.7483865489130435 0.07328464673913047 0.8078294836956521 0.8842561141304347 0.7473250679347826 0.8800101902173912
0 0.662406589673913 0.10442142210144932 0.6942510190217391 0.09592957427536236 0.7462635869565217 0.8771795742753623 0.7038043478260869 0.8800101902173912
0 0.6167629076086957 0.09734488224637684 0.6602836277173912 0.09451426630434785 0.7038043478260869 0.8757642663043478 0.653914741847826 0.8771795742753623
0 0.5838569972826086 0.1482959692028986 0.6157014266304348 0.14405004528985513 0.653914741847826 0.8800101902173912 0.6167629076086957 0.8814254981884058
0 0.5382133152173912 0.10017549818840583 0.5764266304347826 0.09876019021739135 0.6167629076086957 0.8729336503623188 0.5753651494565217 0.8785948822463768
0 0.5010614809782609 0.11432857789855076 0.5382133152173912 0.11291326992753627 0.5743036684782609 0.8701030344202899 0.5297214673913043 0.8715183423913043
0 0.4724014945652174 0.16952558876811596 0.5 0.16527966485507248 0.5307829483695652 0.8658571105072465 0.49575407608695654 0.8672724184782609
0 0.4352496603260869 0.15820312500000003 0.46497112771739124 0.15820312500000003 0.4883237092391304 0.8771795742753623 0.45223335597826086 0.8800101902173912
0 0.39809782608695654 0.18650928442028988 0.43737262228260865 0.1836786684782609 0.45329483695652173 0.8800101902173912 0.40446671195652173 0.8785948822463768
0 0.35457710597826086 0.166694972826087 0.3959748641304348 0.16103374094202902 0.40446671195652173 0.8743489583333334 0.35457710597826086 0.8771795742753623
0 0.32697860054347827 0.07753057065217395 0.35563858695652173 0.07328464673913047 0.35563858695652173 0.8729336503623188 0.32485563858695654 0.8729336503623188
0 0.28770380434782605 0.15537250905797104 0.3195482336956521 0.15395720108695657 0.3237941576086957 0.8701030344202899 0.2898267663043479 0.8729336503623188
0 0.26965862771739135 0.1850939764492754 0.29088824728260865 0.18226336050724637 0.29088824728260865 0.8686877264492754 0.2611667798913043 0.8686877264492754
0 0.23887567934782608 0.1992470561594203 0.2685971467391305 0.1992470561594203 0.2643512228260869 0.8686877264492754 0.23038383152173916 0.8672724184782609
0 0.19853940217391305 0.11857450181159424 0.2431216032608696 0.11715919384057975 0.23144531250000003 0.8630264945652174 0.19004755434782608 0.861611186594203
0 0.16457201086956522 0.13272758152173916 0.20278532608695657 0.12706634963768118 0.19004755434782608 0.8601958786231884 0.15077275815217392 0.8601958786231884
0 0.1380349864130435 0.09309895833333337 0.16138756793478262 0.09309895833333337 0.14971127717391305 0.8587805706521738 0.12635869565217392 0.8559499547101449
0 0.1072520380434783 0.12706634963768118 0.13591202445652176 0.12706634963768118 0.12529721467391305 0.8559499547101449 0.08920686141304349 0.8587805706521738
0 0.0828379755434783 0.12423573369565222 0.10831351902173916 0.12140511775362323 0.08814538043478262 0.8559499547101449 0.0584239130434783 0.8573652626811593
0 0.057362432065217434 0.10159080615942033 0.08177649456521743 0.10159080615942033 0.057362432065217434 0.8573652626811593 0.02976392663043481 0.8545346467391304
0 0.05099354619565219 0.1850939764492754 0.020210597826086973 0.18650928442028988 0.0021654211956521896 0.8531193387681159 0.025518002717391325 0.8531193387681159
