0 0.032948369565217406 0.1426347373188406 0.0 0.6533344655797105 0.0 0.9932348278985508 0.025518002717391325 0.9974807518115942 0.07116168478260873 0.1482959692028986
0 0.07010020380434787 0.14121942934782614 0.09769870923913046 0.1482959692028986 0.05004692696503896 0.9996744791666666 0.02445652173913046 0.9996744791666666
0 0.09876019021739132 0.13980412137681164 0.05099354619565219 0.9988960597826088 0.0828379755434783 0.9988960597826088 0.1380349864130435 0.14405004528985513
0 0.13591202445652176 0.13697350543478265 0.15714164402173916 0.13697350543478265 0.10406759510869565 0.9918195199275361 0.08177649456521743 0.9904042119565216
0 0.15820312500000003 0.04356317934782613 0.10410363207385998 0.9996744791666669 0.14121942934782614 0.9988960597826088 0.19323199728260873 0.044978487318840625
0 0.19853940217391305 0.03507133152173917 0.13909646739130435 0.9974807518115942 0.18792459239130435 0.9974807518115942 0.2356912364130435 0.03507133152173917
0 0.24206012228260873 0.1256510416666667 0.2707201086956522 0.13555819746376815 0.22083050271739132 0.9932348278985508 0.191109035326087 0.9932348278985508
0 0.27815047554347827 0.09168365036231889 0.22430450778880184 0.9996744791666666 0.2930112092391304 0.9996744791666666 0.33016304347826086 0.09592957427536236
0 0.33122452445652173 0.24878283514492758 0.29407269021739124 0.9946501358695653 0.3386548913043478 0.9946501358695653 0.37580672554347827 0.2501981431159421
0 0.37686820652173914 0.13838881340579715 0.33971637228260865 0.9946501358695653 0.38217561141304346 0.9946501358695653 0.4214504076086957 0.13980412137681164
0 0.42888077445652173 0.027994791666666703 0.3832370923913043 0.9946501358695653 0.4448029891304348 0.9960654438405797 0.4872622282608695 0.02233355978260874
0 0.4904466711956521 0.03224071557971019 0.44801536577517165 0.9996744791666666 0.4904466711956521 0.9960654438405797 0.5329059103260869 0.03507133152173917
0 0.5371518342391304 0.025164175724637722 0.49490427773152806 0.9996744791666666 0.5180451766304348 0.9996744791666666 0.5605044157608695 0.023748867753623226
0 0.564750339673913 0.016672327898550766 0.5192670980980211 0.9996744791666669 0.5626273777173912 0.9996744791666666 0.6029636548913043 0.011011096014492796
0 0.6019021739130435 0.015257019927536274 0.5689962635869565 0.9932348278985508 0.6093325407608695 0.9946501358695653 0.6369310461956521 0.009595788043478303
0 0.6358695652173912 0.11291326992753627 0.6719599184782609 0.11857450181159424 0.6496688179347826 0.9974807518115942 0.6103940217391304 0.9946501358695653
0 0.6740828804347826 0.12423573369565222 0.6508598268973682 0.9996744791666666 0.6974354619565217 0.9996744791666666 0.7186650815217391 0.12423573369565222
0 0.7260954483695652 0.11857450181159424 0.6974354619565217 0.9988960597826088 0.7388332201086956 0.9960654438405797 0.7611243206521738 0.11574388586956526
0 0.7590013586956521 0.11008265398550728 0.7388476488246958 0.9996744791666666 0.7812924592391304 0.9960654438405797 0.79296875 0.11008265398550728
0 0.79296875 0.15112658514492758 0.8502887228260869 0.1482959692028986 0.8343665081521738 0.9960654438405797 0.7791694972826086 0.9932348278985508
0 0.8725798233695652 0.006765172101449317 0.8577190896739131 0.9974807518115942 0.8938094429347825 0.9960654438405797 0.9001783288043479 0.009595788043478303
