0 0.662406589673913 0.0478091032608696 0.6900050951086957 0.0492244112318841 0.7080502717391304 0.9720052083333334 0.6719599184782609 0.9705899003623188
0 0.6220703125 0.11432857789855076 0.6570991847826086 0.11432857789855076 0.6698369565217391 0.9705899003623188 0.6305621603260869 0.9705899003623188
0 0.5668733016304348 0.05488564311594207 0.6125169836956521 0.044978487318840625 0.6252547554347826 0.9748358242753623 0.5679347826086957 0.9762511322463768
0 0.5212296195652174 0.11715919384057975 0.5636888586956521 0.11574388586956526 0.564750339673913 0.9819123641304347 0.5169836956521738 0.9790817481884058
0 0.4267578125 0.13980412137681164 0.5212296195652174 0.1284816576086957 0.5095533288043478 0.9847429800724637 0.40022078804347827 0.9819123641304347
0 0.3503311820652174 0.16811028079710147 0.41932744565217395 0.16527966485507248 0.40340523097826086 0.9861582880434782 0.32804008152173914 0.9889889039855072
0 0.2611667798913043 0.17235620471014493 0.3471467391304348 0.17094089673913046 0.32697860054347827 0.9932348278985508 0.21976902173913046 0.9932348278985508
0 0.16881793478260873 0.16952558876811596 0.25692085597826086 0.17377151268115942 0.22297963817748662 0.9996744791666666 0.11998980978260873 0.9974807518115942
0 0.12954313858695657 0.17660212862318844 0.1698794157608696 0.17235620471014493 0.11693669341936866 0.9996744791666666 0.06373131793478262 0.9946501358695653
0 0.0828379755434783 0.24029098731884058 0.12423573369565219 0.23604506340579712 0.06160835597826089 0.9875735960144927 0.01490319293478265 0.9932348278985508
0 0.06373131793478262 0.0888530344202899 0.10194463315217392 0.0860224184782609 0.03613281250000003 0.7540477807971014 0.0 0.7451730549199085
