0 0.01490319293478265 0.13697350543478265 0.05311650815217392 0.13414288949275366 0.07753057065217392 0.9309612771739131 0.025518002717391325 0.9323765851449276
0 0.06797724184782614 0.2077389039855073 0.09982167119565219 0.2077389039855073 0.11680536684782614 0.9125622735507246 0.0828379755434783 0.9182235054347826
0 0.10194463315217392 0.1482959692028986 0.14971127717391305 0.1468806612318841 0.16457201086956522 0.9139775815217391 0.11680536684782614 0.9139775815217391
0 0.15077275815217392 0.11574388586956526 0.17518682065217392 0.11574388586956526 0.19217051630434787 0.9069010416666666 0.16881793478260873 0.9069010416666666
0 0.1836786684782609 0.2204766757246377 0.239937160326087 0.2190613677536232 0.25479789402173914 0.9125622735507246 0.19323199728260873 0.9153928894927535
0 0.23356827445652176 0.12282042572463771 0.2898267663043479 0.12282042572463771 0.3046875 0.9153928894927535 0.255859375 0.919638813405797
0 0.3227326766304348 0.11149796195652178 0.2887652853260869 0.10725203804347831 0.30574898097826086 0.9182235054347826 0.3375934103260869 0.919638813405797
0 0.3259171195652174 0.09592957427536236 0.35139266304347827 0.09734488224637684 0.3651919157608695 0.9281306612318841 0.33334748641304346 0.9267153532608696
0 0.3503311820652174 0.09451426630434785 0.3694378396739131 0.0888530344202899 0.3864215353260869 0.9281306612318841 0.36413043478260865 0.9238847373188405
0 0.3694378396739131 0.012426403985507288 0.4267578125 0.012426403985507288 0.44268002717391297 0.939453125 0.38217561141304346 0.9422837409420289
0 0.4363111413043478 0.09026834239130438 0.47983186141304346 0.09026834239130438 0.48620074728260865 0.9295459692028986 0.44692595108695654 0.9309612771739131
0 0.4787703804347826 0.0874377264492754 0.5137992527173912 0.0874377264492754 0.5222911005434783 0.9295459692028986 0.4851392663043478 0.9309612771739131
0 0.5148607336956521 0.10300611413043483 0.5594429347826086 0.10300611413043483 0.5615658967391304 0.9281306612318841 0.5233525815217391 0.9281306612318841
0 0.5583814538043478 0.1058367300724638 0.5827955163043478 0.1058367300724638 0.5902258831521738 0.925300045289855 0.564750339673913 0.9281306612318841
0 0.5827955163043478 0.10159080615942033 0.6082710597826086 0.10159080615942033 0.6157014266304348 0.9238847373188405 0.5912873641304348 0.9267153532608696
0 0.6072095788043478 0.10017549818840583 0.6316236413043478 0.10017549818840583 0.637992527173913 0.9323765851449276 0.6125169836956521 0.9309612771739131
0 0.6316236413043478 0.09876019021739135 0.702742866847826 0.09451426630434785 0.7080502717391304 0.933791893115942 0.6390540081521738 0.933791893115942
0 0.6995584239130435 0.0888530344202899 0.7409561820652174 0.0888530344202899 0.7473250679347826 0.933791893115942 0.7059273097826086 0.9352072010869565
0 0.7388332201086956 0.09309895833333337 0.7674932065217391 0.09168365036231889 0.7791694972826086 0.933791893115942 0.7462635869565217 0.9323765851449276
0 0.775985054347826 0.06479279891304353 0.8131368885869565 0.05913156702898555 0.816321331521739 0.9578521286231884 0.7823539402173912 0.9550215126811593
0 0.8099524456521738 0.069038722826087 0.8502887228260869 0.06479279891304353 0.8513502038043479 0.9536062047101449 0.816321331521739 0.9521908967391304
0 0.8460427989130435 0.19500113224637683 0.8768257472826086 0.1978317481884058 0.8800101902173914 0.9564368206521738 0.8513502038043479 0.9507755887681159
0 0.8736413043478259 0.0039345561594203325 0.8821331521739131 0.9550215126811593 0.9214079483695652 0.9592674365942028 0.9065472146739131 0.002519248188405839
0 0.9044242527173914 0.0039345561594203325 0.9214079483695652 0.9564368206521738 0.9670516304347825 0.9550215126811593 0.962805706521739 0.005349864130434823
0 0.9606827445652173 0.005349864130434823 0.9670516304347825 0.9663439764492754 0.999755859375 0.9704320050668026 0.999755859375 0.0
