0 0.8640879755434783 0.015257019927536274 0.9171620244565217 0.005349864130434823 0.8800101902173914 0.9974807518115942 0.8364894701086956 0.9918195199275361
0 0.7972146739130435 0.14971127717391308 0.8524116847826086 0.1468806612318841 0.8322435461956521 0.9734205163043478 0.7706776494565217 0.9663439764492754
0 0.7324643342391304 0.14971127717391308 0.7940302309782608 0.1468806612318841 0.7685546875 0.9734205163043478 0.711234714673913 0.9592674365942028
0 0.6815132472826086 0.11715919384057975 0.7345872961956521 0.11432857789855076 0.7101732336956521 0.9620980525362319 0.6560377038043478 0.9606827445652174
0 0.6252547554347826 0.12423573369565222 0.6825747282608695 0.11857450181159424 0.6560377038043478 0.9649286684782609 0.6093325407608695 0.9592674365942028
0 0.5881029211956521 0.12282042572463771 0.6273777173913043 0.11715919384057975 0.6082710597826086 0.9606827445652174 0.5743036684782609 0.9564368206521738
0 0.556258491847826 0.13131227355072467 0.589164402173913 0.12423573369565222 0.5743036684782609 0.9521908967391304 0.5424592391304348 0.9479449728260869
0 0.5201681385869565 0.0492244112318841 0.5467051630434783 0.04639379528985512 0.5360903532608695 0.9776664402173912 0.5063688858695652 0.9748358242753623
0 0.4628481657608695 0.15537250905797104 0.5084918478260869 0.15395720108695657 0.49893851902173914 0.9804970561594203 0.45011039402173914 0.9734205163043478
0 0.4267578125 0.15678781702898553 0.4628481657608695 0.15678781702898553 0.45223335597826086 0.9790817481884058 0.41614300271739124 0.9748358242753623
0 0.3906674592391304 0.16527966485507248 0.4235733695652174 0.15961843297101455 0.4150815217391304 0.9720052083333334 0.37686820652173914 0.9720052083333334
0 0.36731487771739124 0.3209635416666667 0.3864215353260869 0.3209635416666667 0.37580672554347827 0.9734205163043478 0.3567000679347826 0.9734205163043478
0 0.3259171195652174 0.0492244112318841 0.36731487771739124 0.04639379528985512 0.353515625 0.9790817481884058 0.3131793478260869 0.9734205163043478
0 0.30044157608695654 0.16527966485507248 0.3259171195652174 0.16244904891304351 0.31530230978260865 0.9705899003623188 0.2866423233695652 0.9705899003623188
0 0.25161345108695654 0.13272758152173916 0.2919497282608695 0.12706634963768118 0.2887652853260869 0.9663439764492754 0.24418308423913046 0.9663439764492754
0 0.215523097826087 0.06337749094202903 0.24949048913043478 0.06196218297101453 0.24206012228260873 0.9592674365942028 0.2080927309782609 0.9550215126811593
0 0.1730638586956522 0.0676234148550725 0.21340013586956522 0.06196218297101453 0.2080927309782609 0.9592674365942028 0.1730638586956522 0.9564368206521738
0 0.13378906250000003 0.1482959692028986 0.1730638586956522 0.1468806612318841 0.17624830163043478 0.9578521286231884 0.13697350543478262 0.9493602807971014
0 0.0966372282608696 0.08177649456521742 0.1348505434782609 0.07611526268115947 0.14121942934782614 0.9479449728260869 0.10619055706521743 0.9408684329710145
0 0.07010020380434787 0.19075520833333334 0.09769870923913046 0.18933990036231885 0.1072520380434783 0.9465296648550724 0.07753057065217392 0.9422837409420289
0 0.03719429347826089 0.2572746829710145 0.069038722826087 0.255859375 0.07753057065217392 0.9380378170289855 0.04674762228260873 0.933791893115942
0 0.0340098505434783 0.16952558876811596 0.0 0.16952558876811596 0.0 0.933791893115942 0.04144021739130435 0.9366225090579711
