0 0.1454653532608696 0.11715919384057975 0.18792459239130435 0.11149796195652178 0.27602751358695654 0.9040704257246377 0.23887567934782608 0.9012398097826088
0 0.18898607336956522 0.10300611413043483 0.24099864130434787 0.10159080615942033 0.31848675271739124 0.9323765851449276 0.27815047554347827 0.9309612771739131
0 0.2431216032608696 0.06337749094202903 0.33016304347826086 0.060546875000000035 0.38005264945652173 0.9663439764492754 0.31848675271739124 0.9635133605072465
0 0.3482082201086957 0.044978487318840625 0.41826596467391297 0.0492244112318841 0.4384341032608695 0.9564368206521738 0.3864215353260869 0.9550215126811593
0 0.4235733695652174 0.04639379528985512 0.4936311141304348 0.0492244112318841 0.4883237092391304 0.9606827445652174 0.44268002717391297 0.9578521286231884
0 0.49150815217391297 0.03507133152173917 0.5435207201086957 0.03931725543478265 0.5265370244565217 0.9620980525362319 0.4872622282608695 0.9606827445652174
0 0.548828125 0.033656023550724674 0.6008406929347826 0.03507133152173917 0.5658118206521738 0.9663439764492754 0.5244140625 0.9663439764492754
0 0.6072095788043478 0.09026834239130438 0.6730213994565217 0.09451426630434785 0.6178243885869565 0.9691745923913043 0.5658118206521738 0.9606827445652174
0 0.6984969429347826 0.036486639492753666 0.7834154211956521 0.037901947463768154 0.6836362092391304 0.9677592844202899 0.6231317934782609 0.9691745923913043
0 0.784476902173913 0.03507133152173917 0.8428583559782608 0.036486639492753666 0.7282184103260869 0.9720052083333334 0.6846976902173912 0.9705899003623188
0 0.8216287364130435 0.18792459239130435 0.8768257472826086 0.1978317481884058 0.7653702445652174 0.9748358242753623 0.7250339673913043 0.9691745923913043
0 0.8938094429347825 0.0860224184782609 0.962805706521739 0.09309895833333337 0.8120754076086956 0.9649286684782609 0.7685546875 0.9564368206521738
0 0.9288383152173914 0.2785043025362319 0.9553753396739131 0.2785043025362319 0.8428583559782608 0.9238847373188405 0.8184442934782608 0.9238847373188405
