0 0.10088315217391305 0.09876019021739135 0.17518682065217392 0.1058367300724638 0.1974779211956522 0.9564368206521738 0.12954313858695657 0.9691745923913043
0 0.17837126358695657 0.11574388586956526 0.24736752717391305 0.11857450181159424 0.2654127038043479 0.9507755887681159 0.20278532608695657 0.9564368206521738
0 0.24949048913043478 0.11432857789855076 0.28239639945652173 0.11857450181159424 0.2983186141304348 0.9521908967391304 0.2675356657608696 0.9507755887681159
0 0.28451936141304346 0.07753057065217395 0.3906674592391304 0.0888530344202899 0.3864215353260869 0.9521908967391304 0.2993800951086957 0.9606827445652174
0 0.39491338315217395 0.042147871376811634 0.4394955842391304 0.05063971920289859 0.43100373641304346 0.9521908967391304 0.38536005434782605 0.9521908967391304
0 0.4394955842391304 0.026579483695652217 0.5244140625 0.03507133152173917 0.5063688858695652 0.9635133605072465 0.4331266983695652 0.9521908967391304
0 0.5265370244565217 0.006765172101449317 0.5774881114130435 0.00818048007246381 0.5530740489130435 0.9635133605072465 0.5084918478260869 0.9635133605072465
0 0.5774881114130435 0.013841711956521778 0.6305621603260869 0.016672327898550766 0.6008406929347826 0.9564368206521738 0.5551970108695652 0.9564368206521738
0 0.6316236413043478 0.009595788043478303 0.6613451086956521 0.011011096014492796 0.6316236413043478 0.9550215126811593 0.6008406929347826 0.9592674365942028
0 0.6528532608695652 0.23462975543478262 0.727156929347826 0.24029098731884058 0.6910665760869565 0.9507755887681159 0.6305621603260869 0.9521908967391304
0 0.735648777173913 0.020918251811594245 0.7696161684782609 0.026579483695652217 0.7388332201086956 0.9507755887681159 0.6963739809782609 0.9493602807971014
0 0.7643087635869565 0.253028759057971 0.8067680027173914 0.255859375 0.7823539402173912 0.9493602807971014 0.7398947010869565 0.9493602807971014
0 0.8152598505434783 0.020918251811594245 0.8492272418478259 0.02233355978260874 0.8173828125 0.9422837409420289 0.7834154211956521 0.9465296648550724
0 0.8502887228260869 0.029410099637681198 0.889563519021739 0.036486639492753666 0.8449813179347825 0.9436990489130435 0.8205672554347825 0.9422837409420289
0 0.8927479619565217 0.005349864130434823 0.9490064538043479 0.011011096014492796 0.8969938858695652 0.9465296648550724 0.8449813179347825 0.9493602807971014
