0 0.04037873641304349 0.2728430706521739 0.17837126358695657 0.28133491847826086 0.12423573369565219 0.945114356884058 0.0 0.938154371803069
0 0.19004755434782608 0.2728430706521739 0.1316661005434783 0.9295459692028986 0.2834578804347826 0.9295459692028986 0.3163637907608695 0.2742583786231884
0 0.3620074728260869 0.16244904891304351 0.4055281929347826 0.166694972826087 0.3503311820652174 0.9182235054347826 0.3078719429347826 0.9111469655797101
0 0.40234375 0.166694972826087 0.4363111413043478 0.17377151268115942 0.3874830163043478 0.9238847373188405 0.34926970108695654 0.919638813405797
0 0.43418817934782605 0.1780174365942029 0.46497112771739124 0.1808480525362319 0.41614300271739124 0.9153928894927535 0.3896059782608695 0.9139775815217391
0 0.4702785326086957 0.17518682065217395 0.5031844429347826 0.1780174365942029 0.45860224184782605 0.9153928894927535 0.4140200407608695 0.9083163496376812
0 0.5053074048913043 0.16952558876811596 0.5382133152173912 0.17235620471014493 0.49575407608695654 0.9153928894927535 0.45860224184782605 0.9097316576086957
0 0.548828125 0.17660212862318844 0.5817340353260869 0.17660212862318844 0.5339673913043478 0.9097316576086957 0.49575407608695654 0.9083163496376812
0 0.5870414402173912 0.17518682065217395 0.6188858695652174 0.17660212862318844 0.5700577445652174 0.9083163496376812 0.5360903532608695 0.9097316576086957
0 0.6157014266304348 0.20490828804347827 0.6401154891304347 0.20632359601449277 0.5902258831521738 0.9125622735507246 0.5700577445652174 0.9111469655797101
0 0.6411769701086957 0.19358582427536233 0.6581606657608695 0.1978317481884058 0.6157014266304348 0.9111469655797101 0.5923488451086957 0.9069010416666666
0 0.6804517663043478 0.23887567934782608 0.6581606657608695 0.23887567934782608 0.613578464673913 0.9139775815217391 0.6401154891304347 0.9139775815217391
0 0.6815132472826086 0.23321444746376815 0.7069887907608695 0.23604506340579712 0.6677139945652174 0.9069010416666666 0.6432999320652174 0.9026551177536232
0 0.7080502717391304 0.16527966485507248 0.6677139945652174 0.8984091938405797 0.735648777173913 0.9054857336956522 0.7749235733695652 0.17235620471014493
0 0.775985054347826 0.17377151268115942 0.8152598505434783 0.1780174365942029 0.7706776494565217 0.9026551177536232 0.7388332201086956 0.8941632699275363
0 0.8078294836956521 0.22330729166666666 0.8364894701086956 0.22896852355072464 0.7982761548913042 0.8969938858695653 0.7728006114130435 0.8927479619565216
0 0.8322435461956521 0.258689990942029 0.8853175951086956 0.26293591485507245 0.8566576086956521 0.8998245018115942 0.7993376358695652 0.8828408061594203
