0 0.7908457880434783 0.15395720108695657 0.8715183423913042 0.15395720108695657 0.8672724184782608 0.933791893115942 0.7855383831521738 0.9267153532608696
0 0.7558169157608695 0.21764605978260873 0.7908457880434783 0.21764605978260873 0.7834154211956521 0.9295459692028986 0.7505095108695652 0.9238847373188405
0 0.7526324728260869 0.23038383152173914 0.7250339673913043 0.23321444746376815 0.7218495244565217 0.9153928894927535 0.7452021059782609 0.9168081974637681
0 0.6422384510869565 0.21056951992753625 0.7260954483695652 0.21340013586956522 0.7207880434782609 0.939453125 0.6369310461956521 0.939453125
0 0.59765625 0.12706634963768118 0.6390540081521738 0.12706634963768118 0.629500679347826 0.9309612771739131 0.5870414402173912 0.9295459692028986
0 0.5286599864130435 0.16527966485507248 0.5934103260869565 0.163864356884058 0.5881029211956521 0.9295459692028986 0.5233525815217391 0.9295459692028986
0 0.4808933423913043 0.23038383152173914 0.5265370244565217 0.23321444746376815 0.5254755434782609 0.9352072010869565 0.47452445652173914 0.9366225090579711
0 0.44268002717391297 0.13697350543478265 0.47983186141304346 0.13838881340579715 0.47346297554347827 0.9210541213768115 0.4331266983695652 0.9182235054347826
0 0.39172894021739124 0.14405004528985513 0.44268002717391297 0.14121942934782614 0.4299422554347826 0.9366225090579711 0.3832370923913043 0.9366225090579711
0 0.3471467391304348 0.16811028079710147 0.3927904211956521 0.17235620471014493 0.3811141304347826 0.933791893115942 0.3407778532608695 0.9323765851449276
0 0.3046875 0.16811028079710147 0.3450237771739131 0.166694972826087 0.3386548913043478 0.9366225090579711 0.30044157608695654 0.933791893115942
0 0.27815047554347827 0.23038383152173914 0.3046875 0.23179913949275363 0.2993800951086957 0.9380378170289855 0.2739045516304348 0.9408684329710145
0 0.23356827445652176 0.23179913949275363 0.27602751358695654 0.23462975543478262 0.2717815896739131 0.939453125 0.23038383152173916 0.939453125
0 0.17943274456521743 0.9875735960144927 0.052055027173913054 0.9833276721014492 0.06797724184782614 0.002519248188405839 0.19960088315217392 0.006765172101449317
0 0.045686141304347866 0.2190613677536232 0.06373131793478262 0.21764605978260873 0.055239470108695704 0.8347203351449276 0.0340098505434783 0.8347203351449276
