0 0.23675271739130435 0.09309895833333337 0.2855808423913043 0.09168365036231889 0.2983186141304348 0.9875735960144927 0.24418308423913046 0.9875735960144927
0 0.29725713315217395 0.09451426630434785 0.36413043478260865 0.09451426630434785 0.3683763586956521 0.9932348278985508 0.30044157608695654 0.9918195199275361
0 0.3715608016304348 0.09734488224637684 0.41295855978260865 0.10017549818840583 0.40977411684782605 0.9833276721014492 0.3694378396739131 0.9847429800724637
0 0.41932744565217395 0.09168365036231889 0.46178668478260865 0.09451426630434785 0.4564792798913043 0.9889889039855072 0.41295855978260865 0.9904042119565216
0 0.4702785326086957 0.13131227355072467 0.5031844429347826 0.13272758152173916 0.48938519021739124 0.9889889039855072 0.4564792798913043 0.9946501358695653
0 0.5116762907608695 0.09876019021739135 0.556258491847826 0.10300611413043483 0.5307829483695652 0.9748358242753623 0.4872622282608695 0.9819123641304347
0 0.5509510869565217 0.20632359601449277 0.5849184782608695 0.21198482789855075 0.5658118206521738 0.9748358242753623 0.5339673913043478 0.9790817481884058
0 0.5849184782608695 0.21340013586956522 0.6167629076086957 0.2148154438405797 0.5955332880434783 0.9734205163043478 0.564750339673913 0.9734205163043478
0 0.6178243885869565 0.2148154438405797 0.6507302989130435 0.2190613677536232 0.6284391983695652 0.9705899003623188 0.5965947690217391 0.9691745923913043
0 0.6528532608695652 0.12989696557971017 0.6921280570652174 0.12989696557971017 0.6666525135869565 0.9691745923913043 0.6284391983695652 0.9748358242753623
0 0.6931895380434783 0.13697350543478265 0.7303413722826086 0.13697350543478265 0.7038043478260869 0.9663439764492754 0.6677139945652174 0.9663439764492754
0 0.727156929347826 0.11291326992753627 0.7590013586956521 0.11857450181159424 0.7345872961956521 0.9536062047101449 0.7038043478260869 0.9550215126811593
0 0.8025220788043479 0.15961843297101455 0.7579398777173912 0.15678781702898553 0.735648777173913 0.945114356884058 0.7812924592391304 0.9436990489130435
0 0.8046450407608696 0.12282042572463771 0.841796875 0.12423573369565222 0.8258746603260869 0.9408684329710145 0.7823539402173912 0.9352072010869565
