0 0.23144531250000003 0.11998980978260874 0.28239639945652173 0.1284816576086957 0.255859375 0.9026551177536232 0.191109035326087 0.9040704257246377
0 0.28133491847826086 0.12282042572463771 0.3110563858695652 0.12282042572463771 0.28451936141304346 0.9069010416666666 0.25692085597826086 0.9083163496376812
0 0.3099949048913043 0.06620810688405801 0.3567000679347826 0.0676234148550725 0.3354704483695652 0.9012398097826088 0.28451936141304346 0.9026551177536232
0 0.3567000679347826 0.069038722826087 0.40340523097826086 0.07328464673913047 0.3906674592391304 0.8984091938405797 0.3344089673913043 0.8984091938405797
0 0.40128226902173914 0.04639379528985512 0.45223335597826086 0.0478091032608696 0.45223335597826086 0.8969938858695653 0.3906674592391304 0.9012398097826088
0 0.45541779891304346 0.05630095108695656 0.4936311141304348 0.060546875000000035 0.5010614809782609 0.8715183423913043 0.45329483695652173 0.8743489583333334
0 0.4946925951086957 0.12706634963768118 0.5445822010869565 0.12989696557971017 0.5626273777173912 0.8885020380434782 0.5042459239130435 0.8899173460144927
0 0.540336277173913 0.07611526268115947 0.6114555027173912 0.07753057065217395 0.6411769701086957 0.8785948822463768 0.5626273777173912 0.8814254981884058
0 0.613578464673913 0.044978487318840625 0.6517917798913043 0.044978487318840625 0.6910665760869565 0.8686877264492754 0.6422384510869565 0.8715183423913043
0 0.6549762228260869 0.1086673460144928 0.744140625 0.11574388586956526 0.7982761548913042 0.8686877264492754 0.6995584239130435 0.8729336503623188
0 0.7462635869565217 0.14971127717391308 0.7664317255434783 0.14971127717391308 0.8226902173913042 0.8701030344202899 0.7950917119565217 0.8701030344202899
0 0.7696161684782609 0.12989696557971017 0.8035835597826086 0.12989696557971017 0.8736413043478259 0.8715183423913043 0.8248131793478259 0.8715183423913043
0 0.7993376358695652 0.07469995471014497 0.8821331521739131 0.0676234148550725 0.9681131114130435 0.8686877264492754 0.8747027853260869 0.8701030344202899
