0 0.0966372282608696 0.1850939764492754 0.14652683423913046 0.1836786684782609 0.14334239130434787 0.9550215126811593 0.09451426630434787 0.9592674365942028
0 0.15501868206521743 0.21340013586956522 0.21233865489130435 0.21340013586956522 0.215523097826087 0.9578521286231884 0.1486497961956522 0.9663439764492754
0 0.21233865489130435 0.1454653532608696 0.2622282608695652 0.14971127717391308 0.28239639945652173 0.9536062047101449 0.22613790760869565 0.9620980525362319
0 0.26965862771739135 0.20915421195652176 0.30362601902173914 0.21198482789855075 0.3259171195652174 0.9507755887681159 0.2898267663043479 0.9564368206521738
0 0.30044157608695654 0.15254189311594207 0.3237941576086957 0.15254189311594207 0.3567000679347826 0.9465296648550724 0.33122452445652173 0.9521908967391304
0 0.3259171195652174 0.15678781702898553 0.3482082201086957 0.15961843297101455 0.3864215353260869 0.9465296648550724 0.35776154891304346 0.9507755887681159
0 0.35139266304347827 0.2204766757246377 0.3811141304347826 0.2204766757246377 0.42251188858695654 0.939453125 0.3874830163043478 0.945114356884058
0 0.38005264945652173 0.21340013586956522 0.4140200407608695 0.21198482789855075 0.45541779891304346 0.945114356884058 0.4235733695652174 0.9493602807971014
0 0.4150815217391304 0.23462975543478262 0.44692595108695654 0.23462975543478262 0.4946925951086957 0.9380378170289855 0.45860224184782605 0.9436990489130435
0 0.44692595108695654 0.23604506340579712 0.47983186141304346 0.2374603713768116 0.531844429347826 0.9408684329710145 0.49575407608695654 0.9479449728260869
0 0.4755859375 0.1284816576086957 0.5191066576086957 0.13555819746376815 0.5827955163043478 0.9352072010869565 0.5350288722826086 0.9422837409420289
0 0.5254755434782609 0.2190613677536232 0.5477666440217391 0.2190613677536232 0.6061480978260869 0.9352072010869565 0.5817340353260869 0.9422837409420289
0 0.548828125 0.22330729166666666 0.5721807065217391 0.22330729166666666 0.629500679347826 0.933791893115942 0.6061480978260869 0.9380378170289855
0 0.5721807065217391 0.2190613677536232 0.59765625 0.2204766757246377 0.653914741847826 0.9323765851449276 0.6273777173913043 0.939453125
0 0.5944718070652174 0.1482959692028986 0.6326851222826086 0.1482959692028986 0.6963739809782609 0.9281306612318841 0.6560377038043478 0.9380378170289855
0 0.6273777173913043 0.13838881340579715 0.6528532608695652 0.14405004528985513 0.7229110054347826 0.9182235054347826 0.6963739809782609 0.9210541213768115
0 0.6634680706521738 0.13838881340579715 0.6889436141304347 0.13838881340579715 0.7632472826086956 0.919638813405797 0.727156929347826 0.9267153532608696
0 0.7038043478260869 0.15112658514492758 0.7430791440217391 0.15395720108695657 0.8173828125 0.9139775815217391 0.7685546875 0.9238847373188405
0 0.7526324728260869 0.16103374094202902 0.7802309782608695 0.15961843297101455 0.865149456521739 0.9210541213768115 0.8301205842391304 0.9267153532608696
0 0.7950917119565217 0.15537250905797104 0.8269361413043479 0.15820312500000003 0.9065472146739131 0.9125622735507246 0.8672724184782608 0.925300045289855
0 0.8322435461956521 0.16244904891304351 0.8630264945652173 0.16244904891304351 0.9532523777173914 0.9125622735507246 0.9118546195652173 0.9182235054347826
0 0.8757642663043479 0.22472259963768118 0.9044242527173914 0.22613790760869568 0.9861582880434783 0.9083163496376812 0.9553753396739131 0.9139775815217391
0 0.8916864809782608 0.1794327445652174 0.9171620244565217 0.1808480525362319 0.999755859375 0.775523663949275 0.987219769021739 0.9111469655797101
