0 0.7462635869565217 0.069038722826087 0.8386124320652173 0.05347033514492758 0.8396739130434783 0.9918195199275361 0.7430791440217391 0.9720052083333334
0 0.7016813858695652 0.15961843297101455 0.7409561820652174 0.15112658514492758 0.7377717391304347 0.9748358242753623 0.7016813858695652 0.9635133605072465
0 0.6719599184782609 0.1794327445652174 0.7006199048913043 0.17377151268115942 0.7006199048913043 0.9507755887681159 0.6645295516304347 0.9408684329710145
0 0.5679347826086957 0.16811028079710147 0.6581606657608695 0.15395720108695657 0.6570991847826086 0.9691745923913043 0.5615658967391304 0.9578521286231884
0 0.531844429347826 0.08460711050724641 0.5721807065217391 0.07753057065217395 0.5615658967391304 0.945114356884058 0.5233525815217391 0.9422837409420289
0 0.46709408967391297 0.13980412137681164 0.5254755434782609 0.12989696557971017 0.5191066576086957 0.9408684329710145 0.4596637228260869 0.9281306612318841
0 0.4150815217391304 0.21623075181159424 0.45860224184782605 0.21056951992753625 0.4564792798913043 0.9309612771739131 0.40977411684782605 0.9352072010869565
0 0.3874830163043478 0.12706634963768118 0.4235733695652174 0.12140511775362323 0.4087126358695652 0.9111469655797101 0.37580672554347827 0.9069010416666666
0 0.3354704483695652 0.14121942934782614 0.3715608016304348 0.13272758152173916 0.37580672554347827 0.9210541213768115 0.33016304347826086 0.9182235054347826
0 0.2961956521739131 0.17377151268115942 0.3344089673913043 0.17094089673913046 0.33016304347826086 0.919638813405797 0.29407269021739124 0.9111469655797101
0 0.26328974184782605 0.18226336050724637 0.2951341711956521 0.17660212862318844 0.2919497282608695 0.9139775815217391 0.2590438179347826 0.9054857336956522
0 0.239937160326087 0.24029098731884058 0.2611667798913043 0.2374603713768116 0.25798233695652173 0.9111469655797101 0.23781419836956522 0.9083163496376812
0 0.20278532608695657 0.2501981431159421 0.2356912364130435 0.24595221920289856 0.2356912364130435 0.9125622735507246 0.19853940217391305 0.8998245018115942
0 0.04674762228260873 0.005349864130434823 0.028702445652173947 0.9352072010869565 0.12954313858695657 0.945114356884058 0.1337813195595308 0.0
