0 0.18580163043478262 0.41012794384057977 0.2356912364130435 0.4143738677536232 0.24206012228260873 0.9988960597826088 0.18898607336956522 0.9988960597826088
0 0.006411345108695676 0.02233355978260874 0.142280910326087 0.037901947463768154 0.15077275815217392 0.9960654438405797 0.007472826086956541 0.9988960597826088
0 0.23887567934782608 0.4072973278985507 0.26965862771739135 0.4129585597826087 0.27283197103136764 0.9996744791666666 0.24418308423913046 0.9988960597826088
0 0.2643512228260869 0.33936254528985504 0.31530230978260865 0.3379472373188406 0.31530230978260865 0.9918195199275361 0.2717815896739131 0.9932348278985508
0 0.31530230978260865 0.34077785326086957 0.3662533967391304 0.34643908514492755 0.3620074728260869 0.9904042119565216 0.3163637907608695 0.9889889039855072
0 0.3662533967391304 0.31105638586956524 0.41826596467391297 0.3124716938405797 0.4097819796698872 0.9996744791666666 0.3651919157608695 0.9988960597826088
0 0.41932744565217395 0.30397984601449274 0.4639096467391304 0.30822576992753625 0.4564792798913043 0.9918195199275361 0.4140200407608695 0.9932348278985508
0 0.46178668478260865 0.4157891757246377 0.5127377717391304 0.4143738677536232 0.507430366847826 0.9352072010869565 0.4596637228260869 0.9380378170289855
0 0.5148607336956521 0.3365319293478261 0.5817340353260869 0.34219316123188404 0.5743036684782609 0.9904042119565216 0.5063688858695652 0.9960654438405797
0 0.5902258831521738 0.30256453804347827 0.6326851222826086 0.30256453804347827 0.6146399456521738 0.9932348278985508 0.5764266304347826 0.9847429800724637
0 0.6305621603260869 0.3988054800724638 0.7207880434782609 0.4072973278985507 0.7048658288043478 0.9918195199275361 0.6220703125 0.9932348278985508
0 0.7218495244565217 0.4087126358695652 0.7409561820652174 0.4072973278985507 0.7250339673913043 0.9918195199275361 0.7048658288043478 0.9918195199275361
0 0.744140625 0.4087126358695652 0.7802309782608695 0.4058820199275362 0.7643258231026786 0.9996744791666666 0.7314028532608695 0.9996744791666666
0 0.7876613451086956 0.34077785326086957 0.8609035326086956 0.3450237771739131 0.841796875 0.9861582880434782 0.7653702445652174 0.9762511322463768
