0 0.27602751358695654 0.029410099637681198 0.3259171195652174 0.03931725543478265 0.36413043478260865 0.8488734148550724 0.3227326766304348 0.8545346467391304
0 0.3259171195652174 0.023748867753623226 0.39491338315217395 0.03224071557971019 0.41932744565217395 0.8715183423913043 0.3662533967391304 0.8743489583333334
0 0.3970363451086957 0.002519248188405839 0.42251188858695654 0.8913326539855072 0.4883237092391304 0.8856714221014492 0.4851392663043478 0.002519248188405839
0 0.5 0.005349864130434823 0.49150815217391297 0.8814254981884058 0.5382133152173912 0.8729336503623188 0.5583814538043478 0.006765172101449317
0 0.5413977581521738 0.8729336503623188 0.589164402173913 0.8672724184782609 0.6220703125 0.009595788043478303 0.5668733016304348 0.006765172101449317
0 0.6263162364130435 0.00818048007246381 0.589164402173913 0.8729336503623188 0.6231317934782609 0.8729336503623188 0.6698369565217391 0.009595788043478303
0 0.6241932744565217 0.8672724184782609 0.6592221467391304 0.8573652626811593 0.711234714673913 0.005349864130434823 0.6719599184782609 0.009595788043478303
0 0.7186650815217391 0.036486639492753666 0.7738620923913043 0.042147871376811634 0.7080502717391304 0.8531193387681159 0.6570991847826086 0.8559499547101449
0 0.79296875 0.005349864130434823 0.7122961956521738 0.8559499547101449 0.7643087635869565 0.8531193387681159 0.8566576086956521 0.0039345561594203325
0 0.8609035326086956 0.005349864130434823 0.7632472826086956 0.8488734148550724 0.7972146739130435 0.8488734148550724 0.9023012907608696 0.002519248188405839
0 0.8874405570652173 0.1284816576086957 0.9256538722826086 0.13697350543478265 0.8301205842391304 0.8389662590579711 0.7993376358695652 0.841796875
0 0.9288383152173914 0.05205502717391308 0.9787279211956521 0.05205502717391308 0.8672724184782608 0.8304744112318841 0.8311820652173914 0.827643795289855
