0 0.0584239130434783 0.14971127717391308 0.10937500000000003 0.1454653532608696 0.20596976902173916 0.939453125 0.15714164402173916 0.939453125
0 0.11255944293478262 0.14971127717391308 0.16881793478260873 0.1482959692028986 0.25373641304347827 0.9309612771739131 0.20596976902173916 0.9352072010869565
0 0.1698794157608696 0.1808480525362319 0.19960088315217392 0.1794327445652174 0.27815047554347827 0.9380378170289855 0.2526749320652174 0.939453125
0 0.19960088315217392 0.1794327445652174 0.22826086956521743 0.17235620471014493 0.30681046195652173 0.933791893115942 0.2770889945652174 0.9380378170289855
0 0.21658457880434787 0.09309895833333337 0.26647418478260876 0.0860224184782609 0.3482082201086957 0.9352072010869565 0.30574898097826086 0.9408684329710145
0 0.2675356657608696 0.08177649456521742 0.31530230978260865 0.07753057065217395 0.39172894021739124 0.925300045289855 0.34926970108695654 0.9309612771739131
0 0.3322860054347826 0.23321444746376815 0.3726222826086957 0.23179913949275363 0.4320652173913043 0.922469429347826 0.3896059782608695 0.925300045289855
0 0.3620074728260869 0.11857450181159424 0.40977411684782605 0.12282042572463771 0.4724014945652174 0.9309612771739131 0.4363111413043478 0.9352072010869565
0 0.40977411684782605 0.11998980978260874 0.4755859375 0.9323765851449276 0.5180451766304348 0.9309612771739131 0.4607252038043478 0.11149796195652178
0 0.46497112771739124 0.11149796195652178 0.5148607336956521 0.1086673460144928 0.564750339673913 0.9366225090579711 0.515922214673913 0.9352072010869565
0 0.5127377717391304 0.10300611413043483 0.5679347826086957 0.10300611413043483 0.6061480978260869 0.9323765851449276 0.564750339673913 0.9408684329710145
0 0.5668733016304348 0.060546875000000035 0.6316236413043478 0.05347033514492758 0.6581606657608695 0.9366225090579711 0.6061480978260869 0.9422837409420289
0 0.6337466032608695 0.060546875000000035 0.6953125 0.05347033514492758 0.7133576766304347 0.9267153532608696 0.662406589673913 0.9309612771739131
0 0.702742866847826 0.011011096014492796 0.7218495244565217 0.9677592844202899 0.7812924592391304 0.9691745923913043 0.7717391304347826 0.002519248188405839
0 0.7738620923913043 0.05771625905797106 0.8513502038043479 0.05205502717391308 0.8364894701086956 0.9366225090579711 0.7791694972826086 0.939453125
0 0.8513502038043479 0.0492244112318841 0.890625 0.04639379528985512 0.8683338994565217 0.9436990489130435 0.8386124320652173 0.9366225090579711
0 0.8916864809782608 0.04356317934782613 0.9288383152173914 0.037901947463768154 0.9044242527173914 0.945114356884058 0.8736413043478259 0.9436990489130435
0 0.9298997961956521 0.09168365036231889 0.9659901494565217 0.09168365036231889 0.939453125 0.9295459692028986 0.9097316576086956 0.9309612771739131
0 0.9670516304347825 0.0874377264492754 0.9957116168478259 0.09026834239130438 0.9766049592391304 0.9267153532608696 0.9405146059782608 0.9295459692028986
