0 0.865149456521739 0.0888530344202899 0.9309612771739131 0.0888530344202899 0.8343665081521738 0.9932348278985508 0.7855383831521738 0.9847429800724637
0 0.8311820652173914 0.005349864130434823 0.7473250679347826 0.9819123641304347 0.7865998641304347 0.9861582880434782 0.8715183423913042 0.006765172101449317
0 0.6305621603260869 0.2006623641304348 0.8141983695652173 0.2006623641304348 0.7452021059782609 0.9790817481884058 0.6157014266304348 0.9635133605072465
0 0.5700577445652174 0.21623075181159424 0.6316236413043478 0.21623075181159424 0.613578464673913 0.9649286684782609 0.5658118206521738 0.9592674365942028
0 0.5201681385869565 0.15112658514492758 0.5668733016304348 0.1482959692028986 0.5626273777173912 0.9479449728260869 0.531844429347826 0.9422837409420289
0 0.4639096467391304 0.14405004528985513 0.5106148097826086 0.14405004528985513 0.5286599864130435 0.9380378170289855 0.4904466711956521 0.933791893115942
0 0.4150815217391304 0.2020776721014493 0.4639096467391304 0.2006623641304348 0.49256963315217395 0.9238847373188405 0.45329483695652173 0.9210541213768115
0 0.3142408288043478 0.0888530344202899 0.40340523097826086 0.08036118659420294 0.451171875 0.9309612771739131 0.3779296875 0.9210541213768115
0 0.2187075407608696 0.0874377264492754 0.3099949048913043 0.08036118659420294 0.37686820652173914 0.9125622735507246 0.3195482336956521 0.9139775815217391
0 0.16138756793478262 0.21198482789855075 0.22613790760869565 0.20349298007246377 0.31530230978260865 0.9125622735507246 0.26647418478260876 0.9040704257246377
0 0.1348505434782609 0.12706634963768118 0.17412533967391305 0.12706634963768118 0.2622282608695652 0.8573652626811593 0.2505519701086957 0.8630264945652174
0 0.0966372282608696 0.12989696557971017 0.13272758152173916 0.12282042572463771 0.24524456521739132 0.8672724184782609 0.21976902173913046 0.8658571105072465
0 0.042501698369565216 0.13697350543478265 0.09876019021739132 0.12282042572463771 0.2187075407608696 0.8559499547101449 0.17730978260869565 0.8559499547101449
0 0.03507133152173916 0.23321444746376815 0.15289572010869565 0.8432121829710145 0.17837126358695657 0.8446274909420289 0.06266983695652176 0.22613790760869568
0 0.018087635869565244 0.13697350543478265 0.1486497961956522 0.8460427989130435 0.1210512907608696 0.8432121829710145 0.0 0.1772605441633174
