0 0.04037873641304349 0.0478091032608696 4.2459239130460125e-05 0.044978487318840625 0.001101663372097718 0.9996744791666666 0.04887058423913046 0.9988960597826088
0 0.04887058423913046 0.14121942934782614 0.11680536684782614 0.1426347373188406 0.11892832880434787 0.9946501358695653 0.04674762228260873 0.9988960597826088
0 0.11468240489130435 0.14121942934782614 0.17412533967391305 0.14405004528985513 0.1879143284843245 0.9996744791666669 0.12529721467391305 0.9996744791666666
0 0.17730978260869565 0.020918251811594245 0.19004755434782608 0.9960654438405797 0.24949048913043478 0.9974807518115942 0.23144531250000003 0.01950294384057975
0 0.23462975543478262 0.13980412137681164 0.33122452445652173 0.1426347373188406 0.3418139776095014 0.9996744791666666 0.24949048913043478 0.9996744791666666
0 0.3386548913043478 0.05347033514492758 0.34608525815217395 0.9974807518115942 0.4267578125 0.9974807518115942 0.4140200407608695 0.05488564311594207
0 0.42463485054347827 0.05771625905797106 0.4320652173913043 0.9960654438405797 0.48938519021739124 0.9960654438405797 0.4755859375 0.05771625905797106
0 0.4819548233695652 0.042147871376811634 0.4904466711956521 0.9974807518115942 0.5201681385869565 0.9988960597826088 0.5127377717391304 0.04639379528985512
0 0.5148607336956521 0.14121942934782614 0.518037582153041 0.9996744791666666 0.5583814538043478 0.9988960597826088 0.5551970108695652 0.1426347373188406
0 0.5551970108695652 0.14971127717391308 0.5583814538043478 0.9974807518115942 0.6072095788043478 0.9946501358695653 0.6061480978260869 0.14971127717391308
0 0.6072095788043478 0.05913156702898555 0.6061480978260869 0.9946501358695653 0.6348080842391304 0.9904042119565216 0.6326851222826086 0.06620810688405801
0 0.637992527173913 0.025164175724637722 0.637992527173913 0.9974807518115942 0.678328804347826 0.9932348278985508 0.6762058423913043 0.026579483695652217
0 0.6751443614130435 0.13272758152173916 0.7865998641304347 0.13131227355072467 0.79296875 0.9988960597826088 0.678328804347826 0.9974807518115942
0 0.7972146739130435 0.13131227355072467 0.8120754076086956 0.9946501358695653 0.9288383152173914 0.9932348278985508 0.9065472146739131 0.12706634963768118
0 0.9352072010869565 0.9904042119565216 0.9245923913043479 0.006765172101449317 0.9734205163043479 0.00818048007246381 0.98828125 0.9960654438405797
