0 0.9086701766304348 0.15254189311594207 0.9596212635869565 0.15254189311594207 0.9012398097826086 0.9536062047101449 0.8524116847826086 0.9507755887681159
0 0.8545346467391304 0.060546875000000035 0.9107931385869565 0.05630095108695656 0.8513502038043479 0.9507755887681159 0.8046450407608696 0.945114356884058
0 0.7897843070652174 0.060546875000000035 0.8566576086956521 0.060546875000000035 0.8046450407608696 0.9479449728260869 0.7536939538043478 0.9422837409420289
0 0.744140625 0.10725203804347831 0.7887228260869565 0.10442142210144932 0.7536939538043478 0.9408684329710145 0.7176036005434783 0.9408684329710145
0 0.6740828804347826 0.05347033514492758 0.7462635869565217 0.05488564311594207 0.7144191576086957 0.9465296648550724 0.6602836277173912 0.9422837409420289
0 0.6082710597826086 0.11432857789855076 0.6708984375 0.10725203804347831 0.6570991847826086 0.939453125 0.6082710597826086 0.9352072010869565
0 0.5753651494565217 0.15678781702898553 0.6125169836956521 0.15678781702898553 0.6125169836956521 0.9352072010869565 0.580672554347826 0.9352072010869565
0 0.5424592391304348 0.19500113224637683 0.5743036684782609 0.19358582427536233 0.5827955163043478 0.9323765851449276 0.5530740489130435 0.9281306612318841
0 0.5095533288043478 0.2020776721014493 0.5413977581521738 0.1992470561594203 0.5520125679347826 0.9352072010869565 0.5233525815217391 0.9366225090579711
0 0.4660326086956521 0.12282042572463771 0.5116762907608695 0.12423573369565222 0.5254755434782609 0.9479449728260869 0.48938519021739124 0.9422837409420289
0 0.4203889266304348 0.1284816576086957 0.4660326086956521 0.12140511775362323 0.4883237092391304 0.9436990489130435 0.45223335597826086 0.9436990489130435
0 0.3779296875 0.07611526268115947 0.4108355978260869 0.07328464673913047 0.4479874320652174 0.9564368206521738 0.41932744565217395 0.9578521286231884
0 0.3375934103260869 0.08177649456521742 0.37686820652173914 0.07753057065217395 0.4203889266304348 0.9521908967391304 0.39172894021739124 0.9521908967391304
0 0.2622282608695652 0.08460711050724641 0.3386548913043478 0.08319180253623193 0.39491338315217395 0.9521908967391304 0.33334748641304346 0.9507755887681159
0 0.16563349184782608 0.03931725543478265 0.22507642663043478 0.029410099637681198 0.3227326766304348 0.9819123641304347 0.2611667798913043 0.9861582880434782
0 0.1210512907608696 0.07186933876811598 0.16351052989130435 0.069038722826087 0.25692085597826086 0.9408684329710145 0.22401494565217392 0.9408684329710145
0 0.052055027173913054 0.07045403079710148 0.11680536684782614 0.06620810688405801 0.22507642663043478 0.9436990489130435 0.17412533967391305 0.9465296648550724
0 0.011718750000000028 0.11149796195652178 0.06054687500000003 0.11432857789855076 0.17094089673913046 0.9465296648550724 0.13060461956521743 0.9422837409420289
0 0.13378906250000003 0.945114356884058 0.09132982336956522 0.945114356884058 1.3877787807814457e-17 0.3796392819215391 0.0011039402173913249 0.10725203804347831
