0 0.020210597826086973 0.15678781702898553 0.0584239130434783 0.15537250905797104 0.08496093750000003 0.8318897192028986 0.03931725543478262 0.8262284873188405
0 0.047809103260869595 0.05347033514492758 0.11362092391304349 0.05630095108695656 0.14121942934782614 0.8531193387681159 0.08177649456521743 0.8502887228260869
0 0.11680536684782614 0.1850939764492754 0.15820312500000003 0.1850939764492754 0.1868631114130435 0.861611186594203 0.1486497961956522 0.8559499547101449
0 0.1560801630434783 0.07469995471014497 0.21764605978260873 0.07611526268115947 0.24524456521739132 0.8743489583333334 0.1836786684782609 0.8729336503623188
0 0.21340013586956522 0.002519248188405839 0.24949048913043478 0.8771795742753623 0.28133491847826086 0.8771795742753623 0.25161345108695654 0.0039345561594203325
0 0.25373641304347827 0.2020776721014493 0.28451936141304346 0.19641644021739132 0.30893342391304346 0.8828408061594203 0.2802734375 0.8785948822463768
0 0.28239639945652173 0.09876019021739135 0.3354704483695652 0.10017549818840583 0.3620074728260869 0.8885020380434782 0.30574898097826086 0.8913326539855072
0 0.3354704483695652 0.09592957427536236 0.3726222826086957 0.09592957427536236 0.39491338315217395 0.8998245018115942 0.3598845108695652 0.8984091938405797
0 0.3715608016304348 0.09734488224637684 0.4055281929347826 0.09734488224637684 0.4203889266304348 0.9012398097826088 0.39172894021739124 0.9026551177536232
0 0.40446671195652173 0.15961843297101455 0.46178668478260865 0.15820312500000003 0.4840777853260869 0.9408684329710145 0.4235733695652174 0.933791893115942
0 0.46815557065217395 0.04639379528985512 0.5509510869565217 0.044978487318840625 0.5509510869565217 0.9479449728260869 0.48301630434782605 0.9465296648550724
0 0.556258491847826 0.0478091032608696 0.6443614130434783 0.0492244112318841 0.637992527173913 0.9550215126811593 0.5573199728260869 0.9479449728260869
0 0.6443614130434783 0.15537250905797104 0.7006199048913043 0.15537250905797104 0.6846976902173912 0.9677592844202899 0.6358695652173912 0.9606827445652174
0 0.7006199048913043 0.09592957427536236 0.7462635869565217 0.10017549818840583 0.7314028532608695 0.9748358242753623 0.6900050951086957 0.9720052083333334
0 0.7579398777173912 0.1058367300724638 0.7950917119565217 0.1058367300724638 0.7664317255434783 0.9790817481884058 0.7282184103260869 0.9734205163043478
0 0.7993376358695652 0.16527966485507248 0.8598420516304348 0.16527966485507248 0.8269361413043479 0.9932348278985508 0.7706776494565217 0.9833276721014492
0 0.8640879755434783 0.1468806612318841 0.8269361413043479 0.9960654438405797 0.9755434782608696 0.9974807518115942 0.9988960597826086 0.1482959692028986
