0 0.047809103260869595 0.21340013586956522 0.0966372282608696 0.2077389039855073 0.1730638586956522 0.9111469655797101 0.12317425271739132 0.9054857336956522
0 0.09557574728260873 0.21198482789855075 0.14015794836956522 0.21198482789855075 0.2112771739130435 0.9054857336956522 0.17094089673913046 0.9040704257246377
0 0.14440387228260873 0.24453691123188406 0.1698794157608696 0.24878283514492758 0.2325067934782609 0.9125622735507246 0.2112771739130435 0.9168081974637681
0 0.1698794157608696 0.2501981431159421 0.191109035326087 0.24878283514492758 0.255859375 0.9168081974637681 0.2325067934782609 0.9168081974637681
0 0.1836786684782609 0.16952558876811596 0.22613790760869565 0.16952558876811596 0.29407269021739124 0.919638813405797 0.25692085597826086 0.919638813405797
0 0.22507642663043478 0.16527966485507248 0.26647418478260876 0.16244904891304351 0.32697860054347827 0.9210541213768115 0.2951341711956521 0.9210541213768115
0 0.28133491847826086 0.30256453804347827 0.3195482336956521 0.30256453804347827 0.3683763586956521 0.9182235054347826 0.33016304347826086 0.9182235054347826
0 0.30893342391304346 0.20490828804347827 0.35776154891304346 0.2020776721014493 0.40340523097826086 0.9309612771739131 0.3651919157608695 0.9267153532608696
0 0.35457710597826086 0.20490828804347827 0.39809782608695654 0.2006623641304348 0.4363111413043478 0.9309612771739131 0.40234375 0.9352072010869565
0 0.40340523097826086 0.1992470561594203 0.4448029891304348 0.2006623641304348 0.47770889945652173 0.9408684329710145 0.43737262228260865 0.945114356884058
0 0.44374150815217395 0.19217051630434787 0.49787703804347827 0.20349298007246377 0.5191066576086957 0.9550215126811593 0.4787703804347826 0.9507755887681159
0 0.4904466711956521 0.16244904891304351 0.5530740489130435 0.15820312500000003 0.5668733016304348 0.9564368206521738 0.515922214673913 0.9521908967391304
0 0.5530740489130435 0.16527966485507248 0.6114555027173912 0.15537250905797104 0.6125169836956521 0.9578521286231884 0.5636888586956521 0.9592674365942028
0 0.6082710597826086 0.13414288949275366 0.6772673233695652 0.12423573369565222 0.6666525135869565 0.9960654438405797 0.6103940217391304 0.9875735960144927
0 0.6815132472826086 0.17377151268115942 0.7547554347826086 0.17094089673913046 0.7239724864130435 0.9833276721014492 0.6677139945652174 0.9748358242753623
0 0.7590013586956521 0.166694972826087 0.791907269021739 0.166694972826087 0.7547554347826086 0.9833276721014492 0.7260954483695652 0.9790817481884058
0 0.79296875 0.16244904891304351 0.8301205842391304 0.16244904891304351 0.7865998641304347 0.9904042119565216 0.760062839673913 0.9932348278985508
0 0.8279976222826086 0.2077389039855073 0.8683338994565217 0.21198482789855075 0.8248131793478259 0.9833276721014492 0.7855383831521738 0.9790817481884058
0 0.8693953804347825 0.20349298007246377 0.9118546195652173 0.20490828804347827 0.8609035326086956 0.9847429800724637 0.8237516983695652 0.9819123641304347
0 0.9054857336956521 0.2785043025362319 0.9362686820652173 0.2770889945652174 0.889563519021739 0.9847429800724637 0.8598420516304348 0.9833276721014492
0 0.9330842391304348 0.26859714673913043 0.9723590353260869 0.2714277626811594 0.9171620244565217 0.9833276721014492 0.8885020380434783 0.9847429800724637
0 0.9766049592391304 0.23604506340579712 0.999755859375 0.23923829101074465 0.9468834918478259 0.9819123641304347 0.9182235054347825 0.9819123641304347
