0 0.0796535326086957 0.16527966485507248 0.11998980978260873 0.16103374094202902 0.17200237771739132 0.8587805706521738 0.12848165760869565 0.8587805706521738
0 0.11149796195652176 0.044978487318840625 0.1730638586956522 0.04356317934782613 0.22826086956521743 0.8701030344202899 0.16881793478260873 0.8686877264492754
0 0.18792459239130435 0.1836786684782609 0.22826086956521743 0.1794327445652174 0.2749660326086957 0.8856714221014492 0.23462975543478262 0.8800101902173912
0 0.22401494565217392 0.07045403079710148 0.2749660326086957 0.8913326539855072 0.3354704483695652 0.8927479619565216 0.29088824728260865 0.06337749094202903
0 0.3418393342391304 0.8941632699275363 0.37580672554347827 0.9012398097826088 0.31848675271739124 0.00818048007246381 0.2866423233695652 0.005349864130434823
0 0.32804008152173914 0.18650928442028988 0.3598845108695652 0.1850939764492754 0.40446671195652173 0.9054857336956522 0.3726222826086957 0.9026551177536232
0 0.35457710597826086 0.0860224184782609 0.40977411684782605 0.08319180253623193 0.45860224184782605 0.9097316576086957 0.40658967391304346 0.9083163496376812
0 0.40977411684782605 0.08319180253623193 0.45011039402173914 0.08036118659420294 0.4946925951086957 0.9153928894927535 0.4575407608695652 0.9139775815217391
0 0.451171875 0.07469995471014497 0.4851392663043478 0.07753057065217395 0.5275985054347826 0.9153928894927535 0.49256963315217395 0.9210541213768115
0 0.4872622282608695 0.13555819746376815 0.556258491847826 0.1284816576086957 0.5912873641304348 0.9578521286231884 0.5297214673913043 0.9578521286231884
0 0.556258491847826 0.009595788043478303 0.5944718070652174 0.9677592844202899 0.6666525135869565 0.9606827445652174 0.6422384510869565 0.006765172101449317
0 0.653914741847826 0.009595788043478303 0.6719599184782609 0.9776664402173912 0.7558169157608695 0.9762511322463768 0.7473250679347826 0.002519248188405839
0 0.7526324728260869 0.1256510416666667 0.8099524456521738 0.12282042572463771 0.8110139266304348 0.9819123641304347 0.7590013586956521 0.9804970561594203
0 0.8120754076086956 0.05347033514492758 0.816321331521739 0.9960654438405797 0.8619650135869565 0.9974807518115942 0.8577190896739131 0.0492244112318841
0 0.8789487092391304 0.05205502717391308 0.9182235054347825 0.05205502717391308 0.9086701766304348 0.9946501358695653 0.8662109375 0.9932348278985508
0 0.9256538722826086 0.12423573369565222 0.9904042119565217 0.11715919384057975 0.9670516304347825 0.9946501358695653 0.9086701766304348 0.9974807518115942
