0 0.07328464673913046 0.264351222826087 0.12635869565217392 0.264351222826087 0.23887567934782608 0.8545346467391304 0.19641644021739132 0.8559499547101449
0 0.12635869565217392 0.258689990942029 0.17412533967391305 0.26293591485507245 0.2707201086956522 0.8573652626811593 0.2356912364130435 0.8587805706521738
0 0.17837126358695657 0.2969033061594203 0.20703125000000003 0.3011492300724638 0.29407269021739124 0.8644418025362319 0.2749660326086957 0.8644418025362319
0 0.20703125000000003 0.30539515398550726 0.23038383152173916 0.3068104619565218 0.3163637907608695 0.8715183423913043 0.2951341711956521 0.8672724184782609
0 0.21658457880434787 0.22613790760869568 0.2654127038043479 0.22896852355072464 0.3482082201086957 0.8701030344202899 0.31530230978260865 0.8701030344202899
0 0.2654127038043479 0.22896852355072464 0.30893342391304346 0.22755321557971017 0.38217561141304346 0.8701030344202899 0.3482082201086957 0.8757642663043478
0 0.3259171195652174 0.356346240942029 0.37049932065217395 0.362007472826087 0.4150815217391304 0.8686877264492754 0.3842985733695652 0.8686877264492754
0 0.353515625 0.2728430706521739 0.40340523097826086 0.27567368659420294 0.4458644701086957 0.8800101902173912 0.41295855978260865 0.8800101902173912
0 0.40340523097826086 0.2742583786231884 0.45223335597826086 0.2785043025362319 0.47664741847826086 0.8842561141304347 0.4458644701086957 0.8800101902173912
0 0.45329483695652173 0.28416553442028986 0.5021229619565217 0.2940726902173913 0.5148607336956521 0.9026551177536232 0.47983186141304346 0.8927479619565216
0 0.5042459239130435 0.28982676630434784 0.5509510869565217 0.29265738224637683 0.5498896059782609 0.9040704257246377 0.5148607336956521 0.9012398097826088
0 0.548828125 0.253028759057971 0.6114555027173912 0.25444406702898553 0.589164402173913 0.9139775815217391 0.5498896059782609 0.9083163496376812
0 0.613578464673913 0.2601052989130435 0.6762058423913043 0.2601052989130435 0.6316236413043478 0.9083163496376812 0.5912873641304348 0.9026551177536232
0 0.678328804347826 0.258689990942029 0.744140625 0.261520606884058 0.6772673233695652 0.9635133605072465 0.6348080842391304 0.9536062047101449
0 0.7505095108695652 0.28133491847826086 0.8205672554347825 0.29124207427536236 0.7292798913043478 0.9380378170289855 0.686820652173913 0.9295459692028986
0 0.8216287364130435 0.2855808423913044 0.8555961277173914 0.28699615036231885 0.7536939538043478 0.939453125 0.7314028532608695 0.933791893115942
0 0.8577190896739131 0.2884114583333333 0.8927479619565217 0.2940726902173913 0.784476902173913 0.9465296648550724 0.7579398777173912 0.9436990489130435
0 0.8853175951086956 0.3280400815217392 0.9267153532608696 0.33228600543478265 0.8110139266304348 0.9422837409420289 0.7812924592391304 0.9366225090579711
0 0.9235309103260869 0.3280400815217392 0.9712975543478259 0.3280400815217392 0.8439198369565217 0.939453125 0.816321331521739 0.939453125
0 0.9574983016304348 0.3903136322463768 0.9861582880434783 0.3931442481884058 0.8662109375 0.9408684329710145 0.840735394021739 0.939453125
0 0.8704568614130435 0.933791893115942 0.889563519021739 0.933791893115942 0.999755859375 0.4497326837069748 0.987219769021739 0.38182178442028986
