0 0.055239470108695704 0.17377151268115942 0.0796535326086957 0.16811028079710147 0.14121942934782614 0.8899173460144927 0.11255944293478262 0.8913326539855072
0 0.08389945652173916 0.20490828804347827 0.11362092391304349 0.2020776721014493 0.166694972826087 0.8899173460144927 0.14015794836956522 0.8899173460144927
0 0.10512907608695657 0.09734488224637684 0.1316661005434783 0.09734488224637684 0.19004755434782608 0.8913326539855072 0.16563349184782608 0.8955785778985508
0 0.14015794836956522 0.17377151268115942 0.2049082880434783 0.17094089673913046 0.24524456521739132 0.8941632699275363 0.19004755434782608 0.8927479619565216
0 0.20596976902173916 0.16952558876811596 0.24418308423913046 0.16952558876811596 0.28133491847826086 0.8998245018115942 0.2463060461956522 0.8969938858695653
0 0.2431216032608696 0.16103374094202902 0.30362601902173914 0.15820312500000003 0.3375934103260869 0.9040704257246377 0.28133491847826086 0.9054857336956522
0 0.30362601902173914 0.07186933876811598 0.3322860054347826 0.07045403079710148 0.3662533967391304 0.9054857336956522 0.33653192934782605 0.9083163496376812
0 0.33653192934782605 0.16103374094202902 0.40658967391304346 0.16244904891304351 0.42463485054347827 0.9097316576086957 0.3620074728260869 0.9125622735507246
0 0.4087126358695652 0.07753057065217395 0.4448029891304348 0.07611526268115947 0.46178668478260865 0.9182235054347826 0.42463485054347827 0.9153928894927535
0 0.4448029891304348 0.0888530344202899 0.49893851902173914 0.0860224184782609 0.5042459239130435 0.9182235054347826 0.4607252038043478 0.9182235054347826
0 0.49893851902173914 0.08036118659420294 0.548828125 0.08177649456521742 0.5477666440217391 0.9267153532608696 0.5021229619565217 0.925300045289855
0 0.548828125 0.18226336050724637 0.5817340353260869 0.1836786684782609 0.5785495923913043 0.925300045289855 0.548828125 0.9281306612318841
0 0.5838569972826086 0.07045403079710148 0.6369310461956521 0.07045403079710148 0.6263162364130435 0.9281306612318841 0.5764266304347826 0.9267153532608696
0 0.6348080842391304 0.06196218297101453 0.6963739809782609 0.06337749094202903 0.678328804347826 0.939453125 0.6273777173913043 0.9352072010869565
0 0.6974354619565217 0.13555819746376815 0.7409561820652174 0.13555819746376815 0.7197265625 0.933791893115942 0.6836362092391304 0.933791893115942
0 0.744140625 0.009595788043478303 0.7239724864130435 0.919638813405797 0.8014605978260869 0.9238847373188405 0.8343665081521738 0.011011096014492796
0 0.8386124320652173 0.012426403985507288 0.8885020380434783 0.013841711956521778 0.8449813179347825 0.9408684329710145 0.8057065217391304 0.9366225090579711
0 0.8885020380434783 0.005349864130434823 0.8492272418478259 0.9295459692028986 0.9161005434782608 0.9352072010869565 0.9766049592391304 0.0039345561594203325
