0 0.05948539402173916 0.07045403079710148 0.09451426630434787 0.0676234148550725 0.16032608695652176 0.9281306612318841 0.12317425271739132 0.9295459692028986
0 0.09876019021739132 0.1086673460144928 0.13697350543478262 0.11574388586956526 0.19004755434782608 0.9238847373188405 0.15820312500000003 0.9281306612318841
0 0.1316661005434783 0.00818048007246381 0.18898607336956522 0.9238847373188405 0.21976902173913046 0.9238847373188405 0.166694972826087 0.00818048007246381
0 0.17412533967391305 0.07469995471014497 0.2526749320652174 0.07753057065217395 0.2866423233695652 0.9380378170289855 0.21658457880434787 0.9323765851449276
0 0.2526749320652174 0.07328464673913047 0.30256453804347827 0.07753057065217395 0.32804008152173914 0.9380378170289855 0.28770380434782605 0.939453125
0 0.3015030570652174 0.07045403079710148 0.38536005434782605 0.069038722826087 0.39809782608695654 0.9422837409420289 0.3291015625 0.945114356884058
0 0.3842985733695652 0.0039345561594203325 0.3959748641304348 0.9465296648550724 0.4267578125 0.9479449728260869 0.423574415203196 -1.4802973661668753e-16
0 0.42463485054347827 0.07328464673913047 0.5084918478260869 0.07611526268115947 0.5 0.9550215126811593 0.4235733695652174 0.9536062047101449
0 0.5127377717391304 0.006765172101449317 0.5 0.9550215126811593 0.5371518342391304 0.9592674365942028 0.5594429347826086 0.0039345561594203325
0 0.5594429347826086 0.005349864130434823 0.540336277173913 0.9550215126811593 0.5881029211956521 0.9592674365942028 0.6199473505434783 0.0039345561594203325
0 0.6231317934782609 0.009595788043478303 0.5881029211956521 0.9578521286231884 0.6401154891304347 0.9606827445652174 0.6793902853260869 0.006765172101449317
0 0.6772673233695652 0.11291326992753627 0.7218495244565217 0.11574388586956526 0.6815132472826086 0.9705899003623188 0.6401154891304347 0.9663439764492754
0 0.7250339673913043 0.0039345561594203325 0.6793902853260869 0.9663439764492754 0.7303413722826086 0.9705899003623188 0.784476902173913 0.00818048007246381
0 0.784476902173913 0.0039345561594203325 0.7335258152173912 0.9663439764492754 0.79296875 0.9635133605072465 0.8577190896739131 0.006765172101449317
0 0.8545346467391304 0.06479279891304353 0.8980553668478259 0.07045403079710148 0.8322435461956521 0.9649286684782609 0.7950917119565217 0.9592674365942028
0 0.8991168478260869 0.002519248188405839 0.8343665081521738 0.9592674365942028 0.9203464673913042 0.9635133605072465 0.9978345788043479 0.009595788043478303
