0 0.8364894701086956 0.016672327898550766 0.9214079483695652 0.006765172101449317 0.8831946331521738 0.9281306612318841 0.8078294836956521 0.919638813405797
0 0.7409561820652174 0.9040704257246377 0.7950917119565217 0.9097316576086957 0.8269361413043479 0.005349864130434823 0.7611243206521738 0.009595788043478303
0 0.7059273097826086 0.037901947463768154 0.7664317255434783 0.03224071557971019 0.7398947010869565 0.9097316576086957 0.6889436141304347 0.9097316576086957
0 0.6188858695652174 0.9040704257246377 0.6878821331521738 0.9054857336956522 0.702742866847826 0.0039345561594203325 0.6220703125 0.00818048007246381
0 0.5721807065217391 0.005349864130434823 0.5785495923913043 0.9111469655797101 0.6220703125 0.9111469655797101 0.6178243885869565 0.002519248188405839
0 0.4787703804347826 0.006765172101449317 0.5 0.9097316576086957 0.5753651494565217 0.9111469655797101 0.5753651494565217 0.002519248188405839
0 0.43418817934782605 0.1256510416666667 0.47983186141304346 0.12282042572463771 0.5 0.9153928894927535 0.4607252038043478 0.9182235054347826
0 0.37049932065217395 0.0478091032608696 0.4320652173913043 0.0478091032608696 0.45860224184782605 0.9168081974637681 0.4055281929347826 0.9168081974637681
0 0.3195482336956521 0.05630095108695656 0.3683763586956521 0.05630095108695656 0.4055281929347826 0.9153928894927535 0.36094599184782605 0.9168081974637681
0 0.28770380434782605 0.17660212862318844 0.3259171195652174 0.17377151268115942 0.3598845108695652 0.922469429347826 0.32804008152173914 0.9182235054347826
0 0.23675271739130435 0.069038722826087 0.2855808423913043 0.069038722826087 0.32697860054347827 0.9168081974637681 0.28239639945652173 0.9168081974637681
0 0.18261718750000003 0.07186933876811598 0.23462975543478262 0.07045403079710148 0.28133491847826086 0.9125622735507246 0.2431216032608696 0.9125622735507246
0 0.142280910326087 0.06620810688405801 0.18261718750000003 0.06196218297101453 0.24418308423913046 0.9182235054347826 0.2049082880434783 0.9168081974637681
0 0.07753057065217392 0.15678781702898553 0.1486497961956522 0.15254189311594207 0.20278532608695657 0.9083163496376812 0.1454653532608696 0.9097316576086957
0 0.03825577445652176 0.06196218297101453 0.06797724184782614 0.05913156702898555 0.14652683423913046 0.8984091938405797 0.11468240489130435 0.9054857336956522
0 0.044624660326087 0.15537250905797104 6.938893903907228e-18 0.15672477149209488 0.06691576086956522 0.9040704257246377 0.11468240489130435 0.9040704257246377
