0 0.06160835597826089 0.00818048007246381 0.049939560696481755 0.9996744791666669 0.13909646739130435 0.9988960597826088 0.14652683423913046 0.002519248188405839
0 0.16138756793478262 0.0039345561594203325 0.14229312338847894 0.9996744791666666 0.19641644021739132 0.9960654438405797 0.20915421195652176 0.0039345561594203325
0 0.21446161684782608 0.0874377264492754 0.20384680706521743 0.9988960597826088 0.2739045516304348 0.9960654438405797 0.27921195652173914 0.08177649456521742
0 0.28770380434782605 0.08460711050724641 0.2802900640924836 0.9996744791666666 0.35139266304347827 0.9996744791666666 0.3482082201086957 0.0874377264492754
0 0.3588230298913043 0.0011039402173913457 0.35245414402173914 0.9988960597826088 0.4214504076086957 0.9988960597826088 0.4214504076086957 0.005349864130434823
0 0.41826596467391297 0.08036118659420294 0.4245818575236475 0.9996744791666666 0.531844429347826 0.9996744791666666 0.5244140625 0.07186933876811598
0 0.5329059103260869 0.0011039402173913457 0.5350155663942896 0.9996744791666665 0.6369310461956521 0.9988960597826088 0.6348080842391304 0.009595788043478303
0 0.6369310461956521 0.006765172101449317 0.6390496293543972 0.9996744791666666 0.7069887907608695 0.9996744791666666 0.702742866847826 0.002519248188405839
0 0.7016813858695652 0.009595788043478303 0.7101732336956521 0.9960654438405797 0.7483865489130435 0.9960654438405797 0.7452021059782609 0.005349864130434823
0 0.744140625 0.07469995471014497 0.7473180184046216 0.9996744791666666 0.7887228260869565 0.9996744791666666 0.7876613451086956 0.07186933876811598
0 0.7897843070652174 0.08319180253623193 0.7897843070652174 0.9996744791666666 0.8502887228260869 0.9988960597826088 0.8460427989130435 0.07894587862318846
0 0.8502887228260869 0.002519248188405839 0.8492324143186946 0.9996744791666666 0.8853175951086956 0.9960654438405797 0.8821331521739131 0.005349864130434823
0 0.8863790760869565 0.00818048007246381 0.890625 0.9974807518115942 0.9436990489130435 0.9974807518115942 0.9352072010869565 0.0011039402173913457
0 0.939453125 0.05771625905797106 0.9479265122873346 0.9996744791666666 0.9967730978260869 0.9974807518115942 0.9957116168478259 0.05488564311594207
