0 0.0011039402173913249 0.11291326992753627 0.05311650815217392 0.11432857789855076 0.08920686141304349 0.8913326539855072 0.03613281250000003 0.8899173460144927
0 0.045686141304347866 0.029410099637681198 0.10194463315217392 0.027994791666666703 0.14121942934782614 0.8955785778985508 0.09026834239130435 0.8927479619565216
0 0.10300611413043478 0.11574388586956526 0.14440387228260873 0.11998980978260874 0.17200237771739132 0.8969938858695653 0.142280910326087 0.8955785778985508
0 0.142280910326087 0.036486639492753666 0.17200237771739132 0.9012398097826088 0.20596976902173916 0.9026551177536232 0.18580163043478262 0.040732563405797145
0 0.18474014945652176 0.03224071557971019 0.23356827445652176 0.037901947463768154 0.24418308423913046 0.8998245018115942 0.2080927309782609 0.8969938858695653
0 0.23356827445652176 0.03224071557971019 0.28133491847826086 0.03931725543478265 0.2802734375 0.9210541213768115 0.24736752717391305 0.919638813405797
0 0.28133491847826086 0.0039345561594203325 0.28239639945652173 0.9309612771739131 0.3588230298913043 0.9281306612318841 0.3842985733695652 0.011011096014492796
0 0.3906674592391304 0.005349864130434823 0.3662533967391304 0.9267153532608696 0.4299422554347826 0.9366225090579711 0.4702785326086957 0.00818048007246381
0 0.47770889945652173 0.012426403985507288 0.5424592391304348 0.01808763586956526 0.4872622282608695 0.9521908967391304 0.43418817934782605 0.9493602807971014
0 0.5424592391304348 0.011011096014492796 0.6125169836956521 0.015257019927536274 0.5424592391304348 0.9536062047101449 0.4904466711956521 0.9465296648550724
0 0.6188858695652174 0.009595788043478303 0.5445822010869565 0.9592674365942028 0.6358695652173912 0.9606827445652174 0.7250339673913043 0.005349864130434823
0 0.7324643342391304 0.005349864130434823 0.637992527173913 0.9649286684782609 0.7165421195652174 0.9748358242753623 0.8184442934782608 0.00818048007246381
0 0.8195057744565217 0.016672327898550766 0.9309612771739131 0.025164175724637722 0.7961531929347825 0.9974807518115942 0.7176036005434783 0.9819123641304347
0 0.9182235054347825 0.1284816576086957 0.9819123641304348 0.12989696557971017 0.8622473571880735 0.9996744791666666 0.8003991168478259 0.9889889039855072
0 0.9702360733695652 0.1850939764492754 0.999755859375 0.1850939764492754 0.9118546195652173 0.9974807518115942 0.8672724184782608 0.9904042119565216
