0 0.02445652173913046 0.2855808423913044 0.0 0.2844162461180125 0.0 0.45541779891304346 0.13060461956521743 0.9182235054347826 0.17730978260869565 0.9153928894927535
0 0.0021654211956521896 0.45541779891304346 0.0021654211956521896 0.5955332880434783 0.09557574728260873 0.9182235054347826 0.12742017663043478 0.9153928894927535
0 0.006411345108695676 0.19075520833333334 0.03719429347826089 0.19500113224637683 0.20703125000000003 0.919638813405797 0.17624830163043478 0.9182235054347826
0 0.06479279891304349 0.2954879981884058 0.14334239130434787 0.2997339221014493 0.255859375 0.9153928894927535 0.20596976902173916 0.9168081974637681
0 0.12954313858695657 0.20632359601449277 0.2622282608695652 0.9366225090579711 0.29407269021739124 0.9309612771739131 0.17624830163043478 0.2077389039855073
0 0.17837126358695657 0.2204766757246377 0.23781419836956522 0.22472259963768118 0.3291015625 0.9323765851449276 0.29407269021739124 0.9267153532608696
0 0.23887567934782608 0.2218919836956522 0.2919497282608695 0.2190613677536232 0.37049932065217395 0.9352072010869565 0.32804008152173914 0.9352072010869565
0 0.3046875 0.3308706974637681 0.34926970108695654 0.3351166213768116 0.3991593070652174 0.9366225090579711 0.3715608016304348 0.9366225090579711
0 0.3375934103260869 0.21056951992753625 0.40234375 0.9352072010869565 0.4394955842391304 0.939453125 0.39172894021739124 0.21056951992753625
0 0.39172894021739124 0.2077389039855073 0.4416185461956521 0.9436990489130435 0.4904466711956521 0.939453125 0.4607252038043478 0.20632359601449277
0 0.4692170516304348 0.2827502264492754 0.4936311141304348 0.933791893115942 0.5222911005434783 0.9309612771739131 0.5180451766304348 0.2785043025362319
0 0.5201681385869565 0.1256510416666667 0.5254755434782609 0.939453125 0.5912873641304348 0.9267153532608696 0.6284391983695652 0.13838881340579715
0 0.6284391983695652 0.1482959692028986 0.5902258831521738 0.9281306612318841 0.6252547554347826 0.933791893115942 0.6878821331521738 0.1468806612318841
0 0.6878821331521738 0.12423573369565222 0.6326851222826086 0.925300045289855 0.6878821331521738 0.9238847373188405 0.7781080163043478 0.12423573369565222
0 0.7717391304347826 0.19500113224637683 0.6900050951086957 0.9238847373188405 0.7367102581521738 0.9352072010869565 0.8502887228260869 0.19358582427536233
0 0.8662109375 0.10300611413043483 0.7388332201086956 0.9323765851449276 0.7812924592391304 0.9323765851449276 0.9405146059782608 0.10725203804347831
0 0.9309612771739131 0.19075520833333334 0.7950917119565217 0.9465296648550724 0.8513502038043479 0.9564368206521738 0.9978345788043479 0.31105638586956524 0.9988960597826086 0.19641644021739132
