0 0.03719429347826089 0.1454653532608696 0.07434612771739132 0.1468806612318841 0.06797724184782614 0.9182235054347826 0.02976392663043481 0.9182235054347826
0 0.07434612771739132 0.18650928442028988 0.09557574728260873 0.18792459239130435 0.09557574728260873 0.922469429347826 0.07116168478260873 0.9210541213768115
0 0.09239130434782614 0.17518682065217395 0.12848165760869565 0.17094089673913046 0.12635869565217392 0.9295459692028986 0.09769870923913046 0.9295459692028986
0 0.14758831521739132 0.1468806612318841 0.1804942255434783 0.1454653532608696 0.191109035326087 0.9267153532608696 0.1560801630434783 0.925300045289855
0 0.17730978260869565 0.14121942934782614 0.20278532608695657 0.14405004528985513 0.21021569293478262 0.9309612771739131 0.18792459239130435 0.9309612771739131
0 0.20384680706521743 0.2374603713768116 0.24524456521739132 0.2374603713768116 0.2526749320652174 0.925300045289855 0.20915421195652176 0.9309612771739131
0 0.2431216032608696 0.2501981431159421 0.28133491847826086 0.24878283514492758 0.2898267663043479 0.9238847373188405 0.24949048913043478 0.9267153532608696
0 0.28239639945652173 0.24595221920289856 0.32167119565217395 0.24595221920289856 0.3259171195652174 0.9210541213768115 0.29088824728260865 0.9238847373188405
0 0.3206097146739131 0.14971127717391308 0.3450237771739131 0.14971127717391308 0.35139266304347827 0.925300045289855 0.3237941576086957 0.9267153532608696
0 0.3439622961956521 0.17235620471014493 0.42463485054347827 0.16527966485507248 0.42569633152173914 0.9465296648550724 0.35245414402173914 0.945114356884058
0 0.4320652173913043 0.1284816576086957 0.47346297554347827 0.12706634963768118 0.4787703804347826 0.9550215126811593 0.4299422554347826 0.9493602807971014
0 0.47452445652173914 0.22330729166666666 0.5137992527173912 0.2190613677536232 0.515922214673913 0.9536062047101449 0.4808933423913043 0.9550215126811593
0 0.5148607336956521 0.253028759057971 0.5445822010869565 0.25444406702898553 0.5445822010869565 0.9507755887681159 0.5127377717391304 0.9536062047101449
0 0.5435207201086957 0.15395720108695657 0.5870414402173912 0.15254189311594207 0.5902258831521738 0.9635133605072465 0.5467051630434783 0.9606827445652174
0 0.5870414402173912 0.1454653532608696 0.6358695652173912 0.1426347373188406 0.6316236413043478 0.9606827445652174 0.5923488451086957 0.9620980525362319
0 0.637992527173913 0.11715919384057975 0.6846976902173912 0.11008265398550728 0.6900050951086957 0.9677592844202899 0.6390540081521738 0.9677592844202899
0 0.6878821331521738 0.10300611413043483 0.7452021059782609 0.10159080615942033 0.7483865489130435 0.9720052083333334 0.6900050951086957 0.9748358242753623
0 0.7547554347826086 0.14121942934782614 0.840735394021739 0.13555819746376815 0.8343665081521738 0.9861582880434782 0.7483865489130435 0.9804970561594203
0 0.8460427989130435 0.11998980978260874 0.8439198369565217 0.9904042119565216 0.8938094429347825 0.9918195199275361 0.890625 0.11857450181159424
0 0.8959324048913042 0.13697350543478265 0.9840353260869565 0.1284816576086957 0.987219769021739 0.9861582880434782 0.8969938858695652 0.9804970561594203
