0 0.007472826086956541 0.13838881340579715 0.08708389945652176 0.13697350543478265 0.07434612771739132 0.9960654438405797 0.004288383152173947 0.9974807518115942
0 0.10300611413043478 0.09309895833333337 0.08496093750000003 0.9988960597826088 0.1316661005434783 0.9988960597826088 0.14652683423913046 0.10017549818840583
0 0.1454653532608696 0.2006623641304348 0.18261718750000003 0.2006623641304348 0.16563349184782608 0.9932348278985508 0.12954313858695657 0.9946501358695653
0 0.1836786684782609 0.23321444746376815 0.1668641888065337 0.9996744791666666 0.20384680706521743 0.9996744791666666 0.21340013586956522 0.23321444746376815
0 0.21658457880434787 0.12140511775362323 0.2060115126557157 0.9996744791666665 0.2505519701086957 0.9974807518115942 0.26010529891304346 0.11857450181159424
0 0.2707201086956522 0.12282042572463771 0.2505666082737991 0.9996744791666665 0.3015030570652174 0.9974807518115942 0.3131793478260869 0.11998980978260874
0 0.3227326766304348 0.0860224184782609 0.3099949048913043 0.9974807518115942 0.35457710597826086 0.9960654438405797 0.3694378396739131 0.09168365036231889
0 0.37368376358695654 0.07894587862318846 0.3567000679347826 0.9988960597826088 0.4150815217391304 0.9932348278985508 0.4214504076086957 0.07611526268115947
0 0.4363111413043478 0.12140511775362323 0.4140200407608695 0.9960654438405797 0.5148607336956521 0.9946501358695653 0.5297214673913043 0.11291326992753627
0 0.5392747961956521 0.1058367300724638 0.515922214673913 0.9932348278985508 0.5689962635869565 0.9946501358695653 0.5838569972826086 0.10442142210144932
0 0.589164402173913 0.12282042572463771 0.5774881114130435 0.9946501358695653 0.6751443614130435 0.9974807518115942 0.6804517663043478 0.11574388586956526
0 0.6836362092391304 0.18650928442028988 0.6751443614130435 0.9974807518115942 0.7133576766304347 0.9960654438405797 0.7144191576086957 0.18226336050724637
0 0.7260954483695652 0.060546875000000035 0.7154806385869565 0.9960654438405797 0.7674932065217391 0.9974807518115942 0.7717391304347826 0.05630095108695656
0 0.7834154211956521 0.06620810688405801 0.773883049012736 0.9996744791666666 0.8449813179347825 0.9974807518115942 0.8396739130434783 0.06196218297101453
0 0.8481657608695652 0.005349864130434823 0.8449813179347825 0.9974807518115942 0.9044242527173914 0.9988960597826088 0.8991168478260869 0.00818048007246381
