0 0.003226902173913082 0.2374603713768116 0.04144021739130435 0.24029098731884058 0.07434612771739132 0.9932348278985508 0.032948369565217406 0.9974807518115942
0 0.04887058423913046 0.2742583786231884 0.07859205163043478 0.9918195199275361 0.09769870923913046 0.9918195199275361 0.06373131793478262 0.2742583786231884
0 0.06373131793478262 0.264351222826087 0.10300611413043478 0.9974807518115942 0.1348505434782609 0.9946501358695653 0.10088315217391305 0.2657665307971015
0 0.11998980978260873 0.23462975543478262 0.1602181762519052 0.9996744791666666 0.19004755434782608 0.9974807518115942 0.15183423913043478 0.23604506340579712
0 0.15501868206521743 0.23604506340579712 0.18792459239130435 0.9988960597826088 0.20915421195652176 0.9960654438405797 0.1730638586956522 0.23038383152173914
0 0.18261718750000003 0.3436084692028986 0.20907146209531324 0.9996744791666666 0.24949048913043478 0.9960654438405797 0.22507642663043478 0.34077785326086957
0 0.2271993885869565 0.3436084692028986 0.2525954921984572 0.9996744791666666 0.2855808423913043 0.9996744791666666 0.26647418478260876 0.34219316123188404
0 0.2643512228260869 0.3478543931159421 0.28451936141304346 0.9974807518115942 0.3227326766304348 0.9988960597826088 0.3046875 0.34643908514492755
0 0.3015030570652174 0.24029098731884058 0.32271488644644164 0.9996744791666666 0.34926970108695654 0.9996744791666666 0.33016304347826086 0.2431216032608696
0 0.33122452445652173 0.27567368659420294 0.3470094254573749 0.9996744791666666 0.42251188858695654 0.9996744791666666 0.41295855978260865 0.2742583786231884
0 0.42251188858695654 0.22896852355072464 0.4235733695652174 0.9988960597826088 0.4702785326086957 0.9974807518115942 0.46815557065217395 0.23321444746376815
0 0.4660326086956521 0.3379472373188406 0.5031844429347826 0.3337013134057971 0.5031844429347826 0.9988960597826088 0.47134001358695654 0.9946501358695653
0 0.5031844429347826 0.37616055253623193 0.504242441679065 0.9996744791666666 0.531844429347826 0.9988960597826088 0.5339673913043478 0.37616055253623193
0 0.540336277173913 0.2742583786231884 0.5339853580057308 0.9996744791666666 0.5743036684782609 0.9996744791666666 0.5849184782608695 0.26859714673913043
0 0.5849184782608695 0.26293591485507245 0.5775087513209541 0.9996744791666666 0.6188858695652174 0.9996744791666666 0.6305621603260869 0.264351222826087
0 0.6401154891304347 0.2374603713768116 0.6252547554347826 0.9974807518115942 0.6687754755434783 0.9960654438405797 0.6878821331521738 0.23604506340579712
0 0.6921280570652174 0.22755321557971017 0.6690064584278584 0.9996744791666666 0.7292798913043478 0.9996744791666666 0.7505095108695652 0.22755321557971017
0 0.7547554347826086 0.2714277626811594 0.727156929347826 0.9988960597826088 0.8141983695652173 0.9988960597826088 0.8471042798913042 0.26718183876811596
0 0.8545346467391304 0.2572746829710145 0.8153681175672115 0.9996744791666666 0.8672724184782608 0.9946501358695653 0.9023012907608696 0.264351222826087
0 0.9054857336956521 0.264351222826087 0.8651843629154472 0.9996744791666665 0.9543138586956521 0.9974807518115942 0.999755859375 0.27040874094203
