0 0.09557574728260873 0.1256510416666667 0.12742017663043478 0.1284816576086957 0.012780230978260892 0.939453125 0.004288383152173947 0.8007529438405797
0 0.1210512907608696 0.13414288949275366 0.19853940217391305 0.13555819746376815 0.1072520380434783 0.9465296648550724 0.004288383152173947 0.9436990489130435
0 0.21021569293478262 0.10300611413043483 0.24842900815217392 0.11008265398550728 0.16775645380434787 0.9521908967391304 0.11680536684782614 0.9493602807971014
0 0.24206012228260873 0.1808480525362319 0.2770889945652174 0.1780174365942029 0.2080927309782609 0.9521908967391304 0.16457201086956522 0.9507755887681159
0 0.2749660326086957 0.20915421195652176 0.3046875 0.20915421195652176 0.24842900815217392 0.9521908967391304 0.2080927309782609 0.9521908967391304
0 0.3099949048913043 0.11574388586956526 0.35245414402173914 0.11432857789855076 0.30044157608695654 0.9521908967391304 0.24736752717391305 0.9465296648550724
0 0.35457710597826086 0.11857450181159424 0.40128226902173914 0.11574388586956526 0.3588230298913043 0.9507755887681159 0.30044157608695654 0.9536062047101449
0 0.40234375 0.09592957427536236 0.35776154891304346 0.9536062047101449 0.41932744565217395 0.9536062047101449 0.44374150815217395 0.09309895833333337
0 0.4479874320652174 0.07753057065217395 0.49893851902173914 0.07469995471014497 0.4872622282608695 0.9550215126811593 0.41932744565217395 0.9578521286231884
0 0.5031844429347826 0.11008265398550728 0.5859799592391304 0.10300611413043483 0.5944718070652174 0.9592674365942028 0.4872622282608695 0.9635133605072465
0 0.5944718070652174 0.09451426630434785 0.6358695652173912 0.09451426630434785 0.6570991847826086 0.9564368206521738 0.5987177309782609 0.9550215126811593
0 0.6358695652173912 0.11149796195652178 0.7229110054347826 0.10725203804347831 0.775985054347826 0.9606827445652174 0.662406589673913 0.9536062047101449
0 0.727156929347826 0.15678781702898553 0.7536939538043478 0.15254189311594207 0.8205672554347825 0.9606827445652174 0.7781080163043478 0.9592674365942028
0 0.7547554347826086 0.05347033514492758 0.7982761548913042 0.0492244112318841 0.8789487092391304 0.9649286684782609 0.8216287364130435 0.9606827445652174
0 0.8035835597826086 0.06196218297101453 0.8587805706521738 0.05630095108695656 0.9617442255434783 0.9635133605072465 0.8853175951086956 0.9677592844202899
0 0.8460427989130435 0.005349864130434823 0.9649286684782608 0.9635133605072465 0.999755859375 0.9592918828227931 0.9065472146739131 0.009595788043478303
