0 0.09239130434782614 0.19075520833333334 0.12317425271739132 0.19641644021739132 0.069038722826087 0.9069010416666666 0.03507133152173916 0.9069010416666666
0 0.12529721467391305 0.19075520833333334 0.16457201086956522 0.19075520833333334 0.11362092391304349 0.9069010416666666 0.07010020380434787 0.9026551177536232
0 0.1624490489130435 0.26718183876811596 0.21021569293478262 0.2742583786231884 0.16563349184782608 0.9040704257246377 0.11362092391304349 0.9040704257246377
0 0.21446161684782608 0.1978317481884058 0.24842900815217392 0.20349298007246377 0.20384680706521743 0.9012398097826088 0.166694972826087 0.9040704257246377
0 0.24736752717391305 0.2374603713768116 0.2887652853260869 0.23887567934782608 0.2505519701086957 0.9040704257246377 0.20596976902173916 0.8984091938405797
0 0.28770380434782605 0.253028759057971 0.3163637907608695 0.253028759057971 0.28451936141304346 0.8969938858695653 0.2526749320652174 0.8984091938405797
0 0.32167119565217395 0.19358582427536233 0.34926970108695654 0.19500113224637683 0.3174252717391304 0.8984091938405797 0.28451936141304346 0.8984091938405797
0 0.35457710597826086 0.1808480525362319 0.3832370923913043 0.18226336050724637 0.3450237771739131 0.8955785778985508 0.3163637907608695 0.8998245018115942
0 0.3779296875 0.18650928442028988 0.4055281929347826 0.18650928442028988 0.3726222826086957 0.9012398097826088 0.3450237771739131 0.9026551177536232
0 0.40340523097826086 0.1992470561594203 0.43418817934782605 0.1992470561594203 0.40658967391304346 0.8998245018115942 0.3726222826086957 0.8969938858695653
0 0.43737262228260865 0.029410099637681198 0.5010614809782609 0.023748867753623226 0.4755859375 0.9083163496376812 0.40446671195652173 0.9125622735507246
0 0.4968155570652174 0.23462975543478262 0.531844429347826 0.23604506340579712 0.515922214673913 0.9069010416666666 0.4787703804347826 0.9012398097826088
0 0.5307829483695652 0.17094089673913046 0.5636888586956521 0.16952558876811596 0.5509510869565217 0.8955785778985508 0.5191066576086957 0.8998245018115942
0 0.5636888586956521 0.15678781702898553 0.5934103260869565 0.15254189311594207 0.5817340353260869 0.9026551177536232 0.548828125 0.9012398097826088
0 0.5934103260869565 0.1780174365942029 0.637992527173913 0.1808480525362319 0.6369310461956521 0.8998245018115942 0.5859799592391304 0.8998245018115942
0 0.637992527173913 0.17518682065217395 0.6751443614130435 0.1780174365942029 0.6825747282608695 0.8984091938405797 0.6348080842391304 0.8927479619565216
0 0.6751443614130435 0.17518682065217395 0.7165421195652174 0.17518682065217395 0.7367102581521738 0.8998245018115942 0.6804517663043478 0.8913326539855072
0 0.7176036005434783 0.1794327445652174 0.7505095108695652 0.1794327445652174 0.7717391304347826 0.8984091938405797 0.7377717391304347 0.8969938858695653
0 0.7505095108695652 0.2218919836956522 0.7770465353260869 0.2218919836956522 0.8035835597826086 0.8899173460144927 0.7717391304347826 0.8885020380434782
0 0.7749235733695652 0.1780174365942029 0.8322435461956521 0.1836786684782609 0.8715183423913042 0.8899173460144927 0.8088909646739131 0.8842561141304347
0 0.8279976222826086 0.15112658514492758 0.8502887228260869 0.15395720108695657 0.8927479619565217 0.8899173460144927 0.8715183423913042 0.8885020380434782
