0 0.013841711956521757 0.01808763586956526 0.08814538043478262 0.016672327898550766 0.1974779211956522 0.9705899003623188 0.13591202445652176 0.9649286684782609
0 0.09769870923913046 0.05630095108695656 0.1560801630434783 0.05913156702898555 0.23462975543478262 0.9550215126811593 0.1942934782608696 0.9564368206521738
0 0.15395720108695657 0.05771625905797106 0.20596976902173916 0.060546875000000035 0.26647418478260876 0.9578521286231884 0.23462975543478262 0.9550215126811593
0 0.2049082880434783 0.06479279891304353 0.2622282608695652 0.0676234148550725 0.3110563858695652 0.9677592844202899 0.2707201086956522 0.9635133605072465
0 0.2643512228260869 0.069038722826087 0.3195482336956521 0.07611526268115947 0.3503311820652174 0.9691745923913043 0.31211786684782605 0.9677592844202899
0 0.31530230978260865 0.05630095108695656 0.40128226902173914 0.06196218297101453 0.4140200407608695 0.9691745923913043 0.35139266304347827 0.9720052083333334
0 0.3991593070652174 0.0039345561594203325 0.4108355978260869 0.9677592844202899 0.46815557065217395 0.9776664402173912 0.4787670009005537 0.0
0 0.48938519021739124 0.1850939764492754 0.5573199728260869 0.18933990036231885 0.5307829483695652 0.9691745923913043 0.47452445652173914 0.9804970561594203
0 0.5636888586956521 0.1978317481884058 0.6337466032608695 0.1978317481884058 0.5849184782608695 0.9861582880434782 0.5307829483695652 0.9847429800724637
0 0.6348080842391304 0.10442142210144932 0.6857591711956521 0.10300611413043483 0.6167629076086957 0.9861582880434782 0.5859799592391304 0.9790817481884058
0 0.686820652173913 0.10017549818840583 0.7505095108695652 0.1086673460144928 0.6602836277173912 0.9946501358695653 0.6178243885869565 0.9875735960144927
0 0.7483865489130435 0.09451426630434785 0.8131368885869565 0.10159080615942033 0.7059273097826086 0.9904042119565216 0.662406589673913 0.9875735960144927
0 0.8195057744565217 0.05347033514492758 0.8778872282608696 0.05771625905797106 0.7483865489130435 0.9988960597826088 0.7048658288043478 0.9960654438405797
0 0.8534731657608696 0.20915421195652176 0.9373301630434783 0.2190613677536232 0.8067680027173914 0.9946501358695653 0.7473250679347826 0.9946501358695653
0 0.9606827445652173 0.11149796195652178 0.8099524456521738 0.9946501358695653 0.8683338994565217 0.9946501358695653 0.999755859375 0.2937330163043475
