0 0.025518002717391325 0.12140511775362323 3.469446951953614e-18 0.11946088897515532 0.002150037209860831 0.9996744791666666 0.023395040760869595 0.9988960597826088
0 0.027640964673913082 0.12423573369565222 0.02445652173913046 0.9974807518115942 0.09876019021739132 0.9974807518115942 0.10088315217391305 0.11998980978260874
0 0.11362092391304349 0.11857450181159424 0.09876019021739132 0.9960654438405797 0.18261718750000003 0.9932348278985508 0.19004755434782608 0.12282042572463771
0 0.18792459239130435 0.12706634963768118 0.2187075407608696 0.13131227355072467 0.20915421195652176 0.9974807518115942 0.18580163043478262 0.9960654438405797
0 0.2218919836956522 0.12282042572463771 0.21021569293478262 0.9932348278985508 0.2643512228260869 0.9932348278985508 0.26965862771739135 0.12706634963768118
0 0.27921195652173914 0.1454653532608696 0.2633802387846053 0.9996744791666666 0.30044157608695654 0.9988960597826088 0.3174252717391304 0.1482959692028986
0 0.3195482336956521 0.14405004528985513 0.3630689538043478 0.14405004528985513 0.3503311820652174 0.9960654438405797 0.30044157608695654 0.9960654438405797
0 0.3630689538043478 0.0011039402173913457 0.3503311820652174 0.9960654438405797 0.40022078804347827 0.9946501358695653 0.4140200407608695 0.0039345561594203325
0 0.4203889266304348 0.0039345561594203325 0.39809782608695654 0.9946501358695653 0.4543563179347826 0.9974807518115942 0.47452445652173914 0.0011039402173913457
0 0.4692170516304348 0.005349864130434823 0.45759781923093207 0.9996744791666666 0.5371518342391304 0.9996744791666666 0.5583814538043478 0.0039345561594203325
0 0.5626273777173912 0.07753057065217395 0.6496688179347826 0.08319180253623193 0.6167629076086957 0.9932348278985508 0.5414189877717394 0.9996744791666666
0 0.6560377038043478 0.006765172101449317 0.6210088315217391 0.9875735960144927 0.6942510190217391 0.9988960597826088 0.735648777173913 0.0011039402173913457
0 0.727156929347826 0.1780174365942029 0.7728006114130435 0.1794327445652174 0.7443102252626501 0.9996744791666666 0.6931895380434783 0.9988960597826088
0 0.7738620923913043 0.15395720108695657 0.7516249519409613 0.9996744791666666 0.8067680027173914 0.9996744791666666 0.8354279891304348 0.15112658514492758
0 0.841796875 0.07469995471014497 0.8088909646739131 0.9960654438405797 0.8640879755434783 0.9988960597826088 0.8885020380434783 0.07469995471014497
0 0.8874405570652173 0.1794327445652174 0.9447605298913042 0.19075520833333334 0.9192849864130435 0.9988960597826088 0.8640879755434783 0.9960654438405797
0 0.9468834918478259 0.10725203804347831 0.9226022818961304 0.9996744791666666 0.9734205163043479 0.9974807518115942 0.9988960597826086 0.1086673460144928
