0 0.05948539402173916 0.020918251811594245 0.13909646739130435 0.020918251811594245 0.2431216032608696 0.9182235054347826 0.17518682065217392 0.9238847373188405
0 0.15395720108695657 0.10725203804347831 0.18898607336956522 0.1058367300724638 0.2654127038043479 0.9153928894927535 0.24206012228260873 0.9153928894927535
0 0.17837126358695657 0.013841711956521778 0.23144531250000003 0.013841711956521778 0.30362601902173914 0.919638813405797 0.2654127038043479 0.919638813405797
0 0.23038383152173916 0.0039345561594203325 0.30574898097826086 0.9153928894927535 0.3620074728260869 0.9083163496376812 0.3078719429347826 0.002519248188405839
0 0.30681046195652173 0.005349864130434823 0.3630689538043478 0.9069010416666666 0.3991593070652174 0.9040704257246377 0.3536737045229092 0.0
0 0.3630689538043478 0.00818048007246381 0.40128226902173914 0.009595788043478303 0.4363111413043478 0.9069010416666666 0.3991593070652174 0.9097316576086957
0 0.40977411684782605 0.09168365036231889 0.4946925951086957 0.09309895833333337 0.5021229619565217 0.9012398097826088 0.4384341032608695 0.9111469655797101
0 0.49575407608695654 0.005349864130434823 0.5021229619565217 0.9040704257246377 0.5934103260869565 0.8899173460144927 0.6210088315217391 0.006765172101449317
0 0.6199473505434783 0.005349864130434823 0.5955332880434783 0.8927479619565216 0.6719599184782609 0.8984091938405797 0.7176036005434783 0.005349864130434823
0 0.7154806385869565 0.0888530344202899 0.79296875 0.0860224184782609 0.7303413722826086 0.9040704257246377 0.6730213994565217 0.9012398097826088
0 0.8025220788043479 0.0011039402173913457 0.7314028532608695 0.9054857336956522 0.7728006114130435 0.9083163496376812 0.8524116847826086 0.005349864130434823
0 0.8534731657608696 0.0676234148550725 0.7738620923913043 0.9026551177536232 0.8301205842391304 0.9040704257246377 0.9267153532608696 0.0676234148550725
0 0.8343665081521738 0.9069010416666666 0.8800101902173914 0.9097316576086957 0.9988960597826086 0.006765172101449317 0.9405146059782608 0.002519248188405839
