0 0.03613281250000003 0.005349864130434823 0.02445652173913046 0.9904042119565216 -3.469446951953614e-18 0.9944802989130435 0.0 0.005349864130434823
0 0.0584239130434783 0.09876019021739135 0.02771092592020755 0.9996744791666666 0.1072520380434783 0.9974807518115942 0.1316661005434783 0.10017549818840583
0 0.14015794836956522 0.19217051630434787 0.10844967757654225 0.9996744791666669 0.1836786684782609 0.9996744791666666 0.21976902173913046 0.18650928442028988
0 0.2271993885869565 0.060546875000000035 0.18580163043478262 0.9974807518115942 0.2622282608695652 0.9974807518115942 0.2930112092391304 0.05630095108695656
0 0.2919497282608695 0.2728430706521739 0.26125345032846137 0.9996744791666666 0.30893342391304346 0.9988960597826088 0.3354704483695652 0.2742583786231884
0 0.33971637228260865 0.24736752717391305 0.31219294720970303 0.9996744791666666 0.3683763586956521 0.9996744791666666 0.3938519021739131 0.24453691123188406
0 0.39809782608695654 0.17377151268115942 0.3697511564745303 0.9996744791666666 0.4172044836956521 0.9996744791666666 0.4416185461956521 0.1794327445652174
0 0.44268002717391297 0.2770889945652174 0.49150815217391297 0.2799196105072464 0.4735494935136242 0.9996744791666666 0.41932744565217395 0.9960654438405797
0 0.49787703804347827 0.2006623641304348 0.47466629878626376 0.9996744791666666 0.5222911005434783 0.9996744791666666 0.5456436820652174 0.20349298007246377
0 0.5424592391304348 0.20490828804347827 0.5234355803003584 0.9996744791666666 0.5721807065217391 0.9996744791666666 0.5923488451086957 0.20490828804347827
0 0.6093325407608695 0.002519248188405839 0.5838732582678076 0.9996744791666666 0.6592221467391304 0.9996744791666666 0.6782958595067793 0.0
0 0.678328804347826 0.07753057065217395 0.7176036005434783 0.07894587862318846 0.7006199048913043 0.9904042119565216 0.6634680706521738 0.9974807518115942
0 0.7165421195652174 0.2020776721014493 0.7430791440217391 0.20349298007246377 0.7335258152173912 0.9974807518115942 0.7016813858695652 0.9960654438405797
0 0.7462635869565217 0.13272758152173916 0.7335351659470529 0.9996744791666666 0.7950917119565217 0.9988960597826088 0.8014605978260869 0.13272758152173916
0 0.8046450407608696 0.12989696557971017 0.7972799892345284 0.9996744791666666 0.8534731657608696 0.9996744791666666 0.8598420516304348 0.12706634963768118
0 0.8577190896739131 0.19358582427536233 0.8566639998114898 0.9996744791666666 0.8980553668478259 0.9996744791666666 0.8991168478260869 0.1992470561594203
0 0.9033627717391304 0.16103374094202902 0.9023056615648978 0.9996744791666665 0.9691745923913042 0.9974807518115942 0.9702360733695652 0.16244904891304351
