0 0.028702445652173947 0.28699615036231885 0.06373131793478262 0.2884114583333333 0.0722231657608696 0.939453125 0.0340098505434783 0.9323765851449276
0 0.06054687500000003 0.19075520833333334 0.13909646739130435 0.2077389039855073 0.1348505434782609 0.9592674365942028 0.0722231657608696 0.9578521286231884
0 0.13697350543478262 0.2190613677536232 0.17730978260869565 0.2204766757246377 0.17518682065217392 0.9790817481884058 0.1348505434782609 0.9776664402173912
0 0.19853940217391305 0.21764605978260873 0.24099864130434787 0.2204766757246377 0.21658457880434787 0.9521908967391304 0.18474014945652176 0.9550215126811593
0 0.2611667798913043 0.11149796195652178 0.2356912364130435 0.9918195199275361 0.2993800951086957 0.9960654438405797 0.33016304347826086 0.11857450181159424
0 0.3450237771739131 0.12706634963768118 0.4087126358695652 0.13414288949275366 0.353515625 0.9974807518115942 0.3015030570652174 0.9974807518115942
0 0.40658967391304346 0.12706634963768118 0.46709408967391297 0.13555819746376815 0.40340523097826086 0.9932348278985508 0.353515625 0.9918195199275361
0 0.47452445652173914 0.06479279891304353 0.5307829483695652 0.07469995471014497 0.4479874320652174 0.9974807518115942 0.40446671195652173 0.9988960597826088
0 0.5265370244565217 0.11432857789855076 0.5934103260869565 0.11998980978260874 0.5031844429347826 0.9819123641304347 0.4575407608695652 0.9734205163043478
0 0.5965947690217391 0.07753057065217395 0.6454228940217391 0.0860224184782609 0.5435207201086957 0.9946501358695653 0.5031844429347826 0.9932348278985508
0 0.6443614130434783 0.07186933876811598 0.6942510190217391 0.08036118659420294 0.5830437658879734 0.9996744791666666 0.5435207201086957 0.9988960597826088
0 0.6921280570652174 0.11857450181159424 0.7409561820652174 0.12989696557971017 0.6284391983695652 0.9974807518115942 0.5849184782608695 0.9960654438405797
0 0.751570991847826 0.07045403079710148 0.7950917119565217 0.07328464673913047 0.6613451086956521 0.9988960597826088 0.6273777173913043 0.9918195199275361
0 0.7993376358695652 0.0676234148550725 0.8555961277173914 0.07469995471014497 0.7101732336956521 0.9988960597826088 0.6645295516304347 0.9946501358695653
0 0.7176036005434783 0.9918195199275361 0.8704568614130435 0.006765172101449317 0.9214079483695652 0.005349864130434823 0.7640201640490284 0.9996744791666666
