0 0.07753057065217392 0.11715919384057975 0.12211277173913046 0.12140511775362323 0.11468240489130435 0.939453125 0.07540760869565219 0.9380378170289855
0 0.117866847826087 0.11857450181159424 0.166694972826087 0.11857450181159424 0.1624490489130435 0.933791893115942 0.11468240489130435 0.933791893115942
0 0.16775645380434787 0.21764605978260873 0.22295346467391305 0.22330729166666666 0.21340013586956522 0.9323765851449276 0.16138756793478262 0.933791893115942
0 0.22613790760869565 0.12282042572463771 0.2685971467391305 0.12706634963768118 0.25798233695652173 0.9295459692028986 0.215523097826087 0.9309612771739131
0 0.2675356657608696 0.17094089673913046 0.3131793478260869 0.17094089673913046 0.30362601902173914 0.9267153532608696 0.25798233695652173 0.9295459692028986
0 0.3142408288043478 0.18650928442028988 0.3503311820652174 0.18933990036231885 0.3386548913043478 0.9267153532608696 0.30681046195652173 0.9267153532608696
0 0.353515625 0.11715919384057975 0.3842985733695652 0.11857450181159424 0.3683763586956521 0.9323765851449276 0.3386548913043478 0.9323765851449276
0 0.3896059782608695 0.10017549818840583 0.4203889266304348 0.10442142210144932 0.3991593070652174 0.9295459692028986 0.3726222826086957 0.9309612771739131
0 0.41932744565217395 0.11008265398550728 0.45329483695652173 0.11149796195652178 0.4331266983695652 0.9295459692028986 0.40340523097826086 0.9295459692028986
0 0.45223335597826086 0.1284816576086957 0.48301630434782605 0.1256510416666667 0.4628481657608695 0.933791893115942 0.4363111413043478 0.9281306612318841
0 0.45860224184782605 0.9465296648550724 0.5456436820652174 0.945114356884058 0.5700577445652174 0.0039345561594203325 0.4851392663043478 0.002519248188405839
0 0.5658118206521738 0.17235620471014493 0.6040251358695652 0.17235620471014493 0.5838569972826086 0.9309612771739131 0.5424592391304348 0.9295459692028986
0 0.6061480978260869 0.0874377264492754 0.6390540081521738 0.09026834239130438 0.6199473505434783 0.9366225090579711 0.5849184782608695 0.9295459692028986
0 0.6432999320652174 0.069038722826087 0.6815132472826086 0.07328464673913047 0.6570991847826086 0.9352072010869565 0.6146399456521738 0.9323765851449276
0 0.6793902853260869 0.10442142210144932 0.7303413722826086 0.1058367300724638 0.7122961956521738 0.9352072010869565 0.6560377038043478 0.9281306612318841
0 0.7749235733695652 0.1086673460144928 0.7303413722826086 0.10159080615942033 0.7144191576086957 0.9267153532608696 0.7621858016304347 0.9281306612318841
0 0.7738620923913043 0.09734488224637684 0.8322435461956521 0.09876019021739135 0.816321331521739 0.9309612771739131 0.760062839673913 0.9267153532608696
0 0.8290591032608696 0.1086673460144928 0.8683338994565217 0.10725203804347831 0.8534731657608696 0.925300045289855 0.8152598505434783 0.9281306612318841
0 0.8640879755434783 0.15254189311594207 0.8969938858695652 0.15254189311594207 0.8874405570652173 0.9238847373188405 0.8555961277173914 0.922469429347826
0 0.8969938858695652 0.10159080615942033 0.9606827445652173 0.10725203804347831 0.9596212635869565 0.9267153532608696 0.8938094429347825 0.925300045289855
0 0.962805706521739 0.07611526268115947 0.987219769021739 0.07186933876811598 0.9829738451086956 0.9238847373188405 0.9596212635869565 0.9267153532608696
