0 0.018087635869565244 0.1468806612318841 0.05311650815217392 0.1468806612318841 0.06691576086956522 0.7512171648550724 0.032948369565217406 0.749801856884058
0 0.05311650815217392 0.08319180253623193 0.11149796195652176 0.07328464673913047 0.14015794836956522 0.7554630887681159 0.06479279891304349 0.7526324728260869
0 0.12423573369565219 0.15395720108695657 0.15820312500000003 0.14971127717391308 0.17837126358695657 0.7597090126811593 0.13591202445652176 0.7597090126811593
0 0.16032608695652176 0.19500113224637683 0.1974779211956522 0.1992470561594203 0.2187075407608696 0.7653702445652174 0.17837126358695657 0.7625396286231885
0 0.19217051630434787 0.17094089673913046 0.24099864130434787 0.17235620471014493 0.25479789402173914 0.7696161684782609 0.2112771739130435 0.7696161684782609
0 0.239937160326087 0.10300611413043483 0.3046875 0.09876019021739135 0.3227326766304348 0.7851845561594203 0.2590438179347826 0.7752774003623188
0 0.30893342391304346 0.17235620471014493 0.35457710597826086 0.17235620471014493 0.36731487771739124 0.7809386322463768 0.3439622961956521 0.7837692481884058
0 0.35776154891304346 0.07753057065217395 0.3694378396739131 0.7908457880434782 0.42888077445652173 0.7936764039855072 0.4267578125 0.07328464673913047
0 0.42463485054347827 0.1850939764492754 0.4564792798913043 0.1850939764492754 0.45860224184782605 0.7993376358695653 0.42781929347826086 0.7993376358695653
0 0.45541779891304346 0.09876019021739135 0.4968155570652174 0.09451426630434785 0.4968155570652174 0.7950917119565218 0.4607252038043478 0.7936764039855072
0 0.4968155570652174 0.16811028079710147 0.5435207201086957 0.16103374094202902 0.5435207201086957 0.821982563405797 0.5021229619565217 0.8163213315217391
0 0.5424592391304348 0.14121942934782614 0.605086616847826 0.13980412137681164 0.6008406929347826 0.8375509510869565 0.5467051630434783 0.8333050271739131
0 0.6029636548913043 0.016672327898550766 0.6432999320652174 0.00818048007246381 0.637992527173913 0.8389662590579711 0.5997792119565217 0.8347203351449276
0 0.6486073369565217 0.10300611413043483 0.7239724864130435 0.09734488224637684 0.7059273097826086 0.847458106884058 0.637992527173913 0.841796875
0 0.7186650815217391 0.0039345561594203325 0.702742866847826 0.861611186594203 0.7345872961956521 0.8658571105072465 0.7558169157608695 0.002519248188405839
0 0.7568783967391304 0.0039345561594203325 0.7367102581521738 0.8757642663043478 0.7993376358695652 0.8785948822463768 0.8226902173913042 0.0039345561594203325
0 0.8237516983695652 0.002519248188405839 0.8046450407608696 0.8715183423913043 0.8566576086956521 0.8743489583333334 0.8874405570652173 0.006765172101449317
