0 0.005349864130434812 0.006765172101449317 0.049932065217391325 0.9974807518115942 0.07434612771739132 0.9974807518115942 0.03831814022277992 0.0
0 0.07434612771739132 0.9988960597826088 0.10088315217391305 0.9932348278985508 0.07010985088218448 0.0 0.03613281250000003 0.0011039402173913457
0 0.0722231657608696 0.0011039402173913457 0.10194463315217392 0.9974807518115942 0.13378906250000003 0.9960654438405797 0.11259618071615789 0.0
0 0.11255944293478262 0.0039345561594203325 0.132714689955881 0.9996744791666666 0.16563349184782608 0.9960654438405797 0.15501868206521743 0.0039345561594203325
0 0.16032608695652176 0.17094089673913046 0.2505519701086957 0.1808480525362319 0.24524456521739132 0.9974807518115942 0.16775645380434787 0.9960654438405797
0 0.26010529891304346 0.005349864130434823 0.2463060461956522 0.9974807518115942 0.29725713315217395 0.9960654438405797 0.31848675271739124 0.0011039402173913457
0 0.32697860054347827 0.025164175724637722 0.39809782608695654 0.037901947463768154 0.353610550391448 0.9996744791666666 0.2951341711956521 0.9946501358695653
0 0.3970363451086957 0.029410099637681198 0.4692170516304348 0.037901947463768154 0.4118970788043478 0.9988960597826088 0.35776154891304346 0.9932348278985508
0 0.47770889945652173 0.006765172101449317 0.4203889266304348 0.9734205163043478 0.48301630434782605 0.9847429800724637 0.564750339673913 0.011011096014492796
0 0.5583814538043478 0.08319180253623193 0.5987177309782609 0.0874377264492754 0.5191066576086957 0.9635133605072465 0.4872622282608695 0.9564368206521738
0 0.589164402173913 0.15678781702898553 0.7176036005434783 0.17518682065217395 0.6167629076086957 0.9720052083333334 0.5212296195652174 0.9592674365942028
0 0.7197265625 0.1468806612318841 0.8598420516304348 0.166694972826087 0.7345872961956521 0.9861582880434782 0.6178243885869565 0.9592674365942028
0 0.8375509510869565 0.28133491847826086 0.8800101902173914 0.2884114583333333 0.7706776494565217 0.9323765851449276 0.7398947010869565 0.925300045289855
0 0.9118546195652173 0.18650928442028988 0.791907269021739 0.9649286684782609 0.8587805706521738 0.9720052083333334 0.9978345788043479 0.19500113224637683
