0 0.030825407608695676 0.036486639492753666 0.07328464673913046 0.037901947463768154 0.069038722826087 0.9960654438405797 0.01490319293478265 0.9918195199275361
0 0.07646908967391305 0.0039345561594203325 0.0722231657608696 0.9988960597826088 0.11680536684782614 0.9932348278985508 0.11574388586956522 0.0039345561594203325
0 0.117866847826087 0.12282042572463771 0.22083050271739132 0.11291326992753627 0.21871244250424055 0.9996744791666666 0.117866847826087 0.9974807518115942
0 0.22083050271739132 0.002519248188405839 0.2218919836956522 0.9974807518115942 0.3375934103260869 0.9974807518115942 0.3291015625 0.0011039402173913457
0 0.35245414402173914 0.12282042572463771 0.3450237771739131 0.9875735960144927 0.3959748641304348 0.9904042119565216 0.3927904211956521 0.11857450181159424
0 0.39172894021739124 0.1850939764492754 0.4363111413043478 0.1794327445652174 0.4331266983695652 0.9889889039855072 0.40977411684782605 0.9918195199275361
0 0.4320652173913043 0.1256510416666667 0.43418817934782605 0.9960654438405797 0.46709408967391297 0.9932348278985508 0.47134001358695654 0.1256510416666667
0 0.47452445652173914 0.005349864130434823 0.47134001358695654 0.9974807518115942 0.5116762907608695 0.9932348278985508 0.515922214673913 0.0039345561594203325
0 0.5297214673913043 0.09026834239130438 0.532888903626203 0.9996744791666666 0.6316236413043478 0.9996744791666666 0.6241932744565217 0.08460711050724641
0 0.6231317934782609 0.17377151268115942 0.6825747282608695 0.17660212862318844 0.6825747282608695 0.9996744791666666 0.629500679347826 0.9932348278985508
0 0.6825747282608695 0.0039345561594203325 0.695214586239805 0.9996744791666666 0.7781080163043478 0.9988960597826088 0.7685546875 0.00818048007246381
0 0.7728006114130435 0.012426403985507288 0.7801944094083374 0.9996744791666666 0.8343665081521738 0.9996744791666666 0.8311820652173914 0.005349864130434823
0 0.8333050271739131 0.002519248188405839 0.8333050271739131 0.9996744791666666 0.8959324048913042 0.9996744791666666 0.8853175951086956 0.0011039402173913457
0 0.8980553668478259 0.9946501358695653 0.8885020380434783 0.002519248188405839 0.9436990489130435 0.005349864130434823 0.9479362276703001 0.9996744791666666
0 0.9426375679347825 0.002519248188405839 0.9511294157608696 0.9960654438405797 0.999755859375 0.9987669129302535 0.9957116168478259 0.002519248188405839
