0 0.8842561141304348 0.023748867753623226 0.9298997961956521 0.013841711956521778 0.9330842391304348 0.9960654438405797 0.8619650135869565 0.9932348278985508
0 0.8057065217391304 0.12706634963768118 0.8609035326086956 0.12140511775362323 0.865149456521739 0.9833276721014492 0.8110139266304348 0.9819123641304347
0 0.7462635869565217 0.00818048007246381 0.7865816673136647 1.1564823173178713e-18 0.8078294836956521 0.9918195199275361 0.7568783967391304 0.9889889039855072
0 0.7016813858695652 0.20490828804347827 0.7505095108695652 0.1978317481884058 0.7558169157608695 0.9521908967391304 0.7101732336956521 0.9436990489130435
0 0.6401154891304347 0.23321444746376815 0.6995584239130435 0.23462975543478262 0.7069887907608695 0.9521908967391304 0.6454228940217391 0.9521908967391304
0 0.6008406929347826 0.11432857789855076 0.6369310461956521 0.11432857789855076 0.6454228940217391 0.9790817481884058 0.6061480978260869 0.9804970561594203
0 0.5583814538043478 0.11715919384057975 0.5955332880434783 0.11574388586956526 0.605086616847826 0.9776664402173912 0.5679347826086957 0.9776664402173912
0 0.5095533288043478 0.1086673460144928 0.5530740489130435 0.09876019021739135 0.5658118206521738 0.9918195199275361 0.5212296195652174 0.9918195199275361
0 0.46497112771739124 0.11291326992753627 0.5063688858695652 0.11149796195652178 0.5233525815217391 0.9918195199275361 0.47770889945652173 0.9875735960144927
0 0.41932744565217395 0.11291326992753627 0.4660326086956521 0.11149796195652178 0.47664741847826086 0.9932348278985508 0.43100373641304346 0.9918195199275361
0 0.37580672554347827 0.11432857789855076 0.4203889266304348 0.11432857789855076 0.4331266983695652 0.9932348278985508 0.3842985733695652 0.9889889039855072
0 0.32485563858695654 0.11998980978260874 0.3779296875 0.11291326992753627 0.3842985733695652 0.9861582880434782 0.33971637228260865 0.9918195199275361
0 0.2505519701086957 0.11291326992753627 0.32167119565217395 0.11291326992753627 0.3322860054347826 0.9988960597826088 0.2643512228260869 0.9932348278985508
0 0.23462975543478262 0.24736752717391305 0.255859375 0.24595221920289856 0.2685971467391305 0.9649286684782609 0.24099864130434787 0.9620980525362319
0 0.14334239130434787 0.1836786684782609 0.22613790760869565 0.18226336050724637 0.23144531250000003 0.9776664402173912 0.15820312500000003 0.9804970561594203
0 0.05311650815217392 0.0039345561594203325 0.0584239130434783 0.9974807518115942 0.1072520380434783 0.9988960597826088 0.08814538043478262 0.009595788043478303
