0 0.8874405570652173 0.1256510416666667 0.9606827445652173 0.11715919384057975 0.9330842391304348 0.821982563405797 0.8662109375 0.8191519474637681
0 0.8078294836956521 0.1426347373188406 0.8863790760869565 0.1284816576086957 0.8683338994565217 0.8233978713768115 0.7972146739130435 0.821982563405797
0 0.7367102581521738 0.15537250905797104 0.8110139266304348 0.1482959692028986 0.7993376358695652 0.8191519474637681 0.7335258152173912 0.8163213315217391
0 0.59765625 0.18792459239130435 0.7207880434782609 0.17518682065217395 0.7218495244565217 0.824813179347826 0.6103940217391304 0.827643795289855
0 0.47664741847826086 0.04356317934782613 0.6019021739130435 0.029410099637681198 0.6061480978260869 0.8191519474637681 0.5084918478260869 0.8163213315217391
0 0.4320652173913043 0.05771625905797106 0.47983186141304346 0.05063971920289859 0.5084918478260869 0.8092447916666666 0.46709408967391297 0.8120754076086957
0 0.3970363451086957 0.09734488224637684 0.4331266983695652 0.09309895833333337 0.4639096467391304 0.8049988677536232 0.4331266983695652 0.7993376358695653
0 0.3832370923913043 0.26718183876811596 0.4076511548913043 0.26293591485507245 0.4320652173913043 0.7823539402173912 0.40446671195652173 0.7766927083333334
0 0.31211786684782605 0.19500113224637683 0.3832370923913043 0.19358582427536233 0.40446671195652173 0.7865998641304347 0.34926970108695654 0.7865998641304347
0 0.2685971467391305 0.21340013586956522 0.31530230978260865 0.21198482789855075 0.34926970108695654 0.7894304800724637 0.3174252717391304 0.7908457880434782
0 0.2187075407608696 0.15395720108695657 0.26965862771739135 0.15254189311594207 0.3142408288043478 0.7908457880434782 0.2717815896739131 0.7851845561594203
0 0.1698794157608696 0.23179913949275363 0.22401494565217392 0.22613790760869568 0.2739045516304348 0.7795233242753623 0.22826086956521743 0.7823539402173912
0 0.10937500000000003 0.24878283514492758 0.166694972826087 0.2374603713768116 0.2271993885869565 0.7752774003623188 0.17624830163043478 0.7795233242753623
0 0.023395040760869595 0.21623075181159424 0.0966372282608696 0.1992470561594203 0.17412533967391305 0.7851845561594203 0.1072520380434783 0.7809386322463768
0 0.10300611413043478 0.7823539402173912 0.07540760869565219 0.7851845561594203 1.3877787807814457e-17 0.31950949895118225 0.010657269021739163 0.21340013586956522
