0 0.04674762228260873 0.09309895833333337 0.093452785326087 0.09451426630434785 0.06585427989130435 0.9988960597826088 0.01490319293478265 0.9960654438405797
0 0.11255944293478262 0.060546875000000035 0.17094089673913046 0.06479279891304353 0.12742017663043478 0.9960654438405797 0.07508916440217422 0.9996744791666666
0 0.20703125000000003 0.20632359601449277 0.3163637907608695 0.21056951992753625 0.30681046195652173 0.9918195199275361 0.2080927309782609 0.9904042119565216
0 0.3174252717391304 0.2020776721014493 0.4394955842391304 0.2020776721014493 0.42251188858695654 0.9904042119565216 0.30893342391304346 0.9918195199275361
0 0.44055706521739124 0.10300611413043483 0.5053074048913043 0.1058367300724638 0.5021229619565217 0.9960654438405797 0.42888077445652173 0.9974807518115942
0 0.5116762907608695 0.1836786684782609 0.5658118206521738 0.1794327445652174 0.5520470066894129 0.9996744791666666 0.5 0.9988960597826088
0 0.564750339673913 0.11857450181159424 0.6061480978260869 0.11715919384057975 0.5997792119565217 0.9974807518115942 0.5530740489130435 0.9960654438405797
0 0.6103940217391304 0.07328464673913047 0.6432999320652174 0.07045403079710148 0.6422384510869565 0.9988960597826088 0.6029636548913043 0.9988960597826088
0 0.6475458559782609 0.18650928442028988 0.7462635869565217 0.1850939764492754 0.744140625 0.9988960597826088 0.646484375 0.9946501358695653
0 0.7547554347826086 0.06196218297101453 0.8492272418478259 0.06620810688405801 0.854499077534663 0.9996744791666665 0.7473250679347826 0.9974807518115942
0 0.8524116847826086 0.20349298007246377 0.8959324048913042 0.2006623641304348 0.8969938858695652 0.9960654438405797 0.8577190896739131 0.9974807518115942
0 0.9245923913043479 0.20915421195652176 0.9670516304347825 0.21056951992753625 0.9681131114130435 0.9988960597826088 0.9182235054347825 0.9974807518115942
