0 0.0584239130434783 0.10159080615942033 0.1210512907608696 0.9422837409420289 0.2080927309782609 0.9465296648550724 0.17518682065217392 0.11715919384057975
0 0.19535495923913046 0.2204766757246377 0.22613790760869565 0.9210541213768115 0.2802734375 0.939453125 0.26647418478260876 0.22330729166666666
0 0.2887652853260869 0.9564368206521738 0.2887652853260869 0.0 0.3683763586956521 0.0039345561594203325 0.34926970108695654 0.9536062047101449
0 0.3715608016304348 0.13838881340579715 0.35457710597826086 0.9578521286231884 0.38854449728260865 0.9564368206521738 0.4118970788043478 0.14121942934782614
0 0.41932744565217395 0.1482959692028986 0.3959748641304348 0.9125622735507246 0.42463485054347827 0.9111469655797101 0.4607252038043478 0.15254189311594207
0 0.4607252038043478 0.15254189311594207 0.4267578125 0.9210541213768115 0.46815557065217395 0.9182235054347826 0.5 0.16103374094202902
0 0.507430366847826 0.1482959692028986 0.46815557065217395 0.922469429347826 0.5095533288043478 0.925300045289855 0.5551970108695652 0.15678781702898553
0 0.5573199728260869 0.18650928442028988 0.5095533288043478 0.9281306612318841 0.5594429347826086 0.933791893115942 0.6188858695652174 0.19075520833333334
0 0.6199473505434783 0.15112658514492758 0.5605044157608695 0.9267153532608696 0.59765625 0.9309612771739131 0.6666525135869565 0.15112658514492758
0 0.6698369565217391 0.1482959692028986 0.5987177309782609 0.9309612771739131 0.6305621603260869 0.9408684329710145 0.7059273097826086 0.14971127717391308
0 0.7122961956521738 0.15254189311594207 0.6369310461956521 0.933791893115942 0.6719599184782609 0.9352072010869565 0.7579398777173912 0.15537250905797104
0 0.7590013586956521 0.15678781702898553 0.6740828804347826 0.933791893115942 0.7165421195652174 0.9380378170289855 0.8078294836956521 0.15537250905797104
0 0.8492272418478259 0.040732563405797145 0.7344490550052915 0.9996744791666666 0.7621858016304347 0.9996744791666666 0.8885020380434783 0.042147871376811634
0 0.890625 0.036486639492753666 0.7645773245001515 0.9996744791666666 0.7908457880434783 0.9996744791666666 0.9298997961956521 0.03931725543478265
0 0.9298997961956521 0.036486639492753666 0.7953783273848893 0.9996744791666666 0.8226902173913042 0.9996744791666666 0.9691745923913042 0.033656023550724674
0 0.9744819972826086 0.037901947463768154 0.8207387969592986 0.9996744791666666 0.8566576086956521 0.9996744791666666 0.999755859375 0.09087872752862891 0.9988960597826086 0.036486639492753666
0 0.9766049592391304 0.27001245471014496 0.999755859375 0.2677259460547504 0.999755859375 0.5898720561594203 0.9245923913043479 0.9960654438405797 0.8566576086956521 0.9946501358695653
