0 0.12742017663043478 0.036486639492753666 0.20278532608695657 0.04639379528985512 0.19641644021739132 0.9847429800724637 0.12423573369565219 0.9847429800724637
0 0.20172384510869565 0.042147871376811634 0.2717815896739131 0.042147871376811634 0.2675356657608696 0.9819123641304347 0.19853940217391305 0.9833276721014492
0 0.27284307065217395 0.005349864130434823 0.2685971467391305 0.9691745923913043 0.3375934103260869 0.9720052083333334 0.34290081521739124 0.0039345561594203325
0 0.3418393342391304 0.00818048007246381 0.33971637228260865 0.9720052083333334 0.4108355978260869 0.9790817481884058 0.4150815217391304 0.005349864130434823
0 0.42781929347826086 0.05347033514492758 0.48301630434782605 0.05771625905797106 0.4755859375 0.9691745923913043 0.41932744565217395 0.9734205163043478
0 0.4787703804347826 0.07328464673913047 0.5329059103260869 0.07611526268115947 0.5201681385869565 0.9635133605072465 0.47346297554347827 0.9649286684782609
0 0.531844429347826 0.08036118659420294 0.5987177309782609 0.08036118659420294 0.589164402173913 0.9521908967391304 0.5254755434782609 0.9550215126811593
0 0.6019021739130435 0.08319180253623193 0.6687754755434783 0.08460711050724641 0.6592221467391304 0.9536062047101449 0.5881029211956521 0.9507755887681159
0 0.678328804347826 0.08319180253623193 0.6645295516304347 0.9564368206521738 0.7579398777173912 0.9592674365942028 0.7696161684782609 0.08036118659420294
0 0.7728006114130435 0.07894587862318846 0.8736413043478259 0.07469995471014497 0.8566576086956521 0.9635133605072465 0.760062839673913 0.9564368206521738
0 0.8757642663043479 0.07894587862318846 0.9564368206521738 0.07894587862318846 0.938391644021739 0.9677592844202899 0.8587805706521738 0.9606827445652174
0 0.9585597826086956 0.07045403079710148 0.999755859375 0.06908082823822469 0.9988960597826086 0.9804970561594203 0.9436990489130435 0.9790817481884058
