0 0.0011039402173913249 0.03931725543478265 0.06691576086956522 0.042147871376811634 0.0722231657608696 0.9960654438405797 0.0021654211956521896 0.9932348278985508
0 0.06797724184782614 0.0039345561594203325 0.0722231657608696 0.9932348278985508 0.14758831521739132 0.9918195199275361 0.14758831521739132 0.005349864130434823
0 0.1454653532608696 0.002519248188405839 0.15183423913043478 0.9960654438405797 0.22826086956521743 0.9932348278985508 0.2325067934782609 0.0011039402173913457
0 0.2356912364130435 0.06620810688405801 0.2961956521739131 0.0676234148550725 0.28770380434782605 0.9833276721014492 0.23144531250000003 0.9918195199275361
0 0.2930112092391304 0.07894587862318846 0.3503311820652174 0.08319180253623193 0.34608525815217395 0.9748358242753623 0.2898267663043479 0.9776664402173912
0 0.3482082201086957 0.09592957427536236 0.4172044836956521 0.09451426630434785 0.4150815217391304 0.9677592844202899 0.3471467391304348 0.9677592844202899
0 0.41826596467391297 0.09309895833333337 0.4883237092391304 0.09309895833333337 0.48301630434782605 0.9734205163043478 0.4108355978260869 0.9748358242753623
0 0.4904466711956521 0.09026834239130438 0.5923488451086957 0.09592957427536236 0.5827955163043478 0.9705899003623188 0.4851392663043478 0.9705899003623188
0 0.5902258831521738 0.09592957427536236 0.6846976902173912 0.09309895833333337 0.6772673233695652 0.9620980525362319 0.5838569972826086 0.9620980525362319
0 0.6846976902173912 0.09309895833333337 0.7643087635869565 0.09592957427536236 0.7547554347826086 0.9663439764492754 0.6751443614130435 0.9649286684782609
0 0.7653702445652174 0.0874377264492754 0.8396739130434783 0.0874377264492754 0.8322435461956521 0.9663439764492754 0.7536939538043478 0.9635133605072465
0 0.8439198369565217 0.0860224184782609 0.8980553668478259 0.0888530344202899 0.890625 0.9606827445652174 0.8311820652173914 0.9635133605072465
0 0.8991168478260869 0.0860224184782609 0.9659901494565217 0.0888530344202899 0.9585597826086956 0.9564368206521738 0.8874405570652173 0.9606827445652174
