0 0.11488785282258064 0.17605426747311825 0.15426537298387097 0.1855048723118279 0.050308719758064516 0.9457535282258064 0.014868951612903223 0.9468035954301075
0 0.158203125 0.18445480510752685 0.18734248991935484 0.19180527553763435 0.08732358870967741 0.940503192204301 0.055034022177419345 0.9321026545698924
0 0.1936428931451613 0.186554939516129 0.22435735887096775 0.1939054099462365 0.12433845766129033 0.9373529905913979 0.09441154233870967 0.9342027889784945
0 0.2306577620967742 0.18970514112903217 0.2566469254032258 0.19705561155913975 0.158203125 0.939453125 0.12748865927419356 0.9352528561827956
0 0.2566469254032258 0.19075520833333326 0.2826360887096774 0.19915574596774185 0.19128024193548387 0.9352528561827956 0.16135332661290322 0.9321026545698924
0 0.29208669354838707 0.1886550739247311 0.32122605846774194 0.19915574596774185 0.22593245967741937 0.940503192204301 0.1920677923387097 0.9342027889784945
0 0.32122605846774194 0.186554939516129 0.35036542338709675 0.19810567876344085 0.2613722278225806 0.9352528561827956 0.22672001008064516 0.9342027889784945
0 0.3558782762096774 0.19600554435483866 0.3865927419354839 0.2086063508064516 0.29208669354838707 0.9247521841397849 0.2613722278225806 0.925802251344086
0 0.41336945564516125 0.18235467069892466 0.3228011592741935 0.9384030577956989 0.3566658266129032 0.9478536626344085 0.44329637096774194 0.1855048723118279
0 0.44329637096774194 0.16870379704301067 0.4763734879032258 0.1802545362903225 0.3873802923387097 0.9625546034946236 0.35036542338709675 0.9499537970430106
0 0.4810987903225806 0.16555359543010748 0.5141759072580645 0.1739541330645161 0.42203251008064513 0.9699050739247311 0.3873802923387097 0.9636046706989246
0 0.5126008064516129 0.16870379704301067 0.5433152721774194 0.1739541330645161 0.4566847278225806 0.9783056115591396 0.42203251008064513 0.9709551411290321
0 0.5472530241935484 0.16240339381720428 0.5787550403225806 0.16870379704301067 0.5275642641129032 0.96885500672043 0.49291204637096775 0.9657048051075269
0 0.5756048387096774 0.17080393145161285 0.6110446068548387 0.17185399865591391 0.5724546370967741 0.9520539314516129 0.532289566532258 0.953103998655914
0 0.6118321572580645 0.16765372983870966 0.6401839717741935 0.17710433467741934 0.6078944052419355 0.9468035954301075 0.5748172883064516 0.9457535282258064
0 0.6417590725806451 0.18445480510752685 0.6716859879032258 0.186554939516129 0.6409715221774194 0.9457535282258064 0.6110446068548387 0.939453125
0 0.6732610887096774 0.1802545362903225 0.703188004032258 0.18445480510752685 0.674836189516129 0.9436533938172041 0.6417590725806451 0.9363029233870966
0 0.7039755544354839 0.18970514112903217 0.7339024697580645 0.1939054099462365 0.7047631048387096 0.9415532594086021 0.6764112903225806 0.940503192204301
0 0.7370526713709677 0.18760500672043 0.7677671370967741 0.18970514112903217 0.7394153225806451 0.9426033266129031 0.7039755544354839 0.939453125
0 0.7685546875 0.18970514112903217 0.800844254032258 0.19285534274193541 0.7709173387096774 0.939453125 0.7409904233870968 0.939453125
0 0.8055695564516129 0.18445480510752685 0.8331338205645161 0.186554939516129 0.8087197580645161 0.9415532594086021 0.772492439516129 0.9436533938172041
0 0.8354964717741935 0.18760500672043 0.8638482862903226 0.19285534274193541 0.8347089213709677 0.9436533938172041 0.8055695564516129 0.9447034610215054
0 0.870148689516129 0.18760500672043 0.898500504032258 0.18970514112903217 0.8725113407258064 0.9363029233870966 0.8402217741935484 0.940503192204301
