0 0.09519909274193547 0.28106098790322576 0.07395540924108193 0.9996744791666666 0.1330015120967742 0.9982568884408601 0.1440272177419355 0.28316112231182794
0 0.1463898689516129 0.28316112231182794 0.18655493951612903 0.2863113239247311 0.1710245370072335 0.9996744791666666 0.1330015120967742 0.9996744791666666
0 0.18576738911290325 0.28106098790322576 0.22829511088709678 0.2863113239247311 0.21587078887998035 0.9996744791666666 0.17316658266129034 0.9996744791666666
0 0.2322328629032258 0.19075520833333326 0.2849987399193548 0.1949554771505376 0.2717938914306732 0.9996744791666664 0.21569430443548387 0.9993069556451611
0 0.2944493447580645 0.18970514112903217 0.3346144153225806 0.18970514112903217 0.3190779190686618 0.9996744791666665 0.2747605846774193 0.995106686827957
0 0.33855216733870963 0.19180527553763435 0.37950478830645157 0.1886550739247311 0.365377353505463 0.9996744791666666 0.3188634072580645 0.9996744791666666
0 0.38580519153225806 0.18340473790322576 0.4322706653225806 0.186554939516129 0.41574597790387613 0.9996744791666666 0.36454133064516125 0.9996744791666666
0 0.43778351814516125 0.18445480510752685 0.4897618447580645 0.1886550739247311 0.4679825512669128 0.9996744791666666 0.4173072076612903 0.9996744791666666
0 0.48188634072580644 0.30416246639784944 0.503937752016129 0.3031123991935483 0.49054939516129026 0.9993069556451611 0.46771043346774194 0.9993069556451611
0 0.4984248991935484 0.2159568212365591 0.4913369455645161 0.9993069556451611 0.5362273185483871 0.997206821236559 0.5409526209677419 0.21700688844086016
0 0.5401650705645161 0.22015709005376335 0.601594002016129 0.22645749327956985 0.5876575142865218 0.9996744791666666 0.5338646673387096 0.9996744791666666
0 0.6023815524193549 0.15085265456989244 0.6685357862903225 0.15085265456989244 0.6654074503274352 0.9996744791666666 0.5921433971774194 0.9996744791666666
0 0.6693233366935484 0.2579595094086021 0.7165763608870968 0.2632098454301075 0.70637674415566 0.9996744791666665 0.6653855846774194 0.9982568884408601
0 0.7134261592741935 0.2653099798387096 0.7394153225806451 0.2684601814516128 0.7378402217741935 0.995106686827957 0.7047631048387096 0.9993069556451611
0 0.7472908266129032 0.23170782930107517 0.79296875 0.23380796370967735 0.7843488335572713 0.9996744791666666 0.7370526713709677 0.9996744791666666
0 0.8323462701612903 0.05319640456989244 0.8646358366935484 0.05529653897849457 0.8584228239291525 0.9996744791666666 0.825258316532258 0.9996744791666666
0 0.8851121471774194 0.3178133400537633 0.935515372983871 0.3220136088709677 0.9433829527473659 0.9996744791666666 0.8827494959677419 0.9996744791666666
0 0.9552041330645161 0.2663600470430107 0.9985194052419355 0.2726604502688172 0.9834569598918419 0.9996744791666666 0.9449659778225806 0.9996744791666666
