0 0.052055027173913054 0.1086673460144928 0.13591202445652176 0.1086673460144928 0.215523097826087 0.9012398097826088 0.14971127717391305 0.9097316576086957
0 0.13591202445652176 0.10442142210144932 0.1730638586956522 0.10300611413043483 0.24736752717391305 0.8984091938405797 0.21764605978260873 0.8998245018115942
0 0.1730638586956522 0.10442142210144932 0.24736752717391305 0.10017549818840583 0.30362601902173914 0.8984091938405797 0.24842900815217392 0.9054857336956522
0 0.239937160326087 0.029410099637681198 0.2802734375 0.027994791666666703 0.33971637228260865 0.8870867300724637 0.3046875 0.8955785778985508
0 0.28451936141304346 0.10725203804347831 0.3344089673913043 0.11149796195652178 0.3779296875 0.8856714221014492 0.33971637228260865 0.8885020380434782
0 0.33334748641304346 0.025164175724637722 0.3630689538043478 0.025164175724637722 0.40340523097826086 0.8828408061594203 0.3779296875 0.8842561141304347
0 0.36731487771739124 0.10442142210144932 0.42569633152173914 0.10017549818840583 0.45329483695652173 0.8814254981884058 0.4076511548913043 0.8842561141304347
0 0.4267578125 0.023748867753623226 0.4543563179347826 0.8842561141304347 0.4904466711956521 0.8828408061594203 0.4787703804347826 0.02233355978260874
0 0.47983186141304346 0.11432857789855076 0.5350288722826086 0.11574388586956526 0.5371518342391304 0.8587805706521738 0.49575407608695654 0.8587805706521738
0 0.5371518342391304 0.11291326992753627 0.5923488451086957 0.1086673460144928 0.5827955163043478 0.8715183423913043 0.5435207201086957 0.8729336503623188
0 0.5923488451086957 0.11857450181159424 0.6305621603260869 0.11715919384057975 0.6188858695652174 0.8573652626811593 0.5838569972826086 0.861611186594203
0 0.6422384510869565 0.10017549818840583 0.6263162364130435 0.8757642663043478 0.662406589673913 0.8658571105072465 0.6846976902173912 0.09876019021739135
0 0.6825747282608695 0.15112658514492758 0.7218495244565217 0.1468806612318841 0.6931895380434783 0.8814254981884058 0.6613451086956521 0.8757642663043478
0 0.7303413722826086 0.09876019021739135 0.7717391304347826 0.10300611413043483 0.7282184103260869 0.8842561141304347 0.6931895380434783 0.8814254981884058
0 0.7717391304347826 0.10159080615942033 0.816321331521739 0.10159080615942033 0.7685546875 0.8743489583333334 0.7282184103260869 0.8771795742753623
0 0.816321331521739 0.09026834239130438 0.8555961277173914 0.10017549818840583 0.7993376358695652 0.8686877264492754 0.7664317255434783 0.8715183423913043
0 0.8545346467391304 0.09876019021739135 0.8885020380434783 0.10159080615942033 0.8248131793478259 0.8559499547101449 0.7982761548913042 0.861611186594203
0 0.8948709239130435 0.09592957427536236 0.9543138586956521 0.09734488224637684 0.8778872282608696 0.8658571105072465 0.8279976222826086 0.8573652626811593
0 0.9490064538043479 0.12706634963768118 0.98828125 0.12989696557971017 0.9118546195652173 0.8644418025362319 0.8747027853260869 0.8644418025362319
