0 0.04674762228260873 0.22330729166666666 4.2459239130460125e-05 0.2218919836956522 0.05630095108695657 0.9564368206521738 0.0966372282608696 0.9493602807971014
0 0.043563179347826136 0.22613790760869568 0.11043648097826089 0.22472259963768118 0.15714164402173916 0.9918195199275361 0.10608440896739138 0.9996744791666666
0 0.11043648097826089 0.2218919836956522 0.1592646059782609 0.9974807518115942 0.20172384510869565 0.9974807518115942 0.16138756793478262 0.2218919836956522
0 0.1624490489130435 0.22330729166666666 0.19217051630434787 0.2218919836956522 0.2356912364130435 0.9932348278985508 0.19801927649456538 0.9996744791666666
0 0.19004755434782608 0.22613790760869568 0.24949048913043478 0.22472259963768118 0.28133491847826086 0.9960654438405797 0.2356912364130435 0.9974807518115942
0 0.24949048913043478 0.25161345108695654 0.29407269021739124 0.258689990942029 0.31520342657360717 0.9996744791666666 0.28239639945652173 0.9974807518115942
0 0.28770380434782605 0.24736752717391305 0.3418393342391304 0.2501981431159421 0.36094599184782605 0.9960654438405797 0.3142408288043478 0.9974807518115942
0 0.3418393342391304 0.21340013586956522 0.3842985733695652 0.21198482789855075 0.3959748641304348 0.9946501358695653 0.3588230298913043 0.9988960597826088
0 0.37899116847826086 0.13272758152173916 0.42251188858695654 0.13555819746376815 0.4267578125 0.9875735960144927 0.3927904211956521 0.9974807518115942
0 0.41614300271739124 0.1850939764492754 0.5212296195652174 0.19075520833333334 0.5127377717391304 0.9578521286231884 0.42781929347826086 0.9691745923913043
0 0.5212296195652174 0.23887567934782608 0.5615658967391304 0.23887567934782608 0.5435207201086957 0.9720052083333334 0.5116762907608695 0.9748358242753623
0 0.5615658967391304 0.24736752717391305 0.59765625 0.24736752717391305 0.5796110733695652 0.9720052083333334 0.5456436820652174 0.9776664402173912
0 0.5997792119565217 0.19500113224637683 0.6369310461956521 0.19641644021739132 0.613578464673913 0.9677592844202899 0.5796110733695652 0.9748358242753623
0 0.6369310461956521 0.10725203804347831 0.6974354619565217 0.1086673460144928 0.6677139945652174 0.9705899003623188 0.6157014266304348 0.9790817481884058
0 0.6889436141304347 0.2827502264492754 0.7260954483695652 0.28416553442028986 0.7016813858695652 0.9465296648550724 0.6687754755434783 0.9507755887681159
0 0.7250339673913043 0.19500113224637683 0.7621858016304347 0.19500113224637683 0.7324643342391304 0.9309612771739131 0.6984969429347826 0.9408684329710145
0 0.7643087635869565 0.1992470561594203 0.8025220788043479 0.19641644021739132 0.7674932065217391 0.9436990489130435 0.7282184103260869 0.9436990489130435
0 0.8035835597826086 0.19500113224637683 0.8343665081521738 0.1978317481884058 0.7972146739130435 0.9323765851449276 0.7685546875 0.9352072010869565
0 0.8322435461956521 0.1978317481884058 0.8736413043478259 0.19641644021739132 0.8343665081521738 0.9210541213768115 0.7982761548913042 0.925300045289855
0 0.8725798233695652 0.2020776721014493 0.9224694293478259 0.20632359601449277 0.8789487092391304 0.9125622735507246 0.8354279891304348 0.9153928894927535
