0 0.001480594758064514 0.2411584341397849 0.049521169354838704 0.24010836693548385 0.15032762096774194 0.9867061491935484 0.1085874495967742 0.9930065524193549 0.0 0.23971390690743336
0 0.03928301411290322 0.1571530577956989 0.15032762096774194 0.9877562163978494 0.17631678427419353 0.9898563508064515 0.06842237903225806 0.1571530577956989
0 0.08259828629032258 0.2338079637096774 0.14481476814516128 0.23065776209677416 0.22435735887096772 0.983555947580645 0.17789188508064516 0.9940566196236559
0 0.1353641633064516 0.1529527889784946 0.1841922883064516 0.14980258736559135 0.2676726310483871 0.9730552755376344 0.22435735887096772 0.9856560819892471
0 0.20545614919354838 0.23800823252688175 0.2566469254032258 0.23170782930107525 0.3157132056451613 0.9436533938172041 0.2771232358870968 0.941553259408602
0 0.2511340725806452 0.228557627688172 0.300749747983871 0.2275075604838709 0.35666582661290325 0.9573042674731181 0.3165007560483871 0.9625546034946235
0 0.3102003528225807 0.23170782930107525 0.34721522177419356 0.228557627688172 0.39525579637096775 0.940503192204301 0.36060357862903225 0.9478536626344085
0 0.35745337701612906 0.2149067540322581 0.39525579637096775 0.21595682123655915 0.43148311491935487 0.9436533938172041 0.398405997983871 0.9510038642473116
0 0.3976184475806452 0.2579595094086022 0.42990801411290325 0.2516591061827957 0.4629851310483871 0.9604544690860215 0.4385710685483871 0.9583543346774194
0 0.4275453629032258 0.2149067540322581 0.4708606350806452 0.21070648521505375 0.4929120463709678 0.9573042674731181 0.46377268145161293 0.9604544690860215
0 0.47401083669354843 0.2128066196236559 0.5149634576612903 0.2065062163978494 0.5354397681451613 0.9436533938172041 0.49842489919354843 0.9510038642473116
0 0.5228389616935484 0.20440608198924734 0.5614289314516129 0.20335601478494625 0.5700919858870968 0.9342027889784945 0.5370148689516129 0.940503192204301
0 0.5614289314516129 0.20440608198924734 0.5929309475806451 0.20230594758064516 0.5952935987903225 0.9205519153225805 0.5685168850806451 0.9195018481182795
0 0.5882056451612903 0.1991557459677419 0.6480594758064516 0.2012558803763441 0.6449092741935484 0.9205519153225805 0.6023815524193548 0.9237021169354839
0 0.650422127016129 0.2338079637096774 0.6842867943548386 0.23170782930107525 0.6771988407258064 0.9205519153225805 0.6472719254032258 0.9279023857526881
0 0.6874369959677419 0.2264574932795699 0.7283896169354839 0.21910702284946235 0.7189390120967741 0.9289524529569891 0.6834992439516129 0.9373529905913979
0 0.7488659274193548 0.18865507392473116 0.7780052923387096 0.19075520833333334 0.7535912298387096 0.9342027889784945 0.7268145161290323 0.9352528561827956
0 0.780367943548387 0.10779989919354836 0.8087197580645161 0.10779989919354836 0.7780052923387096 0.9237021169354839 0.7543787802419355 0.9289524529569891
0 0.8063571068548386 0.15925319220430106 0.890625 0.14980258736559135 0.845734627016129 0.8922001008064515 0.780367943548387 0.9006006384408601
0 0.9040133568548386 0.2075562836021505 0.943390877016129 0.2075562836021505 0.894562752016129 0.9079511088709676 0.8614856350806451 0.9090011760752686
0 0.9457535282258064 0.2075562836021505 0.9851310483870968 0.20335601478494625 0.9284274193548386 0.9111013104838709 0.8953503024193548 0.9142515120967741
