0 0.0369203629032258 0.17605426747311825 0.0849609375 0.1802545362903225 0.06847835244214251 0.9996744791666666 0.010931199596774188 0.9996744791666666
0 0.09204889112903225 0.2936617943548387 0.1125252016129032 0.2957619287634408 0.09836302660479063 0.9996744791666665 0.07157258064516128 0.9982568884408601
0 0.11410030241935483 0.21070648521505367 0.1566280241935484 0.21280661962365585 0.14493414913428965 0.9996744791666666 0.09598664314516128 0.9996744791666666
0 0.1574155745967742 0.22015709005376335 0.22278225806451613 0.22435735887096767 0.2046685987903226 0.996156754032258 0.15032762096774194 0.9982568884408601
0 0.22829511088709678 0.14980258736559135 0.2991746471774193 0.15505292338709672 0.28972404233870963 0.996156754032258 0.2180569556451613 0.9982568884408601
0 0.29681199596774194 0.2548093077956988 0.33933971774193544 0.2590095766129032 0.3338319404920668 0.9996744791666666 0.2936617943548387 0.9996744791666666
0 0.33855216733870963 0.2611097110215053 0.3724168346774193 0.2653099798387096 0.3677093699381376 0.9996744791666666 0.3338268649193548 0.9982568884408601
0 0.37556703629032256 0.228557627688172 0.41888230846774194 0.23170782930107517 0.4110459140813584 0.9996744791666666 0.36532888104838707 0.9996744791666666
0 0.4393586189516129 0.06369707661290319 0.47243573588709675 0.0710475470430107 0.4598725755877914 0.9996744791666666 0.4259702620967742 0.9982568884408601
0 0.4976373487903225 0.3178133400537633 0.5504032258064516 0.3199134744623655 0.5480405745967741 0.995106686827957 0.4936995967741935 0.996156754032258
0 0.5606413810483871 0.2642599126344085 0.5968686995967741 0.270560315860215 0.5874675141100147 0.9996744791666669 0.552765877016129 0.9996744791666666
0 0.6039566532258064 0.256909442204301 0.6480594758064516 0.2642599126344085 0.6449092741935484 0.997206821236559 0.5960811491935484 0.9982568884408601
0 0.6449092741935484 0.3220136088709677 0.6764112903225806 0.3283140120967742 0.6708984375 0.9856560819892474 0.6433341733870968 0.9898563508064515
0 0.6795614919354839 0.26005964381720426 0.7063382056451613 0.2642599126344085 0.7016129032258064 0.9783056115591396 0.6716859879032258 0.9856560819892474
0 0.7055506552419355 0.26005964381720426 0.7354775705645161 0.2590095766129032 0.7323273689516129 0.9804057459677419 0.7039755544354839 0.9804057459677419
0 0.7323273689516129 0.27371051747311825 0.7622542842741935 0.27686071908602145 0.7598916330645161 0.9583543346774194 0.7323273689516129 0.9615045362903225
0 0.7772177419354839 0.270560315860215 0.8110824092741935 0.270560315860215 0.813445060483871 0.9657048051075269 0.776430191532258 0.9709551411290321
0 0.8032069052419355 0.25585937499999994 0.8441595262096774 0.26005964381720426 0.849672379032258 0.954154065860215 0.8110824092741935 0.9594044018817204
0 0.8591229838709677 0.27476058467741926 0.9118888608870968 0.28106098790322576 0.9166141633064516 0.9562542002688171 0.8662109375 0.9594044018817204
0 0.9118888608870968 0.2915616599462365 0.9300025201612903 0.2915616599462365 0.943390877016129 0.9342027889784945 0.9158266129032258 0.940503192204301
