0 0.01914911684782611 0.2431216032608696 0.07010020380434787 0.24029098731884058 0.12529721467391305 0.9804970561594203 0.08602241847826089 0.9861582880434782
0 0.06797724184782614 0.23179913949275363 0.12211277173913046 0.23321444746376815 0.1698794157608696 0.9875735960144927 0.12349269701086965 0.9996744791666666
0 0.12529721467391305 0.23604506340579712 0.17094089673913046 0.23604506340579712 0.21233865489130435 0.9833276721014492 0.17412533967391305 0.9889889039855072
0 0.1698794157608696 0.22896852355072464 0.21764605978260873 0.22613790760869568 0.2505519701086957 0.9861582880434782 0.21446161684782608 0.9988960597826088
0 0.21340013586956522 0.27001245471014496 0.24842900815217392 0.27001245471014496 0.27284307065217395 0.9960654438405797 0.24949048913043478 0.9932348278985508
0 0.25161345108695654 0.23179913949275363 0.29088824728260865 0.22896852355072464 0.3131793478260869 0.9918195199275361 0.2739045516304348 0.9988960597826088
0 0.2898267663043479 0.23321444746376815 0.3407778532608695 0.22896852355072464 0.35776154891304346 0.9875735960144927 0.31211786684782605 0.9904042119565216
0 0.3386548913043478 0.2218919836956522 0.3864215353260869 0.22472259963768118 0.39809782608695654 0.9776664402173912 0.36094599184782605 0.9790817481884058
0 0.38854449728260865 0.23038383152173914 0.4203889266304348 0.22613790760869568 0.42463485054347827 0.9592674365942028 0.3991593070652174 0.9677592844202899
0 0.4203889266304348 0.22755321557971017 0.47346297554347827 0.22330729166666666 0.47134001358695654 0.9663439764492754 0.4267578125 0.9720052083333334
0 0.4702785326086957 0.2601052989130435 0.507430366847826 0.2601052989130435 0.507430366847826 0.9705899003623188 0.4724014945652174 0.9705899003623188
0 0.507430366847826 0.253028759057971 0.556258491847826 0.255859375 0.548828125 0.9748358242753623 0.5084918478260869 0.9734205163043478
0 0.5615658967391304 0.2190613677536232 0.6029636548913043 0.2204766757246377 0.5838569972826086 0.9776664402173912 0.5498896059782609 0.9804970561594203
0 0.6029636548913043 0.13980412137681164 0.5849184782608695 0.9734205163043478 0.6093325407608695 0.9677592844202899 0.6316236413043478 0.1426347373188406
0 0.6305621603260869 0.18933990036231885 0.7282184103260869 0.19217051630434787 0.6846976902173912 0.9408684329710145 0.6061480978260869 0.9493602807971014
0 0.727156929347826 0.24736752717391305 0.7685546875 0.2501981431159421 0.7239724864130435 0.9550215126811593 0.6889436141304347 0.9550215126811593
0 0.7674932065217391 0.2501981431159421 0.8035835597826086 0.2501981431159421 0.7568783967391304 0.9564368206521738 0.7239724864130435 0.9564368206521738
0 0.8088909646739131 0.2077389039855073 0.8439198369565217 0.21198482789855075 0.7940302309782608 0.9635133605072465 0.7590013586956521 0.9635133605072465
0 0.8460427989130435 0.11432857789855076 0.7950917119565217 0.9705899003623188 0.8460427989130435 0.9620980525362319 0.9107931385869565 0.11998980978260874
0 0.8927479619565217 0.2855808423913044 0.9330842391304348 0.2940726902173913 0.8747027853260869 0.9422837409420289 0.8481657608695652 0.9436990489130435
0 0.9277768342391304 0.20349298007246377 0.9659901494565217 0.20490828804347827 0.9065472146739131 0.9366225090579711 0.8747027853260869 0.9366225090579711
0 0.9681131114130435 0.2020776721014493 0.9076086956521738 0.9436990489130435 0.9426375679347825 0.9380378170289855 0.9978345788043479 0.20349298007246377
