0 0.11961315524193548 0.2642599126344085 0.1708039314516129 0.2632098454301075 0.2180132028449821 0.9996744791666665 0.17789188508064516 0.997206821236559
0 0.17395413306451613 0.2516591061827957 0.2590095766129032 0.2548093077956988 0.28853483027642557 0.9996744791666666 0.2188445060483871 0.9996744791666666
0 0.25743447580645157 0.2548093077956988 0.3661164314516129 0.2579595094086021 0.3779296875 0.9940566196236559 0.2915550970262092 0.9996744791666666
0 0.3669039818548387 0.3629662298387096 0.4173072076612903 0.3587659610215053 0.41966985887096775 0.9730552755376344 0.3826549899193548 0.9741053427419355
0 0.4180947580645161 0.35981602822580644 0.4535345262096774 0.3587659610215053 0.4558971774193548 0.9667548723118279 0.4204574092741935 0.9709551411290321
0 0.4535345262096774 0.35981602822580644 0.4913369455645161 0.35771589381720426 0.4881867439516129 0.9709551411290321 0.4566847278225806 0.9741053427419355
0 0.49291204637096775 0.27686071908602145 0.5385899697580645 0.27371051747311825 0.5307144657258064 0.955204133064516 0.49054939516129026 0.9615045362903225
0 0.5401650705645161 0.2663600470430107 0.5779674899193549 0.2684601814516128 0.5637915826612903 0.9562542002688171 0.528351814516129 0.9583543346774194
0 0.5850554435483871 0.2653099798387096 0.6220703125 0.2642599126344085 0.5929309475806451 0.955204133064516 0.5598538306451613 0.9573042674731181
0 0.6189201108870968 0.2632098454301075 0.6622353830645161 0.26005964381720426 0.6267956149193549 0.9436533938172041 0.5929309475806451 0.9489037298387096
0 0.6724735383064516 0.2632098454301075 0.7102759576612903 0.26215977822580644 0.6645980342741935 0.9468035954301075 0.6315209173387096 0.9489037298387096
0 0.7039755544354839 0.3566658266129032 0.7126386088709677 0.3587659610215053 0.6803490423387096 0.926852318548387 0.6653855846774194 0.9300025201612904
0 0.7197265625 0.284211189516129 0.748078377016129 0.284211189516129 0.7102759576612903 0.925802251344086 0.6803490423387096 0.925802251344086
0 0.7488659274193549 0.2789608534946236 0.7921811995967741 0.2821110551075268 0.7433530745967741 0.9195018481182795 0.7110635080645161 0.9216019825268816
0 0.7961189516129032 0.20335601478494617 0.8465221774193549 0.20335601478494617 0.79296875 0.8879998319892474 0.7433530745967741 0.897450436827957
0 0.8386466733870968 0.29786206317204295 0.8693611391129032 0.3031123991935483 0.8165952620967741 0.8911500336021505 0.7913936491935484 0.8890498991935484
0 0.870148689516129 0.2999621975806451 0.8890498991935484 0.298912130376344 0.8362840221774194 0.8774991599462365 0.8165952620967741 0.8795992943548386
0 0.9000756048387096 0.26741011424731176 0.9386655745967741 0.27161038306451607 0.8693611391129032 0.8827494959677419 0.8362840221774194 0.883799563172043
