0 0.04164566532258064 0.2086063508064516 0.03770791330645161 0.996156754032258 0.08338583669354838 0.9982568884408601 0.0849609375 0.20545614919354835
0 0.08889868951612903 0.20440608198924726 0.12985131048387097 0.2065062163978494 0.12985131048387097 0.9982568884408601 0.08181073588709677 0.995106686827957
0 0.1330015120967742 0.20440608198924726 0.17710433467741937 0.2065062163978494 0.17474683323590043 0.9996744791666666 0.12985131048387097 0.9996744791666666
0 0.18576738911290325 0.19810567876344085 0.2290826612903226 0.20020581317204292 0.22751916324730834 0.9996744791666666 0.1810420866935484 0.9996744791666666
0 0.23538306451612903 0.31151293682795694 0.25349672379032256 0.3146631384408602 0.255859375 0.997206821236559 0.23380796370967744 0.9993069556451611
0 0.25349672379032256 0.23275789650537626 0.2928742439516129 0.23380796370967735 0.2928742439516129 0.9996744791666666 0.25349672379032256 0.9982568884408601
0 0.2936617943548387 0.23170782930107517 0.3519405241935484 0.2359080981182795 0.35036542338709675 0.996156754032258 0.2983870967741935 0.997206821236559
0 0.3527280745967742 0.16555359543010748 0.4212449596774193 0.16975386424731176 0.4291204637096774 0.9982568884408601 0.36060357862903225 0.996156754032258
0 0.42360761088709675 0.2632098454301075 0.45825982862903225 0.2653099798387096 0.4653477822580645 0.9982568884408601 0.42833291330645157 0.9993069556451611
0 0.4606224798387097 0.2726604502688172 0.48897429435483875 0.27476058467741926 0.496062247983871 0.9877562163978494 0.46849798387096775 0.996156754032258
0 0.4921244959677419 0.24010836693548385 0.5370148689516129 0.2411584341397849 0.5393775201612903 0.9888062836021505 0.4976373487903225 0.9993069556451611
0 0.556703629032258 0.07524781586021502 0.5842678931451613 0.07734795026881715 0.5897807459677419 0.9993069556451611 0.556703629032258 0.9982568884408601
0 0.6134072580645161 0.3199134744623655 0.6638104838709677 0.32516381048387094 0.666960685483871 0.9919564852150536 0.6189201108870968 0.996156754032258
0 0.674836189516129 0.2684601814516128 0.7102759576612903 0.2726604502688172 0.7118473136315305 0.9996744791666666 0.674836189516129 0.9996744791666666
0 0.7110635080645161 0.2527091733870967 0.7583165322580645 0.2590095766129032 0.7614667338709677 0.9867061491935484 0.7142137096774194 0.996156754032258
0 0.7575289818548387 0.3209635416666666 0.7850932459677419 0.3220136088709677 0.7882434475806451 0.9709551411290321 0.7638293850806451 0.9730552755376344
0 0.7906060987903226 0.25585937499999994 0.8165952620967741 0.2548093077956988 0.8228956653225806 0.9646547379032256 0.789030997983871 0.9709551411290321
0 0.8181703629032258 0.25375924059139776 0.8449470766129032 0.2516591061827957 0.8504599294354839 0.9625546034946236 0.8236832157258064 0.9657048051075269
0 0.8441595262096774 0.26741011424731176 0.8662109375 0.26741011424731176 0.8748739919354839 0.939453125 0.849672379032258 0.9426033266129031
0 0.8882623487903226 0.2579595094086021 0.9276398689516129 0.2611097110215053 0.9284274193548387 0.954154065860215 0.894562752016129 0.9583543346774194
0 0.9205519153225806 0.24535870295698917 0.9559916834677419 0.2495589717741935 0.9638671875 0.9415532594086021 0.9292149697580645 0.9457535282258064
