0 0.03219506048387097 0.11620043682795694 0.06290952620967741 0.11515036962365587 0.07944808467741934 0.9237021169354839 0.04715851814516128 0.9310525873655914
0 0.06290952620967741 0.12460097446236557 0.08811113911290322 0.1256510416666666 0.10937499999999999 0.925802251344086 0.08102318548387095 0.9300025201612904
0 0.08889868951612903 0.12145077284946232 0.1204007056451613 0.12460097446236557 0.13772681451612903 0.925802251344086 0.10779989919354838 0.9289524529569891
0 0.12433845766129033 0.12145077284946232 0.14954007056451613 0.1225008400537634 0.16529107862903228 0.9226520497311826 0.13772681451612903 0.9237021169354839
0 0.14954007056451613 0.12460097446236557 0.17631678427419356 0.12145077284946232 0.19679309475806453 0.9216019825268816 0.16686617943548387 0.926852318548387
0 0.1826171875 0.11830057123655911 0.20703125 0.1256510416666666 0.22435735887096775 0.9142515120967741 0.19758064516129034 0.9237021169354839
0 0.21490675403225806 0.12985131048387094 0.23853326612903228 0.12775117607526879 0.25113407258064513 0.9142515120967741 0.22514490927419356 0.9174017137096774
0 0.23538306451612903 0.12775117607526879 0.2684601814516129 0.1267011088709677 0.2802734375 0.9079511088709676 0.24955897177419353 0.9174017137096774
0 0.26767263104838707 0.12775117607526879 0.28814894153225806 0.12985131048387094 0.308625252016129 0.912151377688172 0.2794858870967742 0.913201444892473
0 0.2928742439516129 0.12985131048387094 0.3204385080645161 0.13405157930107522 0.3346144153225806 0.9079511088709676 0.3054750504032258 0.9153015793010751
0 0.3204385080645161 0.13405157930107522 0.3440650201612903 0.13825184811827954 0.3621786794354839 0.9037508400537634 0.33618951612903225 0.9100512432795699
0 0.34879032258064513 0.13615171370967735 0.3763545866935484 0.13510164650537632 0.38895539314516125 0.9027007728494624 0.3621786794354839 0.9037508400537634
0 0.3787172379032258 0.13720178091397844 0.39840599798387094 0.13720178091397844 0.41336945564516125 0.9016507056451611 0.3905304939516129 0.9079511088709676
0 0.4007686491935484 0.13615171370967735 0.4259702620967742 0.1393019153225806 0.4417212701612903 0.8964003696236559 0.4157321068548387 0.9006006384408601
0 0.4299080141129032 0.13825184811827954 0.4535345262096774 0.14245211693548382 0.4653477822580645 0.8932501680107526 0.44408392137096775 0.899550571236559
0 0.46141003024193544 0.11935063844086019 0.4873991935483871 0.11515036962365587 0.5015751008064516 0.9163516465053764 0.4740108366935484 0.9142515120967741
0 0.5133883568548387 0.0006930443548386714 0.5236265120967741 0.9520539314516129 0.5543409778225806 0.954154065860215 0.5472789822693389 1.4802973661668753e-16
0 0.5685168850806451 0.0038432459677419004 0.5700919858870968 0.9573042674731181 0.6638104838709677 0.9426033266129031 0.6638104838709677 0.0
0 0.6866494455645161 0.002793178763440818 0.6795614919354839 0.9499537970430106 0.7213016633064516 0.9468035954301075 0.7228403473726978 0.0
0 0.7614667338709677 0.0017431115591397355 0.7244518649193549 0.9468035954301075 0.7591040826612903 0.9447034610215054 0.80211624355217 0.0
0 0.8173828125 0.0017431115591397355 0.7772177419354839 0.9447034610215054 0.8291960685483871 0.9426033266129031 0.8691236180976047 1.4802973661668753e-16
0 0.886687247983871 0.0038432459677419004 0.8362840221774194 0.9289524529569891 0.8819619455645161 0.9352528561827956 0.939366759326857 0.0
