0 0.07314768145161289 0.18340473790322576 0.09283644153225806 0.19075520833333326 0.05975932459677419 0.8312962029569891 0.04400831653225806 0.8270959341397849
0 0.10464969758064516 0.186554939516129 0.12670110887096775 0.1886550739247311 0.08732358870967741 0.8218455981182795 0.06684727822580644 0.8176453293010751
0 0.12906376008064516 0.18760500672043 0.1589906754032258 0.19705561155913975 0.11882560483870967 0.8186953965053764 0.09126134072580644 0.8134450604838709
0 0.16686617943548387 0.19075520833333326 0.1952179939516129 0.201255880376344 0.14796496975806453 0.8102948588709676 0.11961315524193548 0.8102948588709676
0 0.19758064516129034 0.186554939516129 0.22435735887096775 0.19705561155913975 0.17710433467741937 0.8165952620967741 0.14954007056451613 0.8113449260752689
0 0.2306577620967742 0.1939054099462365 0.2566469254032258 0.20545614919354835 0.19915574596774194 0.8102948588709676 0.17789188508064516 0.8102948588709676
0 0.259797127016129 0.1886550739247311 0.2857862903225806 0.20020581317204292 0.2290826612903226 0.8092447916666666 0.20073084677419356 0.814495127688172
0 0.28814894153225806 0.18760500672043 0.3180758568548387 0.1949554771505376 0.255859375 0.8113449260752689 0.2298702116935484 0.8081947244623655
0 0.32122605846774194 0.1886550739247311 0.3448525705645161 0.1949554771505376 0.2802734375 0.8165952620967741 0.255859375 0.8123949932795699
0 0.3448525705645161 0.19180527553763435 0.3724168346774193 0.19600554435483866 0.3102003528225806 0.8134450604838709 0.284211189516129 0.8123949932795699
0 0.37556703629032256 0.19075520833333326 0.4031313004032258 0.19705561155913975 0.33697706653225806 0.8134450604838709 0.31256300403225806 0.8113449260752689
0 0.4054939516129032 0.1855048723118279 0.4299080141129032 0.19600554435483866 0.36375378024193544 0.8165952620967741 0.33618951612903225 0.814495127688172
0 0.4354208669354839 0.18760500672043 0.4637726814516129 0.1939054099462365 0.38974294354838707 0.815545194892473 0.3661164314516129 0.815545194892473
0 0.46849798387096775 0.1939054099462365 0.4936995967741935 0.19810567876344085 0.4165196572580645 0.8176453293010751 0.38974294354838707 0.815545194892473
0 0.496062247983871 0.186554939516129 0.5275642641129032 0.19180527553763435 0.44880922379032256 0.8218455981182795 0.4204574092741935 0.8197454637096774
0 0.5275642641129032 0.19075520833333326 0.5559160786290323 0.19810567876344085 0.4779485887096774 0.8260458669354839 0.4495967741935484 0.815545194892473
0 0.5574911794354839 0.1886550739247311 0.5858429939516129 0.19180527553763435 0.5070879536290323 0.8239457325268816 0.47716103830645157 0.8207955309139785
0 0.5858429939516129 0.19075520833333326 0.6165574596774194 0.19810567876344085 0.5362273185483871 0.828146001344086 0.5086630544354839 0.8186953965053764
0 0.6165574596774194 0.1939054099462365 0.6449092741935484 0.19915574596774185 0.5653666834677419 0.8239457325268816 0.5401650705645161 0.8197454637096774
0 0.6472719254032258 0.18760500672043 0.6716859879032258 0.19285534274193541 0.618132560483871 0.8218455981182795 0.5905682963709677 0.8228956653225805
0 0.6771988407258064 0.17920446908602142 0.7063382056451613 0.18445480510752685 0.6559349798387096 0.8186953965053764 0.6267956149193549 0.8197454637096774
0 0.7071257560483871 0.18445480510752685 0.7394153225806451 0.1855048723118279 0.6842867943548387 0.8197454637096774 0.654359879032258 0.8207955309139785
0 0.7378402217741935 0.186554939516129 0.7709173387096774 0.18970514112903217 0.7150012600806451 0.8249957997311826 0.6866494455645161 0.8218455981182795
0 0.7717048891129032 0.186554939516129 0.7976940524193549 0.1886550739247311 0.740202872983871 0.8249957997311826 0.7142137096774194 0.8249957997311826
0 0.7976940524193549 0.18445480510752685 0.8244707661290323 0.18760500672043 0.7677671370967741 0.8186953965053764 0.7449281754032258 0.8218455981182795
0 0.8299836189516129 0.18340473790322576 0.8583354334677419 0.1855048723118279 0.7953314012096774 0.8302461357526881 0.7661920362903226 0.8207955309139785
0 0.862273185483871 0.18760500672043 0.8929876512096774 0.18970514112903217 0.8244707661290323 0.829196068548387 0.79296875 0.8270959341397849
0 0.894562752016129 0.19180527553763435 0.922914566532258 0.19285534274193541 0.8488848286290323 0.8239457325268816 0.8236832157258064 0.8228956653225805
0 0.9292149697580645 0.18235467069892466 0.9536290322580645 0.186554939516129 0.874086441532258 0.828146001344086 0.8449470766129032 0.8312962029569891
0 0.9567792338709677 0.19075520833333326 0.9859185987903225 0.19075520833333326 0.9024382560483871 0.8249957997311826 0.8725113407258064 0.828146001344086
