0 0.04144021739130435 0.15820312500000003 0.004288383152173947 0.15961843297101455 0.004288383152173947 0.31954823369565216 0.11574388586956522 0.9762511322463768 0.16563349184782608 0.9691745923913043
0 0.08814538043478262 0.2728430706521739 0.191109035326087 0.919638813405797 0.21340013586956522 0.9125622735507246 0.11574388586956522 0.27001245471014496
0 0.117866847826087 0.2728430706521739 0.21446161684782608 0.9352072010869565 0.24842900815217392 0.9238847373188405 0.15820312500000003 0.2728430706521739
0 0.166694972826087 0.3068104619565218 0.1868631114130435 0.30256453804347827 0.27602751358695654 0.9238847373188405 0.25692085597826086 0.9281306612318841
0 0.19004755434782608 0.28416553442028986 0.27602751358695654 0.9210541213768115 0.2930112092391304 0.925300045289855 0.20915421195652176 0.2785043025362319
0 0.20066236413043478 0.20349298007246377 0.2983186141304348 0.9677592844202899 0.3237941576086957 0.9635133605072465 0.2271993885869565 0.20349298007246377
0 0.22507642663043478 0.20632359601449277 0.3237941576086957 0.9677592844202899 0.35457710597826086 0.9620980525362319 0.27284307065217395 0.20349298007246377
0 0.2717815896739131 0.16103374094202902 0.36094599184782605 0.9748358242753623 0.4076511548913043 0.9748358242753623 0.3322860054347826 0.15961843297101455
0 0.3567000679347826 0.2884114583333333 0.3864215353260869 0.2799196105072464 0.4448029891304348 0.9267153532608696 0.4203889266304348 0.9281306612318841
0 0.3864215353260869 0.23038383152173914 0.45011039402173914 0.9436990489130435 0.4851392663043478 0.9380378170289855 0.43100373641304346 0.2204766757246377
0 0.4320652173913043 0.2077389039855073 0.48938519021739124 0.9776664402173912 0.5573199728260869 0.9677592844202899 0.5212296195652174 0.2020776721014493
0 0.5286599864130435 0.31105638586956524 0.5636888586956521 0.30822576992753625 0.5923488451086957 0.9238847373188405 0.5594429347826086 0.9323765851449276
0 0.5615658967391304 0.2148154438405797 0.5934103260869565 0.945114356884058 0.6369310461956521 0.9408684329710145 0.6188858695652174 0.2077389039855073
0 0.6337466032608695 0.15395720108695657 0.6517917798913043 0.9804970561594203 0.7260954483695652 0.9705899003623188 0.7388332201086956 0.1454653532608696
0 0.7377717391304347 0.21340013586956522 0.727156929347826 0.9748358242753623 0.7558169157608695 0.9720052083333334 0.7706776494565217 0.2148154438405797
0 0.7728006114130435 0.21764605978260873 0.7611243206521738 0.9691745923913043 0.7876613451086956 0.9748358242753623 0.8067680027173914 0.2190613677536232
0 0.8088909646739131 0.21623075181159424 0.7887228260869565 0.945114356884058 0.8311820652173914 0.9465296648550724 0.8555961277173914 0.21623075181159424
0 0.8587805706521738 0.2190613677536232 0.8375509510869565 0.9734205163043478 0.865149456521739 0.9776664402173912 0.8959324048913042 0.2204766757246377
0 0.8927479619565217 0.18226336050724637 0.865149456521739 0.9550215126811593 0.8959324048913042 0.9635133605072465 0.9245923913043479 0.1836786684782609
0 0.9288383152173914 0.22755321557971017 0.8980553668478259 0.9734205163043478 0.9447605298913042 0.9762511322463768 0.9946501358695652 0.2204766757246377
