0 0.04887058423913046 0.016672327898550766 0.0 0.013957295440821292 0.12423573369565219 0.9507755887681159 0.191109035326087 0.9408684329710145
0 0.052055027173913054 0.0492244112318841 0.13060461956521743 0.044978487318840625 0.2590438179347826 0.9366225090579711 0.19641644021739132 0.9465296648550724
0 0.16138756793478262 0.14971127717391308 0.21764605978260873 0.15395720108695657 0.30681046195652173 0.8814254981884058 0.2675356657608696 0.8870867300724637
0 0.2080927309782609 0.06620810688405801 0.27284307065217395 0.0676234148550725 0.36413043478260865 0.9295459692028986 0.3131793478260869 0.9408684329710145
0 0.2707201086956522 0.002519248188405839 0.3630689538043478 0.925300045289855 0.3842985733695652 0.9238847373188405 0.2930112092391304 0.005349864130434823
0 0.30574898097826086 0.069038722826087 0.38536005434782605 0.939453125 0.4203889266304348 0.9352072010869565 0.35563858695652173 0.06479279891304353
0 0.3588230298913043 0.15820312500000003 0.42463485054347827 0.15112658514492758 0.47134001358695654 0.8842561141304347 0.41826596467391297 0.8885020380434782
0 0.4140200407608695 0.03224071557971019 0.47983186141304346 0.9309612771739131 0.5275985054347826 0.9281306612318841 0.49256963315217395 0.029410099637681198
0 0.4968155570652174 0.166694972826087 0.5191066576086957 0.163864356884058 0.5551970108695652 0.8630264945652174 0.5265370244565217 0.8658571105072465
0 0.5244140625 0.16811028079710147 0.5658118206521738 0.16811028079710147 0.5923488451086957 0.8771795742753623 0.5541355298913043 0.8856714221014492
0 0.5689962635869565 0.21056951992753625 0.5923488451086957 0.20915421195652176 0.6157014266304348 0.8630264945652174 0.5923488451086957 0.8672724184782609
0 0.5912873641304348 0.17518682065217395 0.6146399456521738 0.8701030344202899 0.6507302989130435 0.8644418025362319 0.6326851222826086 0.17377151268115942
0 0.6528532608695652 0.09592957427536236 0.6592221467391304 0.9040704257246377 0.6889436141304347 0.9040704257246377 0.6857591711956521 0.09026834239130438
0 0.686820652173913 0.0874377264492754 0.7324643342391304 0.0874377264492754 0.7207880434782609 0.9026551177536232 0.686820652173913 0.9069010416666666
0 0.7367102581521738 0.04639379528985512 0.7229110054347826 0.919638813405797 0.7770465353260869 0.9168081974637681 0.8078294836956521 0.03931725543478265
0 0.8322435461956521 0.11574388586956526 0.7950917119565217 0.8729336503623188 0.8333050271739131 0.8658571105072465 0.8789487092391304 0.11291326992753627
0 0.9023012907608696 0.09451426630434785 0.8545346467391304 0.9125622735507246 0.9182235054347825 0.8998245018115942 0.9957116168478259 0.0888530344202899
