0 0.0857484879032258 0.12985131048387094 0.10464969758064516 0.13300151209677416 0.03298261088709677 0.7346900201612904 0.017231602822580645 0.7283896169354839
0 0.10779989919354838 0.13510164650537632 0.12906376008064516 0.1393019153225806 0.05424647177419355 0.730489751344086 0.03928301411290322 0.730489751344086
0 0.1322139616935484 0.14140204973118273 0.15426537298387097 0.1477024529569892 0.08417338709677419 0.731539818548387 0.05739667338709677 0.7273395497311826
0 0.16450352822580647 0.13405157930107522 0.1826171875 0.1435021841397849 0.10937499999999999 0.7273395497311826 0.08259828629032258 0.7262894825268816
0 0.18497983870967744 0.13720178091397844 0.20703125 0.1393019153225806 0.13063886088709678 0.7378402217741935 0.1101625504032258 0.7283896169354839
0 0.2078188004032258 0.13300151209677416 0.22750756048387097 0.14140204973118273 0.15032762096774194 0.7357400873655914 0.1314264112903226 0.7357400873655914
0 0.2314453125 0.1256510416666666 0.255859375 0.12985131048387094 0.17237903225806453 0.7420404905913979 0.15111517137096775 0.7409904233870966
0 0.2550718245967742 0.1256510416666666 0.2794858870967742 0.1267011088709677 0.19600554435483872 0.7420404905913979 0.17631678427419356 0.7367901545698924
0 0.27712323588709675 0.11725050403225802 0.3046875 0.12460097446236557 0.2180569556451613 0.7462407594086021 0.1944304435483871 0.7430905577956989
0 0.30232484879032256 0.1225008400537634 0.32201360887096775 0.12145077284946232 0.24168346774193547 0.7514910954301075 0.22199470766129034 0.744140625
0 0.32595136088709675 0.11410030241935482 0.34642767137096775 0.11725050403225802 0.2613722278225806 0.7535912298387096 0.24168346774193547 0.7493909610215054
0 0.3448525705645161 0.11305023521505374 0.3724168346774193 0.11200016801075265 0.2928742439516129 0.7546412970430106 0.2645224294354839 0.7483408938172041
0 0.37556703629032256 0.10569976478494619 0.39840599798387094 0.1088499663978494 0.3180758568548387 0.7577914986559139 0.2944493447580645 0.7504410282258064
0 0.4015561995967742 0.10044942876344082 0.4299080141129032 0.10569976478494619 0.3424899193548387 0.7682921706989246 0.32201360887096775 0.759891633064516
0 0.4291204637096774 0.09939936155913974 0.455109627016129 0.09939936155913974 0.3716292842741935 0.7682921706989246 0.3440650201612903 0.759891633064516
0 0.45747227822580644 0.08679855510752686 0.4803112399193548 0.09414902553763436 0.4031313004032258 0.7714423723118279 0.37399193548387094 0.7651419690860215
0 0.48188634072580644 0.08679855510752686 0.507875504032258 0.08889868951612899 0.42833291330645157 0.7777427755376344 0.40234375 0.7703923051075269
0 0.5126008064516129 0.08259828629032252 0.5401650705645161 0.08364835349462361 0.46219758064516125 0.7808929771505375 0.4354208669354839 0.77354250672043
0 0.5441028225806451 0.07524781586021502 0.5677293346774194 0.07944808467741932 0.49054939516129026 0.787193380376344 0.46219758064516125 0.7819430443548386
0 0.5661542338709677 0.06999747983870964 0.5952935987903225 0.06999747983870964 0.552765877016129 0.7892935147849461 0.5228389616935484 0.7850932459677419
0 0.5992313508064516 0.05739667338709673 0.6267956149193549 0.054246471774193526 0.5960811491935484 0.7903435819892471 0.5622164818548387 0.7924437163978494
0 0.6275831653225806 0.056346606182795654 0.6575100806451613 0.05319640456989244 0.6323084677419355 0.800844254032258 0.5992313508064516 0.7966439852150536
0 0.6598727318548387 0.050046202956989194 0.6937373991935484 0.050046202956989194 0.6653855846774194 0.799794186827957 0.6330960181451613 0.801894321236559
0 0.6929498487903225 0.04269573252688169 0.7244518649193549 0.04269573252688169 0.7000378024193549 0.8102948588709676 0.666960685483871 0.8092447916666666
0 0.7291771673387096 0.039545530913978444 0.7591040826612903 0.033245127688171984 0.7354775705645161 0.8092447916666666 0.699250252016129 0.800844254032258
0 0.7622542842741935 0.03219506048387094 0.7953314012096774 0.0248445900537634 0.7693422379032258 0.8134450604838709 0.7362651209677419 0.8134450604838709
0 0.8024193548387096 0.026944724462365566 0.8370715725806451 0.02379452284946232 0.8079322076612903 0.8165952620967741 0.7709173387096774 0.8165952620967741
0 0.8394342237903226 0.026944724462365566 0.8725113407258064 0.018544186827956943 0.8488848286290323 0.8197454637096774 0.8047820060483871 0.8207955309139785
0 0.8788117439516129 0.01014364919354834 0.911101310483871 0.006993447580645111 0.8843245967741935 0.829196068548387 0.8402217741935484 0.828146001344086
0 0.9213394657258064 0.006993447580645111 0.9528414818548387 0.006993447580645111 0.9268523185483871 0.8344464045698924 0.8851121471774194 0.8302461357526881
