0 0.06479279891304349 0.13980412137681164 0.09132982336956522 0.14971127717391308 0.01702615489130438 0.8587805706521738 0.0 0.7572210502479022
0 0.08920686141304349 0.15537250905797104 0.12211277173913046 0.15678781702898553 0.054177989130434784 0.8559499547101449 0.020210597826086973 0.8488734148550724
0 0.11998980978260873 0.15254189311594207 0.15820312500000003 0.16244904891304351 0.08814538043478262 0.841796875 0.05630095108695657 0.8432121829710145
0 0.15820312500000003 0.15112658514492758 0.191109035326087 0.16103374094202902 0.12211277173913046 0.8432121829710145 0.08708389945652176 0.841796875
0 0.19217051630434787 0.15395720108695657 0.2218919836956522 0.166694972826087 0.14758831521739132 0.8389662590579711 0.12211277173913046 0.8403815670289855
0 0.22295346467391305 0.1468806612318841 0.25373641304347827 0.15678781702898553 0.1804942255434783 0.8432121829710145 0.14758831521739132 0.8375509510869565
0 0.25479789402173914 0.14971127717391308 0.28239639945652173 0.15254189311594207 0.21021569293478262 0.8403815670289855 0.18261718750000003 0.8318897192028986
0 0.28451936141304346 0.1468806612318841 0.31211786684782605 0.15112658514492758 0.239937160326087 0.836135643115942 0.21233865489130435 0.8318897192028986
0 0.31211786684782605 0.15112658514492758 0.3418393342391304 0.15678781702898553 0.26965862771739135 0.8347203351449276 0.24099864130434787 0.8347203351449276
0 0.3439622961956521 0.1468806612318841 0.3726222826086957 0.15254189311594207 0.2993800951086957 0.8333050271739131 0.26965862771739135 0.827643795289855
0 0.3747452445652174 0.1468806612318841 0.40658967391304346 0.15395720108695657 0.33334748641304346 0.8389662590579711 0.3046875 0.8304744112318841
0 0.4055281929347826 0.1482959692028986 0.43418817934782605 0.15395720108695657 0.3620074728260869 0.8333050271739131 0.3375934103260869 0.8290591032608696
0 0.43418817934782605 0.1482959692028986 0.4607252038043478 0.15395720108695657 0.39491338315217395 0.827643795289855 0.3630689538043478 0.8262284873188405
0 0.46497112771739124 0.1426347373188406 0.49575407608695654 0.15112658514492758 0.42781929347826086 0.8318897192028986 0.40022078804347827 0.821982563405797
0 0.49575407608695654 0.1468806612318841 0.5265370244565217 0.15112658514492758 0.4575407608695652 0.8290591032608696 0.42463485054347827 0.821982563405797
0 0.5265370244565217 0.14121942934782614 0.5530740489130435 0.14971127717391308 0.48938519021739124 0.8262284873188405 0.4607252038043478 0.821982563405797
0 0.5520125679347826 0.1468806612318841 0.580672554347826 0.14971127717391308 0.5244140625 0.824813179347826 0.49150815217391297 0.821982563405797
0 0.5817340353260869 0.14405004528985513 0.6103940217391304 0.15112658514492758 0.5530740489130435 0.8233978713768115 0.5265370244565217 0.8191519474637681
0 0.6103940217391304 0.13697350543478265 0.6390540081521738 0.13980412137681164 0.6157014266304348 0.8191519474637681 0.5796110733695652 0.8163213315217391
0 0.6401154891304347 0.13131227355072467 0.6740828804347826 0.13414288949275366 0.653914741847826 0.8149060235507246 0.6231317934782609 0.8120754076086957
0 0.6740828804347826 0.13131227355072467 0.702742866847826 0.13414288949275366 0.6836362092391304 0.8163213315217391 0.6560377038043478 0.8134907155797101
0 0.7038043478260869 0.13555819746376815 0.7324643342391304 0.13555819746376815 0.7122961956521738 0.8092447916666666 0.6857591711956521 0.8078294836956522
0 0.7324643342391304 0.13131227355072467 0.7558169157608695 0.13131227355072467 0.7430791440217391 0.8149060235507246 0.7165421195652174 0.8120754076086957
0 0.7590013586956521 0.13272758152173916 0.7855383831521738 0.13555819746376815 0.7728006114130435 0.8035835597826088 0.7430791440217391 0.8049988677536232
0 0.7887228260869565 0.12989696557971017 0.7728006114130435 0.8092447916666666 0.8035835597826086 0.8092447916666666 0.816321331521739 0.13272758152173916
0 0.8173828125 0.13131227355072467 0.8025220788043479 0.8064141757246377 0.8279976222826086 0.8078294836956522 0.8460427989130435 0.13131227355072467
0 0.8481657608695652 0.13838881340579715 0.8768257472826086 0.13980412137681164 0.8555961277173914 0.8007529438405797 0.8311820652173914 0.7993376358695653
0 0.8768257472826086 0.12706634963768118 0.9065472146739131 0.12706634963768118 0.8842561141304348 0.7993376358695653 0.8566576086956521 0.8007529438405797
0 0.9065472146739131 0.13272758152173916 0.9330842391304348 0.12989696557971017 0.9118546195652173 0.8007529438405797 0.8842561141304348 0.8021682518115942
