0 0.0340098505434783 0.28416553442028986 0.0 0.29083413256606994 0.12705234150484013 0.9996744791666666 0.15289572010869565 0.9946501358695653
0 0.10194463315217392 0.9932348278985508 -1.3877787807814457e-17 0.46894814311594185 4.2459239130460125e-05 0.30822576992753625 0.12211277173913046 0.9889889039855072
0 0.03719429347826089 0.2714277626811594 0.15423394434200316 0.9996744791666666 0.22613790760869565 0.9996744791666666 0.11468240489130435 0.27001245471014496
0 0.1486497961956522 0.3704993206521739 0.2431216032608696 0.9847429800724637 0.26965862771739135 0.9819123641304347 0.18261718750000003 0.3690840126811594
0 0.17094089673913046 0.2770889945652174 0.2749660326086957 0.9946501358695653 0.3163637907608695 0.9847429800724637 0.21764605978260873 0.26859714673913043
0 0.22613790760869565 0.2204766757246377 0.3215931739105776 0.9996744791666666 0.3970363451086957 0.9996744791666666 0.3195482336956521 0.21056951992753625
0 0.3237941576086957 0.27567368659420294 0.3974570289460103 0.9996744791666666 0.4235733695652174 0.9974807518115942 0.3588230298913043 0.2714277626811594
0 0.3567000679347826 0.2728430706521739 0.4286775472245673 0.9996744791666666 0.4575407608695652 0.9932348278985508 0.3991593070652174 0.27001245471014496
0 0.40128226902173914 0.2770889945652174 0.4628481657608695 0.9861582880434782 0.5063688858695652 0.9833276721014492 0.451171875 0.264351222826087
0 0.45011039402173914 0.26859714673913043 0.5106148097826086 0.9988960597826088 0.5360903532608695 0.9988960597826088 0.4808933423913043 0.2714277626811594
0 0.4840777853260869 0.24029098731884058 0.5371518342391304 0.9776664402173912 0.5594429347826086 0.9819123641304347 0.5116762907608695 0.23604506340579712
0 0.5265370244565217 0.2728430706521739 0.5667597334714014 0.9996744791666666 0.6093325407608695 0.9889889039855072 0.580672554347826 0.264351222826087
0 0.5881029211956521 0.2431216032608696 0.6240286164202291 0.9996744791666666 0.6698369565217391 0.9960654438405797 0.6422384510869565 0.23321444746376815
0 0.6528532608695652 0.34219316123188404 0.6900050951086957 0.34219316123188404 0.7218495244565217 0.9550215126811593 0.6708984375 0.9521908967391304
0 0.6963739809782609 0.2714277626811594 0.7239724864130435 0.9606827445652174 0.7558169157608695 0.9606827445652174 0.7324643342391304 0.2714277626811594
0 0.744140625 0.23462975543478262 0.7643087635869565 0.9875735960144927 0.7887228260869565 0.9875735960144927 0.7770465353260869 0.23179913949275363
0 0.7834154211956521 0.22755321557971017 0.7897843070652174 0.9904042119565216 0.8354279891304348 0.9861582880434782 0.8311820652173914 0.2218919836956522
0 0.8449813179347825 0.23321444746376815 0.8364894701086956 0.9833276721014492 0.8619650135869565 0.9861582880434782 0.8704568614130435 0.22755321557971017
0 0.8725798233695652 0.29265738224637683 0.8619650135869565 0.9833276721014492 0.8885020380434783 0.9833276721014492 0.9033627717391304 0.29265738224637683
0 0.9150390625 0.26859714673913043 0.8959324048913042 0.9833276721014492 0.9373301630434783 0.9790817481884058 0.9659901494565217 0.26293591485507245
