0 0.8874405570652173 0.11008265398550728 0.9490064538043479 0.1086673460144928 0.9330842391304348 0.9734205163043478 0.8757642663043479 0.9649286684782609
0 0.8269361413043479 0.11857450181159424 0.8216287364130435 0.9578521286231884 0.8736413043478259 0.9620980525362319 0.8810716711956521 0.1086673460144928
0 0.7876613451086956 0.22613790760869568 0.8205672554347825 0.2204766757246377 0.8205672554347825 0.9592674365942028 0.7855383831521738 0.9521908967391304
0 0.7250339673913043 0.13131227355072467 0.7823539402173912 0.12423573369565222 0.7834154211956521 0.9550215126811593 0.7218495244565217 0.945114356884058
0 0.6517917798913043 0.13697350543478265 0.727156929347826 0.12706634963768118 0.7229110054347826 0.9493602807971014 0.6528532608695652 0.939453125
0 0.5849184782608695 0.1454653532608696 0.6486073369565217 0.13555819746376815 0.6549762228260869 0.933791893115942 0.5838569972826086 0.9281306612318841
0 0.507430366847826 0.23462975543478262 0.5870414402173912 0.22613790760869568 0.5817340353260869 0.9281306612318841 0.5127377717391304 0.9168081974637681
0 0.4352496603260869 0.2374603713768116 0.5095533288043478 0.23179913949275363 0.5127377717391304 0.9054857336956522 0.4448029891304348 0.8927479619565216
0 0.38536005434782605 0.24736752717391305 0.4352496603260869 0.24595221920289856 0.4448029891304348 0.8969938858695653 0.39172894021739124 0.8955785778985508
0 0.3503311820652174 0.25444406702898553 0.3842985733695652 0.24595221920289856 0.3927904211956521 0.8856714221014492 0.36094599184782605 0.8842561141304347
0 0.3142408288043478 0.18933990036231885 0.3471467391304348 0.1836786684782609 0.3598845108695652 0.8885020380434782 0.33334748641304346 0.8842561141304347
0 0.28770380434782605 0.28416553442028986 0.3174252717391304 0.2799196105072464 0.33016304347826086 0.8771795742753623 0.29407269021739124 0.8715183423913043
0 0.23675271739130435 0.27001245471014496 0.29088824728260865 0.2657665307971015 0.2951341711956521 0.8658571105072465 0.25373641304347827 0.861611186594203
0 0.2218919836956522 0.3124716938405797 0.24206012228260873 0.3124716938405797 0.2590438179347826 0.8432121829710145 0.23462975543478262 0.8432121829710145
0 0.16138756793478262 0.22613790760869568 0.20384680706521743 0.22613790760869568 0.21340013586956522 0.861611186594203 0.1698794157608696 0.8559499547101449
0 0.11574388586956522 0.2020776721014493 0.1592646059782609 0.2020776721014493 0.166694972826087 0.8545346467391304 0.12954313858695657 0.8531193387681159
0 0.093452785326087 0.28982676630434784 0.11680536684782614 0.2855808423913044 0.12742017663043478 0.8446274909420289 0.10088315217391305 0.8446274909420289
0 0.05630095108695657 0.2417062952898551 0.09239130434782614 0.23462975543478262 0.10088315217391305 0.8460427989130435 0.06373131793478262 0.841796875
0 0.01490319293478265 0.21340013586956522 0.043563179347826136 0.21340013586956522 0.06585427989130435 0.8375509510869565 0.032948369565217406 0.8375509510869565
