0 0.002268145161290317 0.2222572244623655 0.03298261088709677 0.22120715725806442 0.04085811491935483 0.9468035954301075 0.0 0.9537370937194525
0 0.03455771169354839 0.2275075604838709 0.07078503024193547 0.22540742607526876 0.07866053427419355 0.9373529905913979 0.04400831653225806 0.9352528561827956
0 0.09126134072580644 0.24010836693548385 0.12355090725806452 0.23800823252688166 0.12118825604838708 0.9205519153225806 0.09441154233870967 0.9247521841397849
0 0.11961315524193548 0.243258568548387 0.14717741935483872 0.243258568548387 0.15347782258064516 0.9279023857526881 0.12355090725806452 0.9279023857526881
0 0.1463898689516129 0.24010836693548385 0.17710433467741937 0.23905829973118276 0.1802545362903226 0.9226520497311826 0.15190272177419356 0.9237021169354839
0 0.1810420866935484 0.2359080981182795 0.21175655241935484 0.23800823252688166 0.20939390120967744 0.9205519153225806 0.1802545362903226 0.9174017137096774
0 0.21096900201612903 0.24745883736559135 0.23459551411290322 0.243258568548387 0.23380796370967744 0.9247521841397849 0.20939390120967744 0.9279023857526881
0 0.23380796370967744 0.2369581653225806 0.2566469254032258 0.2369581653225806 0.2582220262096774 0.9279023857526881 0.23302041330645162 0.9300025201612904
0 0.255859375 0.23170782930107517 0.2826360887096774 0.2296076948924731 0.2826360887096774 0.9331527217741935 0.25743447580645157 0.9331527217741935
0 0.2810609879032258 0.23485803091397842 0.3094128024193548 0.23380796370967735 0.31413810483870963 0.9342027889784945 0.28184853830645157 0.9384030577956989
0 0.31177545362903225 0.23275789650537626 0.33933971774193544 0.23485803091397842 0.34012726814516125 0.9352528561827956 0.31413810483870963 0.9363029233870966
0 0.33855216733870963 0.23170782930107517 0.36532888104838707 0.23275789650537626 0.3676915322580645 0.940503192204301 0.3432774697580645 0.9426033266129031
0 0.3716292842741935 0.23380796370967735 0.39761844758064513 0.23485803091397842 0.4007686491935484 0.9384030577956989 0.3716292842741935 0.940503192204301
0 0.4047064012096774 0.2359080981182795 0.42833291330645157 0.23905829973118276 0.4299080141129032 0.9300025201612904 0.4015561995967742 0.9331527217741935
0 0.43463331653225806 0.2411584341397849 0.4606224798387097 0.23800823252688166 0.46298513104838707 0.9216019825268816 0.43699596774193544 0.9237021169354839
0 0.4763734879032258 0.12040070564516124 0.5252016129032258 0.12040070564516124 0.5173261088709677 0.9562542002688171 0.47086063508064513 0.9520539314516129
0 0.5330771169354839 0.09624915994623652 0.5756048387096774 0.09099882392473115 0.5606413810483871 0.9615045362903225 0.5149634576612903 0.9604544690860215
0 0.5716670866935484 0.2527091733870967 0.6614478326612903 0.2516591061827957 0.6472719254032258 0.967804939516129 0.5677293346774194 0.9625546034946236
0 0.650422127016129 0.9625546034946236 0.6921622983870968 0.967804939516129 0.7016129032258064 0.09939936155913974 0.6645980342741935 0.10044942876344082
0 0.703188004032258 0.09099882392473115 0.789030997983871 0.07524781586021502 0.772492439516129 0.9772555443548386 0.6976751512096774 0.9730552755376344
0 0.796906502016129 0.9835559475806451 0.8953503024193549 0.995106686827957 0.9000756048387096 0.09414902553763436 0.8016318044354839 0.09624915994623652
0 0.9079511088709677 0.050046202956989194 0.959929435483871 0.05109627016129028 0.9528414818548387 0.9888062836021505 0.9055884576612903 0.9867061491935484
