0 0.016444052419354833 0.1403519825268817 0.11961315524193548 0.1403519825268817 0.1589906754032258 0.9898563508064515 0.06920992943548386 0.9982568884408601
0 0.16529107862903228 0.995106686827957 0.23695816532258066 0.9982568884408601 0.20073084677419356 0.02379452284946232 0.1227633568548387 0.018544186827956943
0 0.21254410282258066 0.02169438844086019 0.2739730342741935 0.0248445900537634 0.29051159274193544 0.9940566196236559 0.24837764616935415 0.9996744791666666
0 0.2960244455645161 0.9993069556451611 0.3519405241935484 0.995106686827957 0.34957787298387094 0.02064432123655911 0.27633568548387094 0.026944724462365566
0 0.3590284778225806 0.025894657258064484 0.41021925403225806 0.027994791666666612 0.4015561995967742 0.9835559475806451 0.3590284778225806 0.9919564852150536
0 0.40864415322580644 0.9993069556451611 0.4779485887096774 0.9982568884408601 0.5063004032258064 0.026944724462365566 0.42439516129032256 0.018544186827956943
0 0.5157510080645161 0.016444052419354777 0.5779674899193549 0.015393985215053732 0.5362273185483871 0.9982568884408601 0.48267389112903225 0.9993069556451611
0 0.5417401713709677 0.9856560819892474 0.6118321572580645 0.981455813172043 0.6512096774193549 0.16345346102150532 0.5787550403225806 0.15925319220430104
0 0.650422127016129 0.16660366263440857 0.7008253528225806 0.16975386424731176 0.6559349798387096 0.9699050739247311 0.6134072580645161 0.9709551411290321
0 0.6716859879032258 0.9940566196236559 0.7559538810483871 0.997206821236559 0.825258316532258 0.02169438844086019 0.7228767641129032 0.015393985215053732
0 0.8307711693548387 0.0594968077956989 0.8969254032258064 0.06369707661290319 0.8221081149193549 0.9898563508064515 0.7654044858870968 0.9940566196236559
0 0.8276209677419355 0.9898563508064515 0.8788117439516129 0.981455813172043 0.9630796370967741 0.06789734543010749 0.898500504032258 0.06264700940860211
