0 0.03507133152173916 0.08177649456521742 0.0 0.08177649456521742 0.021272078804347866 0.7965070199275363 0.06691576086956522 0.7993376358695653
0 0.04887058423913046 0.08460711050724641 0.08177649456521743 0.7936764039855072 0.1210512907608696 0.8021682518115942 0.093452785326087 0.08460711050724641
0 0.093452785326087 0.0874377264492754 0.12211277173913046 0.7993376358695653 0.15289572010869565 0.7965070199275363 0.12317425271739132 0.0860224184782609
0 0.1454653532608696 0.11008265398550728 0.1698794157608696 0.8488734148550724 0.28239639945652173 0.8573652626811593 0.2685971467391305 0.11715919384057975
0 0.2749660326086957 0.10159080615942033 0.2855808423913043 0.847458106884058 0.31211786684782605 0.847458106884058 0.30574898097826086 0.10442142210144932
0 0.30256453804347827 0.07894587862318846 0.3163637907608695 0.8729336503623188 0.3567000679347826 0.8828408061594203 0.3471467391304348 0.07611526268115947
0 0.3630689538043478 0.10442142210144932 0.3620074728260869 0.8785948822463768 0.41932744565217395 0.8800101902173912 0.42569633152173914 0.10300611413043483
0 0.4267578125 0.09876019021739135 0.42781929347826086 0.8913326539855072 0.4840777853260869 0.8927479619565216 0.49787703804347827 0.10159080615942033
0 0.5 0.1836786684782609 0.5392747961956521 0.1836786684782609 0.5180451766304348 0.8800101902173912 0.4872622282608695 0.8771795742753623
0 0.5467051630434783 0.02233355978260874 0.5169836956521738 0.9238847373188405 0.556258491847826 0.9281306612318841 0.5870414402173912 0.020918251811594245
0 0.5997792119565217 0.07328464673913047 0.5668733016304348 0.9026551177536232 0.6878821331521738 0.9168081974637681 0.7473250679347826 0.07186933876811598
0 0.7505095108695652 0.037901947463768154 0.6878821331521738 0.9677592844202899 0.7855383831521738 0.9762511322463768 0.8736413043478259 0.044978487318840625
0 0.865149456521739 0.10017549818840583 0.8959324048913042 0.10442142210144932 0.8173828125 0.9762511322463768 0.7897843070652174 0.9705899003623188
0 0.8938094429347825 0.14405004528985513 0.9320227581521738 0.14121942934782614 0.8502887228260869 0.9776664402173912 0.8141983695652173 0.9734205163043478
0 0.9352072010869565 0.1426347373188406 0.8513502038043479 0.9720052083333334 0.8831946331521738 0.9819123641304347 0.9691745923913042 0.13980412137681164
