0 0.06160835597826089 0.19500113224637683 -6.938893903907228e-18 0.19626489339464884 0.0 0.3280400815217392 0.09557574728260873 0.9932348278985508 0.15272765228713753 0.9996744791666666
0 0.07116168478260873 0.11291326992753627 0.17200237771739132 0.9819123641304347 0.2526749320652174 0.9804970561594203 0.1698794157608696 0.11008265398550728
0 0.18474014945652176 0.2006623641304348 0.2526749320652174 0.9847429800724637 0.32485563858695654 0.9974807518115942 0.2770889945652174 0.1978317481884058
0 0.2739045516304348 0.042147871376811634 0.3322860054347826 0.9875735960144927 0.3938519021739131 0.9861582880434782 0.3407778532608695 0.033656023550724674
0 0.3620074728260869 0.09168365036231889 0.42888077445652173 0.9790817481884058 0.47983186141304346 0.9734205163043478 0.4299422554347826 0.0874377264492754
0 0.4331266983695652 0.0874377264492754 0.4840777853260869 0.9691745923913043 0.5329059103260869 0.9649286684782609 0.4946925951086957 0.0860224184782609
0 0.4946925951086957 0.11857450181159424 0.5382133152173912 0.9663439764492754 0.5711192255434783 0.9649286684782609 0.5350288722826086 0.11574388586956526
0 0.5371518342391304 0.060546875000000035 0.5741669988177716 0.9996744791666665 0.6093325407608695 0.9974807518115942 0.5764266304347826 0.05630095108695656
0 0.5849184782608695 0.06337749094202903 0.6093325407608695 0.9946501358695653 0.7038043478260869 0.9946501358695653 0.7133576766304347 0.05063971920289859
0 0.7218495244565217 0.029410099637681198 0.702742866847826 0.9960654438405797 0.791907269021739 0.9974807518115942 0.840735394021739 0.02233355978260874
0 0.8396739130434783 0.05771625905797106 0.8874405570652173 0.05630095108695656 0.8322435461956521 0.9988960597826088 0.791907269021739 0.9932348278985508
0 0.890625 0.1058367300724638 0.8322851152687722 0.9996744791666666 0.8800101902173914 0.9988960597826088 0.9574983016304348 0.1086673460144928
0 0.9553753396739131 0.11574388586956526 0.8831946331521738 0.9974807518115942 0.9256538722826086 0.9946501358695653 0.999755859375 0.12095242138975237
