0 0.09362399193548386 0.14455225134408597 0.1676537298387097 0.14560231854838707 0.2188445060483871 0.8785492271505375 0.1589906754032258 0.8900999663978494
0 0.22120715725806453 0.8879998319892474 0.2826360887096774 0.8922001008064515 0.23617061491935484 0.13720178091397844 0.16135332661290322 0.14245211693548382
0 0.24719632056451615 0.22645749327956985 0.3094128024193548 0.2222572244623655 0.3472152217741935 0.899550571236559 0.2889364919354839 0.8943002352150536
0 0.35509072580645157 0.9048009072580645 0.41888230846774194 0.9090011760752689 0.3779296875 0.22120715725806442 0.31098790322580644 0.22540742607526876
0 0.37477948588709675 0.16555359543010748 0.4078566028225806 0.16345346102150532 0.45274697580645157 0.9111013104838709 0.4212449596774193 0.913201444892473
0 0.451171875 0.9142515120967741 0.4779485887096774 0.9195018481182795 0.4354208669354839 0.15925319220430104 0.4054939516129032 0.16345346102150532
0 0.4417212701612903 0.23275789650537626 0.49291204637096775 0.22540742607526876 0.5220514112903225 0.9289524529569891 0.48188634072580644 0.926852318548387
0 0.5259891633064516 0.9373529905913979 0.5779674899193549 0.9436533938172041 0.5496156754032258 0.2296076948924731 0.49054939516129026 0.23380796370967735
0 0.5464654737903225 0.1225008400537634 0.5968686995967741 0.11725050403225802 0.6204952116935484 0.955204133064516 0.5795425907258064 0.9510038642473119
0 0.6291582661290323 0.9667548723118279 0.6803490423387096 0.9762054771505375 0.6606602822580645 0.2065062163978494 0.601594002016129 0.21700688844086016
0 0.6622353830645161 0.11200016801075265 0.7283896169354839 0.10569976478494619 0.7362651209677419 0.9877562163978494 0.6827116935483871 0.9835559475806451
0 0.7449281754032258 0.9940566196236559 0.7362651209677419 0.060546874999999944 0.8055695564516129 0.04479586693548382 0.8047834324569111 0.9996744791666665
0 0.8039944556451613 0.997206821236559 0.8614856350806451 0.9993069556451611 0.8756615423387096 0.037445396505376316 0.813445060483871 0.04269573252688169
0 0.8827494959677419 0.045845934139784904 0.9567792338709677 0.03639532930107523 0.922914566532258 0.9982568884408601 0.8662109375 0.996156754032258
