0 0.8141983695652173 0.069038722826087 0.8831946331521738 0.07045403079710148 0.8141983695652173 0.9493602807971014 0.7590013586956521 0.9366225090579711
0 0.7462635869565217 0.07186933876811598 0.8014605978260869 0.07045403079710148 0.7494480298913043 0.939453125 0.7080502717391304 0.9323765851449276
0 0.6793902853260869 0.0860224184782609 0.7388332201086956 0.07894587862318846 0.7016813858695652 0.939453125 0.6528532608695652 0.9323765851449276
0 0.6157014266304348 0.10442142210144932 0.6740828804347826 0.10300611413043483 0.6560377038043478 0.919638813405797 0.6125169836956521 0.9153928894927535
0 0.5711192255434783 0.10017549818840583 0.6146399456521738 0.09734488224637684 0.6125169836956521 0.9153928894927535 0.5774881114130435 0.9026551177536232
0 0.47770889945652173 0.08177649456521742 0.5636888586956521 0.08036118659420294 0.5711192255434783 0.9168081974637681 0.5042459239130435 0.9111469655797101
0 0.3874830163043478 0.0874377264492754 0.47134001358695654 0.08177649456521742 0.5042459239130435 0.9111469655797101 0.43737262228260865 0.9026551177536232
0 0.34608525815217395 0.09734488224637684 0.3832370923913043 0.09734488224637684 0.43737262228260865 0.8941632699275363 0.40128226902173914 0.8941632699275363
0 0.2866423233695652 0.09168365036231889 0.3620074728260869 0.8969938858695653 0.40446671195652173 0.9012398097826088 0.3386548913043478 0.0888530344202899
0 0.24099864130434787 0.10159080615942033 0.32697860054347827 0.8870867300724637 0.3588230298913043 0.8913326539855072 0.2834578804347826 0.09734488224637684
0 0.18898607336956522 0.10159080615942033 0.28770380434782605 0.8842561141304347 0.32804008152173914 0.8856714221014492 0.23675271739130435 0.10017549818840583
0 0.1348505434782609 0.09876019021739135 0.25161345108695654 0.8800101902173912 0.28770380434782605 0.8856714221014492 0.1836786684782609 0.09592957427536236
0 0.08708389945652176 0.1058367300724638 0.13378906250000003 0.10159080615942033 0.2505519701086957 0.8743489583333334 0.2112771739130435 0.8771795742753623
0 0.03507133152173916 0.11149796195652178 0.08814538043478262 0.11008265398550728 0.21021569293478262 0.8658571105072465 0.17200237771739132 0.8672724184782609
0 0.028702445652173947 0.11291326992753627 3.469446951953614e-18 0.11291326992753627 0.13697350543478262 0.8644418025362319 0.16775645380434787 0.8573652626811593
0 0.1316661005434783 0.8545346467391304 0.10619055706521743 0.8531193387681159 0.0 0.3077975341691776 0.0 0.13131227355072467
