0 0.735648777173913 0.3379472373188406 0.7685546875 0.3351166213768116 0.7324643342391304 0.8446274909420289 0.6984969429347826 0.847458106884058
0 0.6730213994565217 0.253028759057971 0.7367102581521738 0.253028759057971 0.6995584239130435 0.8517040307971014 0.6454228940217391 0.8545346467391304
0 0.6220703125 0.4214504076086956 0.662406589673913 0.42286571557971014 0.6432999320652174 0.8842561141304347 0.6040251358695652 0.8856714221014492
0 0.5254755434782609 0.22613790760869568 0.6019021739130435 0.22755321557971017 0.5827955163043478 0.8304744112318841 0.5233525815217391 0.8403815670289855
0 0.48301630434782605 0.00818048007246381 0.4851392663043478 0.8587805706521738 0.5106148097826086 0.861611186594203 0.5233525815217391 0.00818048007246381
0 0.4320652173913043 0.10442142210144932 0.4808933423913043 0.1058367300724638 0.4840777853260869 0.8531193387681159 0.44374150815217395 0.8488734148550724
0 0.3959748641304348 0.15961843297101455 0.4331266983695652 0.15961843297101455 0.4416185461956521 0.8403815670289855 0.41826596467391297 0.8403815670289855
0 0.3683763586956521 0.264351222826087 0.40022078804347827 0.264351222826087 0.4140200407608695 0.8347203351449276 0.3927904211956521 0.8304744112318841
0 0.31211786684782605 0.20349298007246377 0.37368376358695654 0.1992470561594203 0.3896059782608695 0.8262284873188405 0.34926970108695654 0.821982563405797
0 0.2654127038043479 0.166694972826087 0.31530230978260865 0.16527966485507248 0.353515625 0.8049988677536232 0.31211786684782605 0.8035835597826088
0 0.21340013586956522 0.16103374094202902 0.2622282608695652 0.16244904891304351 0.3078719429347826 0.8064141757246377 0.26647418478260876 0.8064141757246377
0 0.18155570652173916 0.1978317481884058 0.215523097826087 0.1978317481884058 0.2685971467391305 0.7865998641304347 0.239937160326087 0.7865998641304347
0 0.1454653532608696 0.17660212862318844 0.1698794157608696 0.17660212862318844 0.23781419836956522 0.8049988677536232 0.21764605978260873 0.8049988677536232
0 0.117866847826087 0.20349298007246377 0.14758831521739132 0.2006623641304348 0.21658457880434787 0.7936764039855072 0.1836786684782609 0.7936764039855072
0 0.07540760869565219 0.20632359601449277 0.11255944293478262 0.2020776721014493 0.18474014945652176 0.7936764039855072 0.15289572010869565 0.7922610960144927
0 0.049932065217391325 0.20490828804347827 0.004288383152173947 0.2077389039855073 0.08920686141304349 0.8149060235507246 0.13909646739130435 0.8163213315217391
