0 0.028257308467741934 0.2443086357526881 0.04479586693548386 0.23905829973118276 0.12197580645161289 0.7210391465053764 0.10858744959677419 0.7231392809139785
0 0.12433845766129033 0.7325898857526881 0.14245211693548387 0.730489751344086 0.06212197580645161 0.23380796370967735 0.04322076612903225 0.24010836693548385
0 0.060546874999999986 0.23170782930107517 0.08259828629032258 0.23275789650537626 0.16056577620967744 0.731539818548387 0.14087701612903228 0.731539818548387
0 0.10622479838709677 0.2579595094086021 0.12748865927419356 0.2590095766129032 0.1928553427419355 0.7210391465053764 0.17316658266129034 0.7210391465053764
0 0.1920677923387097 0.7357400873655914 0.2078188004032258 0.7357400873655914 0.14166456653225806 0.2296076948924731 0.1227633568548387 0.2296076948924731
0 0.14008946572580647 0.23275789650537626 0.1708039314516129 0.23170782930107517 0.2322328629032258 0.7357400873655914 0.2078188004032258 0.7409904233870966
0 0.21569430443548387 0.23170782930107517 0.2393208165322581 0.2275075604838709 0.2936617943548387 0.7514910954301075 0.2739730342741935 0.7546412970430106
0 0.26688508064516125 0.2968119959677418 0.2826360887096774 0.29786206317204295 0.32595136088709675 0.7378402217741935 0.31177545362903225 0.7378402217741935
0 0.3275264616935484 0.7367901545698924 0.34642767137096775 0.7388902889784945 0.308625252016129 0.30206233198924726 0.284211189516129 0.30206233198924726
0 0.3031123991935484 0.21070648521505367 0.33855216733870963 0.20335601478494617 0.381867439516129 0.7714423723118279 0.3558782762096774 0.7714423723118279
0 0.3928931451612903 0.7567414314516129 0.4259702620967742 0.7514910954301075 0.3865927419354839 0.24535870295698917 0.353515625 0.24535870295698917
0 0.39446824596774194 0.2758106518817203 0.42439516129032256 0.2779107862903225 0.4495967741935484 0.758841565860215 0.4267578125 0.7567414314516129
0 0.4535345262096774 0.7609417002688171 0.48188634072580644 0.7661920362903225 0.46298513104838707 0.24535870295698917 0.4212449596774193 0.24640877016129026
0 0.4637726814516129 0.24640877016129026 0.5157510080645161 0.2443086357526881 0.5252016129032258 0.7882434475806451 0.4803112399193548 0.7829931115591396
0 0.5354397681451613 0.7745925739247311 0.5637915826612903 0.7829931115591396 0.5606413810483871 0.2369581653225806 0.5275642641129032 0.2411584341397849
0 0.5653666834677419 0.24010836693548385 0.5992313508064516 0.2369581653225806 0.59765625 0.786143313172043 0.5661542338709677 0.7787928427419355
0 0.5984438004032258 0.7903435819892471 0.6134072580645161 0.7966439852150536 0.6165574596774194 0.2159568212365591 0.5984438004032258 0.21700688844086016
0 0.6204952116935484 0.23485803091397842 0.6614478326612903 0.23485803091397842 0.6496345766129032 0.7934937836021505 0.618132560483871 0.7892935147849461
0 0.6614478326612903 0.20020581317204292 0.7047631048387096 0.19915574596774185 0.6858618951612903 0.8123949932795699 0.6472719254032258 0.8039944556451611
0 0.6882245463709677 0.8123949932795699 0.7323273689516129 0.8197454637096774 0.7559538810483871 0.20440608198924726 0.7063382056451613 0.20545614919354835
0 0.7591040826612903 0.2359080981182795 0.8189579133064516 0.23380796370967735 0.7780052923387096 0.8449470766129031 0.7331149193548387 0.8312962029569891
0 0.7732799899193549 0.8438970094086021 0.8000567036290323 0.8585979502688171 0.8402217741935484 0.2999621975806451 0.8150201612903226 0.2999621975806451
0 0.8575478830645161 0.1949554771505376 0.8969254032258064 0.19285534274193541 0.8339213709677419 0.87119875672043 0.800844254032258 0.8596480174731181
0 0.837859122983871 0.8764490927419355 0.8811743951612903 0.8890498991935484 0.9591418850806451 0.13825184811827954 0.9055884576612903 0.13720178091397844
