0 0.05739667338709677 0.298912130376344 0.12433845766129033 0.2999621975806451 0.11410030241935483 0.9793556787634409 0.04715851814516128 0.981455813172043
0 0.11173765120967742 0.9919564852150536 0.16214087701612903 0.9930065524193549 0.16529107862903228 0.22015709005376335 0.12197580645161289 0.22015709005376335
0 0.1708039314516129 0.26005964381720426 0.19758064516129034 0.25375924059139776 0.1936428931451613 0.9877562163978494 0.16214087701612903 0.9867061491935484
0 0.2078188004032258 0.96885500672043 0.26767263104838707 0.9699050739247311 0.2786983366935484 0.30941280241935476 0.2164818548387097 0.31151293682795694
0 0.2794858870967742 0.2495589717741935 0.31413810483870963 0.24745883736559135 0.30074974798387094 0.9636046706989246 0.26767263104838707 0.9625546034946236
0 0.3054750504032258 0.9604544690860215 0.32516381048387094 0.9636046706989246 0.333039314516129 0.3493153561827957 0.3133505544354839 0.3556157594086021
0 0.3338268649193548 0.35351562499999994 0.37005418346774194 0.35141549059139776 0.36139112903225806 0.981455813172043 0.32437626008064513 0.9793556787634409
0 0.36375378024193544 0.982505880376344 0.39840599798387094 0.9846060147849461 0.4070690524193548 0.3167632728494623 0.3724168346774193 0.3220136088709677
0 0.4078566028225806 0.2222572244623655 0.4425088205645161 0.2222572244623655 0.4354208669354839 0.9919564852150536 0.3960433467741935 0.9930065524193549
0 0.44329637096774194 0.9919564852150536 0.5220514112903225 0.995106686827957 0.5252016129032258 0.25375924059139776 0.4535345262096774 0.25585937499999994
0 0.5393775201612903 0.21805695564516125 0.5842678931451613 0.21910702284946235 0.5724546370967741 0.9909064180107526 0.5228389616935484 0.9930065524193549
0 0.5748172883064516 0.9877562163978494 0.618132560483871 0.9919564852150536 0.6291582661290323 0.37136676747311825 0.5850554435483871 0.37241683467741926
0 0.6370337701612903 0.04479586693548382 0.6795614919354839 0.04269573252688169 0.6717002207418382 0.9996744791666669 0.6220703125 0.9996744791666666
0 0.6701108870967741 0.9982568884408601 0.7181514616935484 0.997206821236559 0.723664314516129 0.214906754032258 0.6850743447580645 0.21700688844086016
0 0.7339024697580645 0.13825184811827954 0.7772177419354839 0.13825184811827954 0.7591184235608375 0.9996744791666665 0.7181514616935484 0.9982568884408601
