0 0.005418346774193544 0.07419774865591394 0.0369203629032258 0.07944808467741932 0.0613344254032258 0.8922001008064515 0.022744455645161286 0.9006006384408601
0 0.050308719758064516 0.11200016801075265 0.10071194556451613 0.11725050403225802 0.11882560483870967 0.8869497647849461 0.06605972782258064 0.8943002352150536
0 0.09756174395161289 0.10674983198924727 0.13693926411290322 0.11305023521505374 0.1558404737903226 0.8953503024193549 0.11725050403225805 0.9048009072580645
0 0.158203125 0.9048009072580645 0.2172694052419355 0.8943002352150536 0.20309349798387097 0.11305023521505374 0.1456023185483871 0.10464969758064512
0 0.21018145161290325 0.11200016801075265 0.2503465221774193 0.11830057123655911 0.26294732862903225 0.8922001008064515 0.22041960685483872 0.899550571236559
0 0.26609753024193544 0.9027007728494624 0.34957787298387094 0.899550571236559 0.33933971774193544 0.09834929435483865 0.26530997983870963 0.08259828629032252
0 0.3566658266129032 0.08574848790322577 0.4275453629032258 0.10044942876344082 0.43384576612903225 0.8932501680107526 0.35115297379032256 0.9006006384408601
0 0.43699596774193544 0.883799563172043 0.4858240927419355 0.884849630376344 0.4787361391129032 0.15610299059139782 0.4275453629032258 0.14875252016129029
0 0.496062247983871 0.1256510416666666 0.5370148689516129 0.13195144489247307 0.5425277217741935 0.8911500336021505 0.4921244959677419 0.8953503024193549
0 0.5362273185483871 0.16660366263440857 0.5574911794354839 0.16555359543010748 0.5606413810483871 0.883799563172043 0.5385899697580645 0.884849630376344
0 0.5661542338709677 0.17710433467741934 0.6173450100806451 0.18340473790322576 0.626008064516129 0.8869497647849461 0.5724546370967741 0.8911500336021505
0 0.6275831653225806 0.8953503024193549 0.6756237399193549 0.8943002352150536 0.6630229334677419 0.14245211693548382 0.6291582661290323 0.13825184811827954
0 0.678773941532258 0.1939054099462365 0.7126386088709677 0.1939054099462365 0.7220892137096774 0.8932501680107526 0.6771988407258064 0.8953503024193549
0 0.7228767641129032 0.8953503024193549 0.7772177419354839 0.8932501680107526 0.7638293850806451 0.23170782930107517 0.7102759576612903 0.2275075604838709
0 0.7638293850806451 0.10990003360215049 0.7984816028225806 0.1088499663978494 0.8173828125 0.8900999663978494 0.7787928427419355 0.8922001008064515
0 0.8173828125 0.8869497647849461 0.8835370463709677 0.884849630376344 0.8638482862903226 0.1603032594086021 0.8016318044354839 0.15505292338709672
0 0.8654233870967741 0.15925319220430104 0.9000756048387096 0.15925319220430104 0.9134639616935484 0.8785492271505375 0.8811743951612903 0.8764490927419355
0 0.9142515120967741 0.8722488239247311 0.9646547379032258 0.8743489583333334 0.9426033266129032 0.1435021841397849 0.9016507056451613 0.13825184811827954
