0 0.002268145161290317 0.09519909274193544 0.027469758064516122 0.09414902553763436 0.024319556451612902 0.772492439516129 3.469446951953614e-18 0.7780511952764977
0 0.02353200604838709 0.7777427755376344 0.05818422379032258 0.7756426411290321 0.051883820564516125 0.10779989919354836 0.026682207661290317 0.10779989919354836
0 0.053458921370967735 0.12040070564516124 0.1101625504032258 0.11515036962365587 0.11488785282258064 0.7745925739247311 0.060546874999999986 0.7798429099462365
0 0.13063886088709678 0.7808929771505375 0.17710433467741937 0.7756426411290321 0.15347782258064516 0.09204889112903224 0.11410030241935483 0.10044942876344082
0 0.14796496975806453 0.1267011088709677 0.18655493951612903 0.12040070564516124 0.21175655241935484 0.7808929771505375 0.17395413306451613 0.7892935147849461
0 0.24247101814516128 0.7850932459677419 0.2952368951612903 0.7787928427419355 0.26688508064516125 0.16870379704301067 0.20703125 0.1781544018817204
0 0.2960244455645161 0.17920446908602142 0.3338268649193548 0.16975386424731176 0.3779296875 0.787193380376344 0.3346144153225806 0.7955939180107526
0 0.33540196572580644 0.09204889112903224 0.37950478830645157 0.08154821908602145 0.4362084173387097 0.7924437163978494 0.3913180443548387 0.7976940524193549
0 0.4401461693548387 0.801894321236559 0.49291204637096775 0.7934937836021505 0.44723412298387094 0.13090137768817198 0.39840599798387094 0.13825184811827954
0 0.4543220766129032 0.1435021841397849 0.4779485887096774 0.13825184811827954 0.5315020161290323 0.7945438508064515 0.5 0.7987441196236559
0 0.532289566532258 0.8050445228494624 0.6031691028225806 0.7966439852150536 0.5464654737903225 0.09414902553763436 0.4842489919354839 0.10044942876344082
0 0.5543409778225806 0.11410030241935482 0.5905682963709677 0.1088499663978494 0.6559349798387096 0.7987441196236559 0.618132560483871 0.8060945900537634
0 0.6834992439516129 0.8123949932795699 0.7268145161290323 0.8060945900537634 0.6291582661290323 0.11935063844086019 0.5960811491935484 0.12145077284946232
0 0.6449092741935484 0.10990003360215049 0.6834992439516129 0.10569976478494619 0.7803679435483871 0.8134450604838709 0.7362651209677419 0.8186953965053764
0 0.7898185483870968 0.8228956653225805 0.8347089213709677 0.8165952620967741 0.7307522681451613 0.10254956317204299 0.6961000504032258 0.10569976478494619
0 0.7535912298387096 0.08469842069892469 0.7811554939516129 0.07944808467741932 0.8725113407258064 0.8176453293010751 0.8386466733870968 0.8197454637096774
0 0.8929876512096774 0.8228956653225805 0.9237021169354839 0.8228956653225805 0.8339213709677419 0.056346606182795654 0.8102948588709677 0.05529653897849457
0 0.8386466733870968 0.08889868951612899 0.8780241935483871 0.08574848790322577 0.9662298387096774 0.8165952620967741 0.9221270161290323 0.8228956653225805
