0 0.009356098790322578 0.2611097110215053 0.03140751008064516 0.2579595094086021 0.02904485887096774 0.9636046706989246 0.007780997983870965 0.9636046706989246
0 0.027469758064516122 0.9636046706989246 0.05818422379032258 0.9657048051075269 0.056609122983870955 0.25585937499999994 0.03219506048387097 0.2548093077956988
0 0.0613344254032258 0.3167632728494623 0.10622479838709677 0.31151293682795694 0.10779989919354838 0.9657048051075269 0.05975932459677419 0.96885500672043
0 0.12118825604838708 0.955204133064516 0.15977822580645162 0.9562542002688171 0.1574155745967742 0.3178133400537633 0.12118825604838708 0.3209635416666666
0 0.1558404737903226 0.25060903897849457 0.20151839717741937 0.24535870295698917 0.20151839717741937 0.9657048051075269 0.15977822580645162 0.9667548723118279
0 0.20939390120967744 0.9657048051075269 0.27554813508064513 0.9667548723118279 0.2708228326612903 0.3083627352150537 0.2054561491935484 0.30941280241935476
0 0.27318548387096775 0.3073126680107526 0.3377646169354839 0.3052125336021505 0.34091481854838707 0.9804057459677419 0.2747605846774193 0.9804057459677419
0 0.3377646169354839 0.9940566196236559 0.3865927419354839 0.9888062836021505 0.3802923387096774 0.22540742607526876 0.3377646169354839 0.228557627688172
0 0.3834425403225806 0.2642599126344085 0.41021925403225806 0.2579595094086021 0.4180947580645161 0.9898563508064515 0.38580519153225806 0.9898563508064515
0 0.42282006048387094 0.967804939516129 0.48267389112903225 0.96885500672043 0.48346144153225806 0.312563004032258 0.42360761088709675 0.31151293682795694
0 0.48503654233870963 0.24535870295698917 0.5181136592741935 0.24640877016129026 0.5165385584677419 0.9667548723118279 0.4842489919354839 0.967804939516129
0 0.5196887600806451 0.9636046706989246 0.5464654737903225 0.9667548723118279 0.5464654737903225 0.354565692204301 0.5173261088709677 0.3587659610215053
0 0.5441028225806451 0.34826528897849457 0.5834803427419355 0.3472152217741935 0.5834803427419355 0.981455813172043 0.544890372983871 0.9835559475806451
0 0.5866305443548387 0.9930065524193549 0.6228578629032258 0.995106686827957 0.6267956149193549 0.3220136088709677 0.5882056451612903 0.32306367607526876
0 0.6275831653225806 0.2159568212365591 0.6653855846774194 0.21070648521505367 0.6638104838709677 0.996156754032258 0.6236454133064516 0.9993069556451611
0 0.6685357862903225 0.9993069556451611 0.7535912298387096 0.9982568884408601 0.7559538810483871 0.2443086357526881 0.6740486391129032 0.24640877016129026
0 0.7661920362903226 0.20335601478494617 0.8150201612903226 0.20440608198924726 0.8063645355954496 0.9996744791666666 0.7559538810483871 0.9982568884408601
0 0.8079322076612903 0.9940566196236559 0.8530757218461988 0.9996744791666666 0.8685735887096774 0.3619161626344085 0.821320564516129 0.35981602822580644
0 0.8835370463709677 0.012243783602150485 0.9331527217741935 0.006993447580645111 0.9253486256139261 0.9996744791666669 0.8630607358870968 0.9996744791666666
0 0.9315776209677419 0.19600554435483866 0.9804057459677419 0.18970514112903217 0.9733177923387096 0.995106686827957 0.9244896673387096 0.9982568884408601
