0 0.03928301411290322 0.22015709005376335 0.07866053427419355 0.2159568212365591 0.09756174395161289 0.8449470766129031 0.04558341733870967 0.8512474798387096
0 0.11488785282258064 0.8480972782258064 0.16371597782258066 0.8354964717741935 0.13615171370967744 0.13615171370967735 0.09204889112903225 0.13825184811827954
0 0.1574155745967742 0.1886550739247311 0.20309349798387097 0.1855048723118279 0.22120715725806453 0.841796875 0.16686617943548387 0.8480972782258064
0 0.22829511088709678 0.841796875 0.25743447580645157 0.841796875 0.23695816532258066 0.1939054099462365 0.2054561491935484 0.1949554771505376
0 0.2401083669354839 0.1571530577956989 0.30626260080645157 0.1571530577956989 0.3275264616935484 0.8459971438172041 0.259797127016129 0.8543976814516129
0 0.3440650201612903 0.857547883064516 0.3802923387096774 0.8501974126344085 0.33618951612903225 0.172904065860215 0.3046875 0.17080393145161285
0 0.34012726814516125 0.18970514112903217 0.3787172379032258 0.18445480510752685 0.44723412298387094 0.8459971438172041 0.406281502016129 0.856497815860215
0 0.3826549899193548 0.172904065860215 0.42282006048387094 0.1739541330645161 0.4913369455645161 0.857547883064516 0.4535345262096774 0.8669984879032256
0 0.4984248991935484 0.8669984879032256 0.5385899697580645 0.8617481518817204 0.46849798387096775 0.16765372983870966 0.4291204637096774 0.17185399865591391
0 0.48897429435483875 0.15400285618279566 0.5157510080645161 0.15085265456989244 0.5787550403225806 0.8606980846774194 0.5472530241935484 0.8669984879032256
0 0.5921433971774194 0.8722488239247311 0.6220703125 0.8680485551075269 0.5614289314516129 0.13720178091397844 0.5362273185483871 0.13510164650537632
0 0.5645791330645161 0.1645035282258064 0.6078944052419355 0.1645035282258064 0.6693233366935484 0.8617481518817204 0.6197076612903225 0.8680485551075269
0 0.6827116935483871 0.8827494959677419 0.7197265625 0.8795992943548386 0.6559349798387096 0.16345346102150532 0.6307333669354839 0.1603032594086021
0 0.6708984375 0.15610299059139782 0.7118510584677419 0.15505292338709672 0.7709173387096774 0.8806493615591396 0.7197265625 0.8806493615591396
0 0.7220892137096774 0.15820312499999994 0.7559538810483871 0.15925319220430104 0.8102948588709677 0.8816994287634409 0.7717048891129032 0.8806493615591396
0 0.813445060483871 0.8869497647849461 0.8874747983870968 0.883799563172043 0.8354964717741935 0.13195144489247307 0.7756426411290323 0.1267011088709677
0 0.8614856350806451 0.12460097446236557 0.9221270161290323 0.12880124327956985 0.9756804435483871 0.8890498991935484 0.9095262096774194 0.8943002352150536
