0 0.12355090725806452 0.15820312499999994 0.15111517137096775 0.15505292338709672 0.16607862903225806 0.7640919018817204 0.13772681451612903 0.7682921706989246
0 0.14796496975806453 0.14140204973118273 0.1708039314516129 0.13720178091397844 0.18734248991935484 0.772492439516129 0.16607862903225806 0.7756426411290321
0 0.18734248991935484 0.7766927083333334 0.21096900201612903 0.77354250672043 0.1936428931451613 0.11830057123655911 0.1700163810483871 0.11725050403225802
0 0.18970514112903228 0.13090137768817198 0.22041960685483872 0.12880124327956985 0.2432585685483871 0.7714423723118279 0.21096900201612903 0.7787928427419355
0 0.2432585685483871 0.7798429099462365 0.2952368951612903 0.77354250672043 0.27318548387096775 0.13615171370967735 0.22199470766129034 0.14140204973118273
0 0.27554813508064513 0.12145077284946232 0.31492565524193544 0.10990003360215049 0.35036542338709675 0.7756426411290321 0.308625252016129 0.7787928427419355
0 0.3566658266129032 0.787193380376344 0.3928931451612903 0.7808929771505375 0.34957787298387094 0.13405157930107522 0.31413810483870963 0.1393019153225806
0 0.36532888104838707 0.19285534274193541 0.42360761088709675 0.1781544018817204 0.47243573588709675 0.7756426411290321 0.4149445564516129 0.7829931115591396
0 0.4881867439516129 0.7850932459677419 0.5110257056451613 0.7798429099462365 0.4637726814516129 0.16345346102150532 0.4314831149193548 0.1739541330645161
0 0.455109627016129 0.18445480510752685 0.49291204637096775 0.17605426747311825 0.5543409778225806 0.786143313172043 0.5110257056451613 0.7934937836021505
0 0.5598538306451613 0.7955939180107526 0.6071068548387096 0.7892935147849461 0.532289566532258 0.0878486223118279 0.4881867439516129 0.09519909274193544
0 0.5535534274193549 0.14245211693548382 0.6031691028225806 0.13195144489247307 0.666960685483871 0.7892935147849461 0.6141948084677419 0.7913936491935484
0 0.666960685483871 0.7966439852150536 0.703188004032258 0.7934937836021505 0.6315209173387096 0.13510164650537632 0.6063193044354839 0.13825184811827954
0 0.6370337701612903 0.10254956317204299 0.7055506552419355 0.09099882392473115 0.7795803931451613 0.7903435819892471 0.7071257560483871 0.7976940524193549
0 0.7992691532258064 0.8071446572580645 0.837859122983871 0.8029443884408601 0.7512285786290323 0.10464969758064512 0.7134261592741935 0.11305023521505374
0 0.7535912298387096 0.1225008400537634 0.7898185483870968 0.11200016801075265 0.9126764112903226 0.799794186827957 0.8662109375 0.8092447916666666
0 0.9244896673387096 0.8176453293010751 0.9741053427419355 0.8113449260752689 0.8488848286290323 0.09624915994623652 0.8110824092741935 0.09624915994623652
0 0.8646358366935484 0.09204889112903224 0.9016507056451613 0.08889868951612899 0.999755859375 0.6272921901784326 0.9874936995967742 0.8176453293010751
