0 0.10858744959677419 0.13300151209677416 0.13693926411290322 0.13300151209677416 0.20309349798387097 0.8134450604838709 0.1834047379032258 0.8165952620967741
0 0.20388104838709678 0.8270959341397849 0.23695816532258066 0.829196068548387 0.17474168346774194 0.13615171370967735 0.13851436491935484 0.13615171370967735
0 0.22278225806451613 0.13615171370967735 0.26530997983870963 0.13825184811827954 0.30232484879032256 0.8270959341397849 0.27239793346774194 0.8302461357526881
0 0.3133505544354839 0.8113449260752689 0.33933971774193544 0.8113449260752689 0.3078377016129032 0.2296076948924731 0.2794858870967742 0.2296076948924731
0 0.308625252016129 0.23065776209677416 0.333039314516129 0.2275075604838709 0.357453377016129 0.8134450604838709 0.33855216733870963 0.8134450604838709
0 0.35981602822580644 0.8365465389784945 0.3826549899193548 0.8354964717741935 0.3629662298387097 0.13090137768817198 0.3322517641129032 0.13090137768817198
0 0.3692666330645161 0.2222572244623655 0.43463331653225806 0.22645749327956985 0.43857106854838707 0.8743489583333334 0.3834425403225806 0.8774991599462365
0 0.4425088205645161 0.855447748655914 0.4921244959677419 0.857547883064516 0.5015751008064516 0.13090137768817198 0.43778351814516125 0.12985131048387094
0 0.5055128528225806 0.1267011088709677 0.5669417842741935 0.13090137768817198 0.5378024193548387 0.8911500336021505 0.4897618447580645 0.8911500336021505
0 0.5433152721774194 0.8932501680107526 0.5992313508064516 0.8932501680107526 0.6433341733870968 0.10254956317204299 0.5724546370967741 0.09834929435483865
0 0.6519972278225806 0.10254956317204299 0.7213016633064516 0.10464969758064512 0.6559349798387096 0.8869497647849461 0.6078944052419355 0.8890498991935484
0 0.6559349798387096 0.8890498991935484 0.6945249495967741 0.8922001008064515 0.7661920362903226 0.20335601478494617 0.7220892137096774 0.19705561155913975
0 0.7843056955645161 0.12355090725806449 0.8354964717741935 0.12355090725806449 0.7417779737903226 0.899550571236559 0.699250252016129 0.8932501680107526
0 0.7433530745967741 0.8764490927419355 0.7717048891129032 0.8785492271505375 0.8654233870967741 0.12985131048387094 0.8323462701612903 0.1256510416666666
0 0.8614856350806451 0.09729922715053761 0.939453125 0.10464969758064512 0.8354964717741935 0.8795992943548386 0.7748550907258064 0.8732988911290321
0 0.8567603326612903 0.9016507056451611 0.8937752016129032 0.9048009072580645 0.999755859375 0.2689169606854838 0.9819808467741935 0.07314768145161286
