0 0.8439198369565217 0.24453691123188406 0.890625 0.2431216032608696 0.7706776494565217 0.9352072010869565 0.7335258152173912 0.9380378170289855
0 0.7961531929347825 0.22472259963768118 0.8428583559782608 0.22472259963768118 0.7229110054347826 0.9465296648550724 0.6878821331521738 0.9493602807971014
0 0.744140625 0.20349298007246377 0.784476902173913 0.20915421195652176 0.6804517663043478 0.9436990489130435 0.6517917798913043 0.945114356884058
0 0.6931895380434783 0.2148154438405797 0.613578464673913 0.9691745923913043 0.6496688179347826 0.9635133605072465 0.7462635869565217 0.21056951992753625
0 0.580672554347826 0.2218919836956522 0.6677139945652174 0.23038383152173914 0.5987177309782609 0.939453125 0.5360903532608695 0.9380378170289855
0 0.5456436820652174 0.255859375 0.580672554347826 0.255859375 0.5382133152173912 0.9422837409420289 0.5084918478260869 0.9479449728260869
0 0.4936311141304348 0.26718183876811596 0.5456436820652174 0.2657665307971015 0.5063688858695652 0.9734205163043478 0.4660326086956521 0.9776664402173912
0 0.42888077445652173 0.3436084692028986 0.4840777853260869 0.34643908514492755 0.4639096467391304 0.9691745923913043 0.42781929347826086 0.9705899003623188
0 0.3482082201086957 0.25444406702898553 0.4235733695652174 0.253028759057971 0.42781929347826086 0.9748358242753623 0.37049932065217395 0.9847429800724637
0 0.2526749320652174 0.255859375 0.3407778532608695 0.2601052989130435 0.3726222826086957 0.9804970561594203 0.3142408288043478 0.9932348278985508
0 0.18792459239130435 0.2770889945652174 0.25373641304347827 0.2799196105072464 0.31211786684782605 0.9889889039855072 0.2622282608695652 0.9946501358695653
0 0.11680536684782614 0.264351222826087 0.1868631114130435 0.27001245471014496 0.25798233695652173 0.9592674365942028 0.21446161684782608 0.9620980525362319
0 0.04037873641304349 0.3917289402173913 0.11255944293478262 0.3931442481884058 0.20596976902173916 0.9847429800724637 0.15289572010869565 0.9960654438405797
