0 0.021169354838709676 0.13825184811827954 0.06290952620967741 0.13510164650537632 0.09204889112903225 0.8543976814516129 0.047946068548387094 0.8648983534946236
0 0.11725050403225805 0.8669984879032256 0.15977822580645162 0.856497815860215 0.1125252016129032 0.14560231854838707 0.06842237903225806 0.14980258736559135
0 0.1125252016129032 0.13615171370967735 0.1574155745967742 0.1393019153225806 0.20939390120967744 0.8617481518817204 0.16292842741935484 0.87119875672043
0 0.20703125 0.8753990255376344 0.255859375 0.8606980846774194 0.20309349798387097 0.13300151209677416 0.1589906754032258 0.13615171370967735
0 0.22593245967741937 0.11935063844086019 0.2582220262096774 0.11830057123655911 0.30074974798387094 0.8617481518817204 0.2684601814516129 0.870148689516129
0 0.308625252016129 0.8774991599462365 0.33933971774193544 0.8722488239247311 0.2983870967741935 0.1014994959677419 0.27239793346774194 0.10464969758064512
0 0.3094128024193548 0.13405157930107522 0.3543031754032258 0.13510164650537632 0.3928931451612903 0.8606980846774194 0.3424899193548387 0.870148689516129
0 0.39998109879032256 0.8869497647849461 0.43463331653225806 0.884849630376344 0.3936806955645161 0.12880124327956985 0.3676915322580645 0.1256510416666666
0 0.4054939516129032 0.1225008400537634 0.4543220766129032 0.12460097446236557 0.4897618447580645 0.8795992943548386 0.4362084173387097 0.8858996975806451
0 0.49291204637096775 0.8879998319892474 0.532289566532258 0.8816994287634409 0.496062247983871 0.12460097446236557 0.4606224798387097 0.12040070564516124
0 0.5165385584677419 0.09729922715053761 0.5826927923387096 0.10779989919354836 0.6134072580645161 0.8827494959677419 0.5362273185483871 0.8858996975806451
0 0.6228578629032258 0.8911500336021505 0.6961000504032258 0.884849630376344 0.6661731350806451 0.10674983198924727 0.601594002016129 0.09729922715053761
0 0.6685357862903225 0.14980258736559135 0.7110635080645161 0.1571530577956989 0.7331149193548387 0.8764490927419355 0.6945249495967741 0.8774991599462365
0 0.7551663306451613 0.8900999663978494 0.8039944556451613 0.8911500336021505 0.7732799899193549 0.13090137768817198 0.7394153225806451 0.12460097446236557
0 0.8079322076612903 0.17605426747311825 0.8614856350806451 0.18235467069892466 0.894562752016129 0.8953503024193549 0.841796875 0.8890498991935484
0 0.894562752016129 0.8953503024193549 0.943390877016129 0.8922001008064515 0.9055884576612903 0.12985131048387094 0.8685735887096774 0.12775117607526879
0 0.9284274193548387 0.18445480510752685 0.967804939516129 0.1855048723118279 0.9953692036290323 0.8943002352150536 0.9583543346774194 0.899550571236559
