0 0.0723601310483871 0.15505292338709672 0.10149949596774192 0.15295278897849457 0.2196320564516129 0.7609417002688171 0.2062436995967742 0.7609417002688171
0 0.10386214717741934 0.1645035282258064 0.14954007056451613 0.16555359543010748 0.25192162298387094 0.77354250672043 0.2188445060483871 0.7745925739247311
0 0.18891759072580647 0.2527091733870967 0.21254410282258066 0.25375924059139776 0.2849987399193548 0.7420404905913979 0.2645224294354839 0.7409904233870966
0 0.28736139112903225 0.7745925739247311 0.32122605846774194 0.7703923051075269 0.24168346774193547 0.16345346102150532 0.19915574596774194 0.16555359543010748
0 0.2590095766129032 0.24535870295698917 0.29051159274193544 0.24535870295698917 0.3440650201612903 0.7535912298387096 0.32122605846774194 0.7546412970430106
0 0.3621786794354839 0.7808929771505375 0.38895539314516125 0.7808929771505375 0.34642767137096775 0.16555359543010748 0.31177545362903225 0.16345346102150532
0 0.3590284778225806 0.2758106518817203 0.41888230846774194 0.2758106518817203 0.4354208669354839 0.8165952620967741 0.3905304939516129 0.8207955309139785
0 0.43857106854838707 0.7955939180107526 0.48267389112903225 0.7955939180107526 0.4897618447580645 0.17185399865591391 0.4251827116935484 0.16870379704301067
0 0.4936995967741935 0.1855048723118279 0.5535534274193549 0.18760500672043 0.5267767137096774 0.8270959341397849 0.4842489919354839 0.828146001344086
0 0.5370148689516129 0.8396967405913979 0.5819052419354839 0.8375966061827956 0.6323084677419355 0.16555359543010748 0.5669417842741935 0.1645035282258064
0 0.650422127016129 0.16765372983870966 0.7181514616935484 0.16975386424731176 0.6307333669354839 0.8323462701612904 0.5882056451612903 0.8386466733870966
0 0.6370337701612903 0.8312962029569891 0.6677482358870968 0.8333963373655914 0.7598916330645161 0.256909442204301 0.7173639112903225 0.25375924059139776
0 0.7858807963709677 0.186554939516129 0.8291960685483871 0.1886550739247311 0.7047631048387096 0.8396967405913979 0.6724735383064516 0.8396967405913979
0 0.7071257560483871 0.8165952620967741 0.7339024697580645 0.8197454637096774 0.8614856350806451 0.18340473790322576 0.8323462701612903 0.18235467069892466
0 0.8654233870967741 0.14980258736559135 0.9465410786290323 0.16240339381720428 0.7874558971774194 0.8207955309139785 0.7323273689516129 0.814495127688172
0 0.8063571068548387 0.841796875 0.8362840221774194 0.842846942204301 0.999755859375 0.2769632115610325 0.98828125 0.14455225134408597
