0 0.016726762820512837 0.23207131410256407 0.04740084134615386 0.23040197649572647 0.04927884615384617 0.9256810897435898 0.016100761217948734 0.9240117521367521
0 0.04677483974358976 0.2337406517094017 0.0812049278846154 0.23207131410256407 0.07932692307692309 0.9215077457264957 0.050530849358974374 0.9256810897435898
0 0.08558693910256412 0.21955128205128202 0.11250500801282053 0.21788194444444442 0.11313100961538464 0.9164997329059829 0.0805789262820513 0.9181690705128204
0 0.11438301282051283 0.21036992521367517 0.14505709134615385 0.20703124999999997 0.15069110576923078 0.9056490384615384 0.11563501602564104 0.9089877136752137
0 0.15569911858974358 0.24041800213675213 0.18950320512820512 0.2362446581196581 0.19075520833333334 0.9215077457264957 0.15569911858974358 0.919838408119658
0 0.19012920673076922 0.9231770833333334 0.22706330128205127 0.9256810897435898 0.22330729166666666 0.21287393162393162 0.18950320512820512 0.21621260683760682
0 0.22268129006410256 0.2078659188034188 0.25773737980769235 0.20536191239316237 0.26524939903846156 0.9256810897435898 0.22643729967948717 0.9240117521367521
0 0.2771434294871795 0.25210336538461536 0.30593950320512825 0.24876469017094016 0.3046875 0.9114917200854701 0.2771434294871795 0.9114917200854701
0 0.30656550480769235 0.920673076923077 0.3366135817307693 0.919838408119658 0.33285757211538464 0.23290598290598288 0.30593950320512825 0.2362446581196581
0 0.335361578525641 0.1903378739316239 0.36415765224358976 0.1886685363247863 0.3679136618589744 0.9306891025641025 0.3366135817307693 0.9306891025641025
0 0.3679136618589744 0.9281850961538461 0.4217497996794872 0.9290197649572649 0.4230018028846154 0.20369257478632477 0.36540965544871795 0.20369257478632477
0 0.4255058092948718 0.19618055555555555 0.4824719551282051 0.1911725427350427 0.47934194711538464 0.9331931089743589 0.4230018028846154 0.9331931089743589
0 0.4812199519230769 0.9265157585470085 0.5344300881410255 0.9290197649572649 0.5331780849358974 0.18282585470085466 0.4893579727564103 0.18282585470085466
0 0.5425681089743589 0.17364449786324784 0.5888922275641025 0.1703058226495726 0.5876402243589743 0.9331931089743589 0.5425681089743589 0.9340277777777777
0 0.5926482371794871 0.9423744658119658 0.6402243589743589 0.9432091346153846 0.6352163461538461 0.15027377136752132 0.5895182291666666 0.15194310897435895
0 0.6352163461538461 0.11187900641025639 0.6665164262820512 0.10937499999999996 0.6740284455128205 0.9615718482905983 0.640850360576923 0.9632411858974358
0 0.6865484775641025 0.9607371794871794 0.7291165865384615 0.9615718482905983 0.7165965544871794 0.10603632478632474 0.6759064503205128 0.10770566239316237
0 0.7241085737179487 0.22455929487179485 0.7679286858974359 0.22622863247863245 0.7710586939102564 0.9448784722222222 0.7341245993589743 0.945713141025641
0 0.7710586939102564 0.9432091346153846 0.8098707932692307 0.9398704594017094 0.804862780448718 0.14526575854700852 0.7673026842948717 0.14443108974358973
0 0.8061147836538461 0.14025774572649571 0.841796875 0.1419270833333333 0.8486828926282051 0.9398704594017094 0.8098707932692307 0.941539797008547
0 0.8518129006410255 0.9390357905982906 0.8981370192307692 0.9407051282051282 0.8918770032051282 0.13524973290598288 0.8468048878205128 0.13524973290598288
0 0.8950070112179487 0.13024172008547008 0.9419571314102564 0.12523370726495722 0.9444611378205128 0.9432091346153846 0.8981370192307692 0.9390357905982906
0 0.9463391426282051 0.9432091346153846 0.9882812499999999 0.9448784722222222 0.982647235576923 0.12773771367521367 0.9444611378205128 0.12940705128205124
