0 0.017231602822580645 0.9436533938172041 0.051883820564516125 0.9489037298387096 0.12512600806451613 0.12775117607526879 0.0983492943548387 0.1256510416666666
0 0.13930191532258066 0.12355090725806449 0.1700163810483871 0.12775117607526879 0.10386214717741934 0.9447034610215054 0.06290952620967741 0.9447034610215054
0 0.12827620967741937 0.940503192204301 0.17710433467741937 0.9352528561827956 0.22672001008064516 0.243258568548387 0.18655493951612903 0.2411584341397849
0 0.23380796370967744 0.17605426747311825 0.2692477318548387 0.18235467069892466 0.2196320564516129 0.9300025201612904 0.17552923387096775 0.9331527217741935
0 0.22041960685483872 0.9321026545698924 0.259797127016129 0.9310525873655914 0.308625252016129 0.18235467069892466 0.27318548387096775 0.17920446908602142
0 0.308625252016129 0.17920446908602142 0.34879032258064513 0.18340473790322576 0.3038999495967742 0.926852318548387 0.25743447580645157 0.9300025201612904
0 0.3031123991935484 0.9279023857526881 0.3472152217741935 0.9300025201612904 0.38816784274193544 0.1781544018817204 0.34957787298387094 0.17500420026881716
0 0.3913180443548387 0.1813046034946236 0.4299080141129032 0.1855048723118279 0.3921055947580645 0.9247521841397849 0.34564012096774194 0.9247521841397849
0 0.3928931451612903 0.9226520497311826 0.44408392137096775 0.926852318548387 0.4755859375 0.18235467069892466 0.43384576612903225 0.1802545362903225
0 0.4779485887096774 0.18445480510752685 0.5070879536290323 0.186554939516129 0.4779485887096774 0.9216019825268816 0.4456590221774193 0.9226520497311826
0 0.4787361391129032 0.926852318548387 0.5149634576612903 0.925802251344086 0.5370148689516129 0.17920446908602142 0.5094506048387096 0.1802545362903225
0 0.5362273185483871 0.18918010752688172 0.5826927923387097 0.19233030913978488 0.5630040322580645 0.9210769489247311 0.5141759072580645 0.9221270161290321
0 0.5803301411290323 0.24378360215053763 0.6252205141129032 0.24798387096774188 0.6102570564516129 0.92002688172043 0.5645791330645161 0.918976814516129
0 0.6307333669354839 0.18182963709677413 0.6582976310483871 0.1839297715053763 0.6512096774193549 0.9168766801075269 0.6149823588709677 0.9179267473118279
0 0.6614478326612904 0.18077956989247304 0.6968876008064516 0.18287970430107522 0.6968876008064516 0.9147765456989246 0.6535723286290323 0.9116263440860215
0 0.7228767641129032 0.18287970430107522 0.7591040826612904 0.18602990591397847 0.7654044858870968 0.9116263440860215 0.7283896169354839 0.9084761424731181
0 0.7598916330645161 0.1839297715053763 0.7882434475806451 0.18813004032258063 0.8142326108870968 0.9105762768817204 0.7732799899193549 0.9084761424731181
0 0.7984816028225806 0.1839297715053763 0.8236832157258065 0.1839297715053763 0.858335433467742 0.9105762768817204 0.8197454637096774 0.9126764112903225
0 0.8299836189516129 0.17762936827956988 0.8591229838709677 0.17867943548387097 0.903225806451613 0.9084761424731181 0.870148689516129 0.9084761424731181
