0 0.002268145161290317 0.2096564180107526 0.04007056451612903 0.21280661962365585 0.11725050403225805 0.9058509744623655 0.08417338709677419 0.9058509744623655
0 0.03770791330645161 0.09099882392473115 0.07078503024193547 0.09204889112903224 0.158203125 0.9289524529569891 0.12827620967741937 0.9363029233870966
0 0.17474168346774194 0.9163516465053764 0.1952179939516129 0.9153015793010751 0.13063886088709678 0.31571320564516125 0.10858744959677419 0.3146631384408602
0 0.14796496975806453 0.19810567876344085 0.2180569556451613 0.19705561155913975 0.26609753024193544 0.8858996975806451 0.2180569556451613 0.8943002352150536
0 0.27791078629032256 0.8816994287634409 0.32122605846774194 0.8858996975806451 0.2716103830645161 0.19705561155913975 0.2164818548387097 0.19600554435483866
0 0.2684601814516129 0.16660366263440857 0.3094128024193548 0.16765372983870966 0.3519405241935484 0.9006006384408601 0.32437626008064513 0.898500504032258
0 0.36060357862903225 0.8869497647849461 0.38974294354838707 0.8890498991935484 0.3590284778225806 0.20440608198924726 0.3235887096774193 0.20440608198924726
0 0.357453377016129 0.17500420026881716 0.39446824596774194 0.172904065860215 0.4157321068548387 0.9027007728494624 0.3873802923387097 0.9027007728494624
0 0.4212449596774193 0.9058509744623655 0.4456590221774193 0.9037508400537634 0.4314831149193548 0.17500420026881716 0.39525579637096775 0.1739541330645161
0 0.4354208669354839 0.17920446908602142 0.4700730846774193 0.17710433467741934 0.4740108366935484 0.9027007728494624 0.44802167338709675 0.9027007728494624
0 0.4700730846774193 0.17605426747311825 0.5133883568548387 0.17500420026881716 0.5133883568548387 0.9058509744623655 0.4763734879032258 0.9037508400537634
0 0.5157510080645161 0.898500504032258 0.5504032258064516 0.9016507056451611 0.569304435483871 0.18340473790322576 0.5220514112903225 0.1855048723118279
0 0.5779674899193549 0.21280661962365585 0.6401839717741935 0.21175655241935476 0.618132560483871 0.899550571236559 0.5685168850806451 0.898500504032258
0 0.6252205141129032 0.8900999663978494 0.6645980342741935 0.8911500336021505 0.6968876008064516 0.1949554771505376 0.6472719254032258 0.19285534274193541
0 0.7118510584677419 0.1886550739247311 0.7465032762096774 0.18970514112903217 0.7071257560483871 0.899550571236559 0.6701108870967741 0.9006006384408601
0 0.7102759576612903 0.9016507056451611 0.7457157258064516 0.9037508400537634 0.8000567036290323 0.17185399865591391 0.7638293850806451 0.17080393145161285
0 0.8268334173387096 0.186554939516129 0.8591229838709677 0.19075520833333326 0.7827305947580645 0.8911500336021505 0.7567414314516129 0.8953503024193549
0 0.8039944556451613 0.9079511088709676 0.8606980846774194 0.9111013104838709 0.9622920866935484 0.1403519825268817 0.8827494959677419 0.13720178091397844
