0 0.045686141304347866 0.23321444746376815 0.0021654211956521896 0.23321444746376815 0.0796535326086957 0.8007529438405797 0.12529721467391305 0.8021682518115942
0 0.042501698369565216 0.22755321557971017 0.093452785326087 0.22613790760869568 0.16457201086956522 0.8049988677536232 0.12635869565217392 0.8049988677536232
0 0.08814538043478262 0.23038383152173914 0.11149796195652176 0.23038383152173914 0.18261718750000003 0.8078294836956522 0.16563349184782608 0.8078294836956522
0 0.10831351902173916 0.1992470561594203 0.14758831521739132 0.19217051630434787 0.21658457880434787 0.8304744112318841 0.17837126358695657 0.8290591032608696
0 0.17518682065217392 0.2728430706521739 0.25373641304347827 0.2742583786231884 0.2951341711956521 0.8205672554347826 0.23038383152173916 0.8106600996376812
0 0.2643512228260869 0.28416553442028986 0.3386548913043478 0.2855808423913044 0.3651919157608695 0.8177366394927535 0.3015030570652174 0.8134907155797101
0 0.33653192934782605 0.2827502264492754 0.37686820652173914 0.2855808423913044 0.39809782608695654 0.8290591032608696 0.3662533967391304 0.8233978713768115
0 0.3726222826086957 0.2218919836956522 0.4299422554347826 0.2204766757246377 0.44692595108695654 0.8545346467391304 0.3991593070652174 0.8502887228260869
0 0.4320652173913043 0.2190613677536232 0.4724014945652174 0.2190613677536232 0.4787703804347826 0.847458106884058 0.44904891304347827 0.8389662590579711
0 0.47134001358695654 0.22472259963768118 0.5095533288043478 0.2218919836956522 0.507430366847826 0.8502887228260869 0.4787703804347826 0.8403815670289855
0 0.5084918478260869 0.2204766757246377 0.540336277173913 0.2218919836956522 0.5329059103260869 0.8403815670289855 0.5116762907608695 0.8375509510869565
0 0.540336277173913 0.1808480525362319 0.5679347826086957 0.18226336050724637 0.5551970108695652 0.8715183423913043 0.5307829483695652 0.8715183423913043
0 0.5668733016304348 0.2190613677536232 0.6178243885869565 0.2190613677536232 0.5944718070652174 0.8800101902173912 0.5551970108695652 0.8771795742753623
0 0.6199473505434783 0.2190613677536232 0.653914741847826 0.2204766757246377 0.6305621603260869 0.8601958786231884 0.5955332880434783 0.8545346467391304
0 0.653914741847826 0.2218919836956522 0.6910665760869565 0.22472259963768118 0.662406589673913 0.8800101902173912 0.629500679347826 0.8785948822463768
0 0.6889436141304347 0.31105638586956524 0.7207880434782609 0.31105638586956524 0.6846976902173912 0.8899173460144927 0.6602836277173912 0.8856714221014492
0 0.7314028532608695 0.1086673460144928 0.7653702445652174 0.1086673460144928 0.7133576766304347 0.9125622735507246 0.6878821331521738 0.9083163496376812
0 0.7536939538043478 0.3181329257246377 0.7781080163043478 0.3209635416666667 0.7420176630434783 0.8969938858695653 0.7207880434782609 0.8955785778985508
0 0.7781080163043478 0.20490828804347827 0.8449813179347825 0.20915421195652176 0.7993376358695652 0.8785948822463768 0.7473250679347826 0.8729336503623188
0 0.841796875 0.2020776721014493 0.9086701766304348 0.20915421195652176 0.8598420516304348 0.8842561141304347 0.8088909646739131 0.8785948822463768
0 0.9118546195652173 0.17094089673913046 0.8640879755434783 0.8969938858695653 0.9065472146739131 0.9040704257246377 0.962805706521739 0.17660212862318844
0 0.9606827445652173 0.2148154438405797 0.9893427309782608 0.2204766757246377 0.9330842391304348 0.8885020380434782 0.9023012907608696 0.8885020380434782
