0 0.9468834918478259 0.2657665307971015 0.9935886548913042 0.26718183876811596 0.9352072010869565 0.945114356884058 0.8980553668478259 0.9408684329710145
0 0.9054857336956521 0.264351222826087 0.9426375679347825 0.264351222826087 0.8948709239130435 0.9267153532608696 0.8609035326086956 0.9182235054347826
0 0.8587805706521738 0.26718183876811596 0.9065472146739131 0.2657665307971015 0.8555961277173914 0.933791893115942 0.816321331521739 0.933791893115942
0 0.8279976222826086 0.23462975543478262 0.8609035326086956 0.23462975543478262 0.8131368885869565 0.9380378170289855 0.7908457880434783 0.933791893115942
0 0.7876613451086956 0.2728430706521739 0.8216287364130435 0.2728430706521739 0.7897843070652174 0.9012398097826088 0.7590013586956521 0.8955785778985508
0 0.7462635869565217 0.2714277626811594 0.784476902173913 0.2728430706521739 0.7568783967391304 0.9083163496376812 0.7292798913043478 0.9054857336956522
0 0.711234714673913 0.2728430706521739 0.7462635869565217 0.2714277626811594 0.7260954483695652 0.9012398097826088 0.6963739809782609 0.8998245018115942
0 0.6528532608695652 0.2728430706521739 0.7101732336956521 0.27567368659420294 0.6931895380434783 0.9111469655797101 0.646484375 0.9097316576086957
0 0.6019021739130435 0.3337013134057971 0.6486073369565217 0.33228600543478265 0.6454228940217391 0.8814254981884058 0.6061480978260869 0.8800101902173912
0 0.5212296195652174 0.3379472373188406 0.59765625 0.33936254528985504 0.6019021739130435 0.8743489583333334 0.5360903532608695 0.8644418025362319
0 0.4394955842391304 0.3280400815217392 0.5201681385869565 0.3266247735507246 0.531844429347826 0.8743489583333334 0.4660326086956521 0.8672724184782609
0 0.38005264945652173 0.2601052989130435 0.42463485054347827 0.25444406702898553 0.45541779891304346 0.8899173460144927 0.41614300271739124 0.8856714221014492
0 0.35245414402173914 0.28699615036231885 0.3832370923913043 0.28699615036231885 0.4140200407608695 0.8630264945652174 0.3959748641304348 0.8630264945652174
0 0.30893342391304346 0.29265738224637683 0.35457710597826086 0.28982676630434784 0.3927904211956521 0.8573652626811593 0.3503311820652174 0.8559499547101449
0 0.255859375 0.2969033061594203 0.30681046195652173 0.2954879981884058 0.35139266304347827 0.8517040307971014 0.3099949048913043 0.8517040307971014
0 0.2325067934782609 0.40163609601449274 0.26647418478260876 0.40163609601449274 0.30893342391304346 0.8389662590579711 0.28239639945652173 0.8403815670289855
0 0.16563349184782608 0.29124207427536236 0.19535495923913046 0.2884114583333333 0.24842900815217392 0.8701030344202899 0.22295346467391305 0.8701030344202899
0 0.10194463315217392 0.26859714673913043 0.14652683423913046 0.264351222826087 0.21340013586956522 0.8899173460144927 0.17200237771739132 0.8814254981884058
0 0.07646908967391305 0.2728430706521739 0.10512907608695657 0.2714277626811594 0.1730638586956522 0.8870867300724637 0.1486497961956522 0.8800101902173912
0 0.04674762228260873 0.2714277626811594 0.0722231657608696 0.2728430706521739 0.14440387228260873 0.8785948822463768 0.11998980978260873 0.8771795742753623
0 0.01702615489130438 0.26859714673913043 0.045686141304347866 0.27001245471014496 0.11892832880434787 0.8870867300724637 0.09557574728260873 0.8870867300724637
0 0.018087635869565244 0.26718183876811596 -3.469446951953614e-18 0.2780344202898551 0.0722231657608696 0.8800101902173912 0.09876019021739132 0.8771795742753623
