0 0.9405146059782608 0.2148154438405797 0.9808508831521738 0.2190613677536232 0.8863790760869565 0.9408684329710145 0.8513502038043479 0.9380378170289855
0 0.8757642663043479 0.19641644021739132 0.9203464673913042 0.19500113224637683 0.8428583559782608 0.945114356884058 0.8046450407608696 0.9493602807971014
0 0.8195057744565217 0.2148154438405797 0.8587805706521738 0.21623075181159424 0.8014605978260869 0.9422837409420289 0.7664317255434783 0.9408684329710145
0 0.7568783967391304 0.21340013586956522 0.8131368885869565 0.2148154438405797 0.7643087635869565 0.9295459692028986 0.7176036005434783 0.9309612771739131
0 0.6793902853260869 0.23179913949275363 0.751570991847826 0.23604506340579712 0.7133576766304347 0.9408684329710145 0.6560377038043478 0.9422837409420289
0 0.6252547554347826 0.20632359601449277 0.6793902853260869 0.20490828804347827 0.6475458559782609 0.9422837409420289 0.605086616847826 0.9422837409420289
0 0.5764266304347826 0.2006623641304348 0.6263162364130435 0.1992470561594203 0.6061480978260869 0.9422837409420289 0.564750339673913 0.9408684329710145
0 0.5435207201086957 0.1992470561594203 0.5785495923913043 0.1978317481884058 0.564750339673913 0.9408684329710145 0.5371518342391304 0.939453125
0 0.5010614809782609 0.1992470561594203 0.5392747961956521 0.1978317481884058 0.5371518342391304 0.9422837409420289 0.5063688858695652 0.945114356884058
0 0.4639096467391304 0.1978317481884058 0.49787703804347827 0.1978317481884058 0.5063688858695652 0.9408684329710145 0.4724014945652174 0.9436990489130435
0 0.4203889266304348 0.23179913949275363 0.4564792798913043 0.23604506340579712 0.4724014945652174 0.9238847373188405 0.44374150815217395 0.9238847373188405
0 0.37049932065217395 0.19500113224637683 0.41295855978260865 0.19641644021739132 0.4384341032608695 0.9380378170289855 0.4087126358695652 0.9408684329710145
0 0.3163637907608695 0.2218919836956522 0.37368376358695654 0.22472259963768118 0.40446671195652173 0.9168081974637681 0.36094599184782605 0.919638813405797
0 0.25161345108695654 0.2218919836956522 0.3131793478260869 0.2204766757246377 0.35245414402173914 0.9168081974637681 0.3015030570652174 0.9267153532608696
0 0.20915421195652176 0.34219316123188404 0.23781419836956522 0.34077785326086957 0.28451936141304346 0.9366225090579711 0.25798233695652173 0.945114356884058
0 0.14971127717391305 0.12282042572463771 0.18261718750000003 0.11715919384057975 0.2505519701086957 0.9620980525362319 0.21658457880434787 0.9649286684782609
0 0.10937500000000003 0.23604506340579712 0.14652683423913046 0.23604506340579712 0.20278532608695657 0.9323765851449276 0.16457201086956522 0.9323765851449276
0 0.08177649456521743 0.23462975543478262 0.11255944293478262 0.23321444746376815 0.16457201086956522 0.9139775815217391 0.14334239130434787 0.9139775815217391
0 0.011718750000000028 0.23887567934782608 0.07116168478260873 0.23887567934782608 0.13378906250000003 0.9408684329710145 0.08071501358695657 0.939453125
0 0.05630095108695657 0.9436990489130435 0.08814538043478262 0.9422837409420289 0.004288383152173947 0.21764605978260873 0.005349864130434812 0.4356034873188406
