0 0.8980553668478259 0.09026834239130438 0.939453125 0.09026834239130438 0.9436990489130435 0.8785948822463768 0.9044242527173914 0.8757642663043478
0 0.9702360733695652 0.0888530344202899 0.9681131114130435 0.8814254981884058 0.999755859375 0.8827864765953716 0.999755859375 0.08460711050724641
0 0.865149456521739 0.09168365036231889 0.8980553668478259 0.09168365036231889 0.9023012907608696 0.8899173460144927 0.8630264945652173 0.8870867300724637
0 0.8120754076086956 0.16811028079710147 0.8693953804347825 0.166694972826087 0.8609035326086956 0.8885020380434782 0.8120754076086956 0.8870867300724637
0 0.7653702445652174 0.11291326992753627 0.8120754076086956 0.11291326992753627 0.8099524456521738 0.8927479619565216 0.7632472826086956 0.8941632699275363
0 0.7250339673913043 0.1058367300724638 0.7611243206521738 0.10017549818840583 0.7621858016304347 0.8941632699275363 0.7239724864130435 0.8941632699275363
0 0.6953125 0.1086673460144928 0.7250339673913043 0.11149796195652178 0.7250339673913043 0.8927479619565216 0.6942510190217391 0.8913326539855072
0 0.6475458559782609 0.1086673460144928 0.6931895380434783 0.11291326992753627 0.6953125 0.8969938858695653 0.6432999320652174 0.9012398097826088
0 0.6008406929347826 0.11291326992753627 0.6432999320652174 0.11574388586956526 0.6411769701086957 0.9026551177536232 0.6008406929347826 0.9026551177536232
0 0.556258491847826 0.11008265398550728 0.6019021739130435 0.11008265398550728 0.5987177309782609 0.9040704257246377 0.5530740489130435 0.9012398097826088
0 0.5106148097826086 0.11432857789855076 0.5551970108695652 0.11432857789855076 0.5530740489130435 0.9026551177536232 0.5095533288043478 0.9040704257246377
0 0.47346297554347827 0.11715919384057975 0.5127377717391304 0.11715919384057975 0.5084918478260869 0.9069010416666666 0.47452445652173914 0.9069010416666666
0 0.43418817934782605 0.11857450181159424 0.47452445652173914 0.12140511775362323 0.4692170516304348 0.9125622735507246 0.43418817934782605 0.9097316576086957
0 0.3874830163043478 0.19500113224637683 0.4331266983695652 0.1992470561594203 0.43100373641304346 0.9153928894927535 0.3927904211956521 0.922469429347826
0 0.33653192934782605 0.07753057065217395 0.3747452445652174 0.07469995471014497 0.37899116847826086 0.9352072010869565 0.3386548913043478 0.939453125
0 0.29407269021739124 0.07894587862318846 0.3322860054347826 0.08036118659420294 0.3259171195652174 0.9408684329710145 0.2951341711956521 0.939453125
0 0.25798233695652173 0.11998980978260874 0.2951341711956521 0.12140511775362323 0.2951341711956521 0.9182235054347826 0.25692085597826086 0.925300045289855
0 0.21658457880434787 0.13838881340579715 0.25479789402173914 0.13980412137681164 0.2590438179347826 0.9097316576086957 0.21021569293478262 0.9139775815217391
0 0.16351052989130435 0.14971127717391308 0.21658457880434787 0.1482959692028986 0.2080927309782609 0.9125622735507246 0.15395720108695657 0.9083163496376812
0 0.10194463315217392 0.15112658514492758 0.16032608695652176 0.15395720108695657 0.15183423913043478 0.9139775815217391 0.09132982336956522 0.9153928894927535
0 0.03507133152173916 0.16527966485507248 0.09982167119565219 0.16527966485507248 0.09026834239130435 0.9182235054347826 0.03931725543478262 0.9210541213768115
0 0.03507133152173916 0.1482959692028986 0.0 0.14959490740740744 0.0011039402173913249 0.9281306612318841 0.03507133152173916 0.9281306612318841
