0 0.0067107371794871955 0.22455929487179485 0.022360777243589765 0.21704727564102563 0.04990484775641027 0.8472222222222222 0.023612780448717965 0.852230235042735
0 0.04927884615384617 0.22539396367521367 0.07118890224358976 0.22455929487179485 0.07056290064102566 0.8472222222222222 0.04927884615384617 0.8488915598290597
0 0.07118890224358976 0.8547342414529914 0.09685496794871797 0.8547342414529914 0.09748096955128206 0.21955128205128202 0.07181490384615387 0.22038595085470084
0 0.09810697115384617 0.21704727564102563 0.12439903846153848 0.2187166132478632 0.11688701923076923 0.8564035790598291 0.09560296474358976 0.8538995726495725
0 0.12314703525641028 0.2437566773504273 0.1381710737179487 0.2437566773504273 0.13128505608974358 0.8572382478632479 0.11813902243589745 0.8589075854700855
0 0.1369190705128205 0.3288928952991453 0.15069110576923078 0.3305622329059829 0.14818709935897437 0.8614115918803419 0.1331630608974359 0.8597422542735043
0 0.14881310096153846 0.8597422542735043 0.16759314903846154 0.8597422542735043 0.17072315705128205 0.2370793269230769 0.14943910256410256 0.2395833333333333
0 0.17134915865384615 0.26629273504273504 0.19889322916666666 0.2612847222222222 0.19701522435897437 0.8614115918803419 0.16634114583333334 0.860576923076923
0 0.19638922275641024 0.8664196047008547 0.22142928685897437 0.8672542735042734 0.22518529647435898 0.2562767094017094 0.19826722756410256 0.2604500534188034
0 0.22393329326923075 0.23457532051282048 0.24897335737179485 0.23040197649572647 0.24897335737179485 0.8622462606837606 0.22142928685897437 0.8630809294871794
0 0.2508513621794872 0.8705929487179486 0.28215144230769235 0.8714276175213675 0.28402944711538464 0.22622863247863245 0.2527293669871795 0.22288995726495722
0 0.28277744391025644 0.22539396367521367 0.31282552083333337 0.22205528846153844 0.310947516025641 0.868923611111111 0.2802734375 0.8697582799145298
0 0.3121995192307693 0.8714276175213675 0.3441256009615385 0.8697582799145298 0.3453776041666667 0.211204594017094 0.31720753205128205 0.211204594017094
0 0.3453776041666667 0.20369257478632477 0.3729216746794872 0.19951923076923075 0.3785556891025641 0.8664196047008547 0.3453776041666667 0.864750267094017
0 0.38105969551282054 0.8756009615384616 0.4179937900641026 0.8764356303418803 0.4173677884615385 0.22622863247863245 0.3835637019230769 0.23040197649572647
0 0.41548978365384615 0.20369257478632477 0.451171875 0.20202323717948714 0.4499198717948718 0.8839476495726495 0.41548978365384615 0.8822783119658119
0 0.451171875 0.8831129807692307 0.4912359775641026 0.8847823183760682 0.48622796474358976 0.19618055555555555 0.45304987980769235 0.20118856837606836
0 0.49624399038461536 0.2387486645299145 0.5269180689102564 0.23540998931623927 0.5231620592948718 0.8730969551282052 0.493739983974359 0.8747662927350427
0 0.5250400641025641 0.8806089743589743 0.5569661458333333 0.8822783119658119 0.5588441506410255 0.22372462606837604 0.5281700721153846 0.22539396367521367
0 0.5588441506410255 0.18199118589743588 0.5907702323717948 0.1794871794871795 0.5888922275641025 0.894798344017094 0.5544621394230769 0.890625
0 0.5926482371794871 0.8939636752136751 0.6439803685897435 0.8973023504273504 0.6508663862179487 0.19451121794871792 0.5951522435897435 0.19618055555555555
0 0.6521183894230769 0.1886685363247863 0.7090845352564102 0.1844951923076923 0.6978165064102564 0.8989716880341879 0.6446063701923076 0.8964676816239315
0 0.7065805288461537 0.9006410256410255 0.7535306490384615 0.9056490384615384 0.7610426682692307 0.17364449786324784 0.7165965544871794 0.17531383547008547
0 0.7729366987179487 0.1611244658119658 0.8186348157051282 0.15778579059829057 0.8111227964743589 0.9106570512820512 0.7635466746794871 0.9098223824786325
0 0.8186348157051282 0.9164997329059829 0.8730969551282051 0.9215077457264957 0.8749749599358974 0.13691907051282048 0.8267728365384615 0.1410924145299145
0 0.8781049679487178 0.10019364316239314 0.9137870592948717 0.09768963675213671 0.9125350560897435 0.9407051282051282 0.872470953525641 0.9340277777777777
0 0.9206730769230769 0.9423744658119658 0.9751352163461537 0.9473824786324786 0.9657451923076923 0.09184695512820511 0.9250550881410255 0.0926816239316239
