0 0.9436990489130435 0.2204766757246377 0.999755859375 0.22188690995009572 0.9341457201086956 0.9507755887681159 0.8725798233695652 0.939453125
0 0.8874405570652173 0.19500113224637683 0.9436990489130435 0.19500113224637683 0.8736413043478259 0.945114356884058 0.8205672554347825 0.9366225090579711
0 0.8343665081521738 0.18792459239130435 0.8853175951086956 0.18792459239130435 0.8184442934782608 0.9408684329710145 0.7802309782608695 0.9323765851449276
0 0.7972146739130435 0.19358582427536233 0.8354279891304348 0.19358582427536233 0.7781080163043478 0.9267153532608696 0.7526324728260869 0.9267153532608696
0 0.7590013586956521 0.19358582427536233 0.7961531929347825 0.19217051630434787 0.7526324728260869 0.9295459692028986 0.7197265625 0.9281306612318841
0 0.7165421195652174 0.19217051630434787 0.760062839673913 0.18933990036231885 0.7176036005434783 0.9352072010869565 0.686820652173913 0.9295459692028986
0 0.6708984375 0.22472259963768118 0.7080502717391304 0.22755321557971017 0.6846976902173912 0.9069010416666666 0.6570991847826086 0.9069010416666666
0 0.6263162364130435 0.1794327445652174 0.6698369565217391 0.1836786684782609 0.653914741847826 0.9309612771739131 0.6188858695652174 0.925300045289855
0 0.564750339673913 0.21056951992753625 0.6231317934782609 0.2077389039855073 0.6157014266304348 0.9069010416666666 0.5626273777173912 0.9054857336956522
0 0.49787703804347827 0.21198482789855075 0.5615658967391304 0.21198482789855075 0.5626273777173912 0.9012398097826088 0.5095533288043478 0.9040704257246377
0 0.4660326086956521 0.3266247735507246 0.4872622282608695 0.3266247735507246 0.5010614809782609 0.925300045289855 0.47452445652173914 0.9267153532608696
0 0.4235733695652174 0.1086673460144928 0.4564792798913043 0.10725203804347831 0.46815557065217395 0.9366225090579711 0.4363111413043478 0.9366225090579711
0 0.3683763586956521 0.23179913949275363 0.40022078804347827 0.23038383152173914 0.41614300271739124 0.9026551177536232 0.38854449728260865 0.9026551177536232
0 0.33334748641304346 0.23038383152173914 0.3651919157608695 0.22755321557971017 0.3832370923913043 0.8856714221014492 0.353515625 0.8800101902173912
0 0.27815047554347827 0.22896852355072464 0.3291015625 0.22896852355072464 0.34926970108695654 0.9069010416666666 0.31211786684782605 0.9012398097826088
0 0.24206012228260873 0.1850939764492754 0.27284307065217395 0.18933990036231885 0.30893342391304346 0.9040704257246377 0.2866423233695652 0.8969938858695653
0 0.19217051630434787 0.22896852355072464 0.2356912364130435 0.22755321557971017 0.2675356657608696 0.8757642663043478 0.2431216032608696 0.8715183423913043
0 0.14652683423913046 0.23462975543478262 0.18474014945652176 0.23179913949275363 0.23887567934782608 0.8757642663043478 0.20172384510869565 0.8701030344202899
0 0.07646908967391305 0.22755321557971017 0.1348505434782609 0.22613790760869568 0.19853940217391305 0.8885020380434782 0.15501868206521743 0.8885020380434782
0 0.06691576086956522 0.3011492300724638 0.004288383152173947 0.2940726902173913 0.06054687500000003 0.847458106884058 0.12954313858695657 0.8545346467391304
