0 0.02423878205128207 0.2746394230769231 0.07431891025641027 0.27714342948717946 0.11438301282051283 0.8096621260683761 0.07118890224358976 0.8196781517094016
0 0.07494491185897438 0.22205528846153844 0.12878104967948717 0.22205528846153844 0.1569511217948718 0.8171741452991452 0.11626101762820513 0.818008814102564
0 0.17385316506410256 0.7988114316239315 0.21454326923076922 0.8013154380341879 0.19826722756410256 0.3581063034188034 0.1544471153846154 0.3539329594017094
0 0.20264923878205127 0.29884481837606836 0.25022536057692313 0.3030181623931623 0.2546073717948718 0.79296875 0.21767327724358973 0.7938034188034188
0 0.2514773637820513 0.8255208333333334 0.28841145833333337 0.8263555021367521 0.2783954326923077 0.22539396367521367 0.24834735576923075 0.22205528846153844
0 0.2959234775641026 0.2854901175213675 0.3297275641025641 0.2854901175213675 0.3278495592948718 0.8021501068376068 0.2959234775641026 0.8013154380341879
0 0.3259715544871795 0.8246861645299145 0.3685396634615385 0.8280248397435898 0.3779296875 0.2395833333333333 0.3297275641025641 0.2370793269230769
0 0.384189703525641 0.2370793269230769 0.41361177884615385 0.24041800213675213 0.3923277243589744 0.8288595085470085 0.3697916666666667 0.8263555021367521
0 0.41173377403846156 0.24292200854700852 0.4436598557692308 0.24542601495726493 0.4186197916666667 0.8388755341880342 0.39107572115384615 0.8355368589743589
0 0.4505458733974359 0.24709535256410253 0.47871594551282054 0.24876469017094016 0.4492938701923077 0.8405448717948718 0.4217497996794872 0.8405448717948718
0 0.481845953525641 0.23123664529914525 0.5181540464743589 0.2337406517094017 0.4812199519230769 0.8355368589743589 0.45242387820512825 0.8338675213675213
0 0.5225360576923076 0.27297008547008544 0.5569661458333333 0.27714342948717946 0.5143980368589743 0.818008814102564 0.4899839743589744 0.8196781517094016
0 0.5150240384615384 0.8213474893162392 0.548828125 0.822182158119658 0.5926482371794871 0.28048210470085466 0.5588441506410255 0.2746394230769231
0 0.5982822516025641 0.2671274038461538 0.6427283653846153 0.27630876068376065 0.585762219551282 0.8196781517094016 0.5482021233974359 0.8171741452991452
0 0.646484375 0.27046607905982906 0.6809144631410255 0.27297008547008544 0.6201923076923076 0.8305288461538461 0.5895182291666666 0.8271901709401709
0 0.6978165064102564 0.2120392628205128 0.7297425881410255 0.21704727564102563 0.6533703926282051 0.848056891025641 0.6245743189102564 0.843883547008547
0 0.7328725961538461 0.2095352564102564 0.7622946714743589 0.21621260683760682 0.6802884615384615 0.8497262286324786 0.6552483974358974 0.8472222222222222
0 0.6815404647435896 0.8497262286324786 0.7053285256410255 0.8530649038461537 0.7967247596153846 0.21036992521367517 0.7647986778846153 0.2095352564102564
0 0.8017327724358974 0.2145432692307692 0.8311548477564102 0.22038595085470084 0.7347506009615384 0.852230235042735 0.707832532051282 0.8488915598290597
0 0.7372546073717948 0.8505608974358974 0.7604166666666666 0.8555689102564102 0.8649589342948717 0.22122061965811965 0.8330328525641025 0.21287393162393162
0 0.8699669471153846 0.22205528846153844 0.896885016025641 0.22622863247863245 0.7892127403846153 0.8589075854700855 0.7641726762820512 0.8547342414529914
0 0.7892127403846153 0.8547342414529914 0.805488782051282 0.8580729166666666 0.9125350560897435 0.25460737179487175 0.8937550080128205 0.24959935897435895
0 0.9150390625 0.25210336538461536 0.9331931089743589 0.25544204059829057 0.8223908253205128 0.8572382478632479 0.8079927884615384 0.8580729166666666
0 0.9256810897435896 0.3530982905982906 0.9425831330128205 0.35643696581196577 0.8468048878205128 0.8530649038461537 0.8324068509615384 0.8488915598290597
0 0.8580729166666666 0.8630809294871794 0.8887469951923076 0.868923611111111 0.9970452724358974 0.32305021367521364 0.9607371794871794 0.3155381944444444
