0 0.0023287259615384776 0.2362446581196581 0.02298677884615386 0.23791399572649571 0.07870092147435899 0.8630809294871794 0.04865284455128207 0.8630809294871794
0 0.06931089743589745 0.25126869658119655 0.12189503205128206 0.2529380341880342 0.16321113782051283 0.8639155982905983 0.12189503205128206 0.8589075854700855
0 0.1375450721153846 0.25043402777777773 0.16383713942307693 0.25043402777777773 0.18512119391025642 0.8639155982905983 0.16446314102564102 0.860576923076923
0 0.16321113782051283 0.253772702991453 0.19325921474358973 0.2571113782051282 0.21203926282051283 0.8739316239316239 0.1819911858974359 0.8722622863247863
0 0.21454326923076922 0.8730969551282052 0.24396534455128202 0.8705929487179486 0.23019330929487178 0.257946047008547 0.20014523237179488 0.25460737179487175
0 0.23833133012820512 0.24208733974358973 0.2690054086538462 0.24208733974358973 0.2727614182692308 0.8697582799145298 0.24584334935897437 0.8722622863247863
0 0.28841145833333337 0.852230235042735 0.3197115384615385 0.8564035790598291 0.3234675480769231 0.2813167735042735 0.28966346153846156 0.2821514423076923
0 0.3247195512820513 0.2821514423076923 0.36165364583333337 0.28382077991452986 0.3522636217948718 0.8564035790598291 0.3209635416666667 0.8538995726495725
0 0.3528896233974359 0.8564035790598291 0.3929537259615385 0.8614115918803419 0.40735176282051283 0.28048210470085466 0.36603565705128205 0.27380475427350426
0 0.4167417868589744 0.27714342948717946 0.4568058894230769 0.2821514423076923 0.4261318108974359 0.860576923076923 0.39107572115384615 0.8564035790598291
0 0.42926181891025644 0.8814436431623931 0.457431891025641 0.8864516559829059 0.4912359775641026 0.21036992521367517 0.46056189903846156 0.20536191239316237
0 0.49499198717948717 0.2095352564102564 0.5256660657051282 0.2120392628205128 0.48059395032051283 0.8856169871794871 0.4568058894230769 0.8847823183760682
0 0.48434995993589747 0.8872863247863246 0.5131460336538461 0.8881209935897436 0.5638521634615384 0.20619658119658116 0.5313000801282051 0.20619658119658116
0 0.5682341746794871 0.2087005876068376 0.6001602564102564 0.211204594017094 0.5425681089743589 0.8864516559829059 0.5137720352564102 0.8864516559829059
0 0.5438201121794871 0.8889556623931624 0.5707381810897435 0.8939636752136751 0.6377203525641025 0.21287393162393162 0.6082982772435896 0.2078659188034188
0 0.6446063701923076 0.21621260683760682 0.6715244391025641 0.215377938034188 0.5989082532051282 0.8922943376068376 0.5738681891025641 0.8872863247863246
0 0.5989082532051282 0.8922943376068376 0.6145582932692307 0.8939636752136751 0.6909304887820512 0.2437566773504273 0.6702724358974359 0.2395833333333333
0 0.6934344951923076 0.24542601495726493 0.714092548076923 0.24626068376068375 0.6327123397435896 0.8939636752136751 0.616436298076923 0.8922943376068376
0 0.6327123397435896 0.8814436431623931 0.6496143830128205 0.8864516559829059 0.7159705528846153 0.35977564102564097 0.701572516025641 0.3572716346153846
0 0.7153445512820512 0.3530982905982906 0.7347506009615384 0.35977564102564097 0.6640124198717948 0.8889556623931624 0.6483623798076923 0.8872863247863246
0 0.6690204326923076 0.8998063568376068 0.701572516025641 0.9064837072649573 0.7842047275641025 0.31637286324786323 0.744140625 0.3096955128205128
0 0.7835787259615384 0.3147035256410256 0.8173828125 0.3180422008547008 0.7297425881410255 0.8931290064102564 0.7021985176282051 0.890625
0 0.7309945913461537 0.8747662927350427 0.7635466746794871 0.8839476495726495 0.8612029246794871 0.2971754807692308 0.8205128205128205 0.28882879273504275
0 0.8637069310897435 0.2788127670940171 0.8981370192307692 0.2846554487179487 0.7979767628205128 0.878104967948718 0.7691806891025641 0.8739316239316239
0 0.804862780448718 0.9006410256410255 0.8367888621794871 0.9106570512820512 0.9538511618589743 0.26963141025641024 0.9175430689102564 0.2629540598290598
0 0.9532251602564102 0.28048210470085466 0.9857772435897435 0.2896634615384615 0.8680889423076923 0.8964676816239315 0.8411708733974358 0.8914596688034188
