0 0.019230769230769246 0.20369257478632477 0.05804286858974361 0.20369257478632477 0.048026842948717965 0.9874465811965812 0.01297075320512822 0.9874465811965812
0 0.06555488782051283 0.20452724358974358 0.09560296474358976 0.20619658119658116 0.08558693910256412 0.9799345619658119 0.056164863782051294 0.9841079059829059
0 0.09435096153846155 0.1953458867521367 0.1369190705128205 0.20202323717948714 0.12377303685897438 0.9982972756410255 0.0812049278846154 0.9991319444444443
0 0.14568309294871795 0.20619658119658116 0.17698317307692307 0.2095352564102564 0.16446314102564102 0.9857772435897436 0.1337890625 0.9866119123931624
0 0.17510516826923075 0.19284188034188032 0.2107872596153846 0.1953458867521367 0.20077123397435898 0.9941239316239315 0.16070713141025642 0.9974626068376068
0 0.2032752403846154 0.9974626068376068 0.24020933493589744 0.9949586004273504 0.2552333733974359 0.20202323717948714 0.21767327724358973 0.20202323717948714
0 0.26086738782051283 0.1953458867521367 0.2971754807692308 0.19784989316239313 0.28215144230769235 0.9916199252136751 0.24521734775641027 0.9941239316239315
0 0.28841145833333337 0.9857772435897436 0.3247195512820513 0.9857772435897436 0.33974358974358976 0.2095352564102564 0.30593950320512825 0.2095352564102564
0 0.36290564903846156 0.1836605235042735 0.43113982371794873 0.1844951923076923 0.40672576121794873 0.9982972756410255 0.3460036057692308 0.9957932692307692
0 0.41110777243589747 0.9991319444444443 0.4580578926282051 0.9991319444444443 0.4749599358974359 0.2679620726495726 0.43176582532051283 0.26629273504273504
0 0.47996794871794873 0.17280982905982903 0.5106420272435898 0.17447916666666663 0.49249440535595074 0.9996744791666666 0.4586838942307693 0.9991319444444443
0 0.493739983974359 0.9982972756410255 0.5400641025641025 0.9991319444444443 0.5644781650641025 0.15277777777777776 0.5169020432692307 0.15027377136752132
0 0.5682341746794871 0.1895032051282051 0.609550280448718 0.1895032051282051 0.5857952585247507 0.9996744791666666 0.5413161057692307 0.9996744791666666
0 0.5882662259615384 0.9991319444444443 0.6333383413461539 0.9991319444444443 0.6608824118589743 0.17447916666666663 0.6183143028846153 0.16947115384615383
0 0.665264423076923 0.15027377136752132 0.714092548076923 0.15277777777777776 0.6815516895999115 0.9996744791666666 0.633964342948718 0.9996744791666666
0 0.682792467948718 0.9982972756410255 0.7266125801282051 0.9991319444444443 0.7535306490384615 0.18282585470085466 0.7184745592948717 0.18199118589743588
0 0.762920673076923 0.15361244658119655 0.8198868189102564 0.16279380341880342 0.7867087339743589 0.9991319444444443 0.7253605769230769 0.9991319444444443
0 0.8111227964743589 0.33890892094017094 0.8737229567307692 0.3355702457264957 0.8619083683081444 0.9996744791666666 0.787334735576923 0.9996744791666666
0 0.8612029246794871 0.9949586004273504 0.9413311298076923 0.9991319444444443 0.9613631810897435 0.3222155448717949 0.8743489583333333 0.317207532051282
