0 0.0067107371794871955 0.1703058226495726 0.07056290064102566 0.17364449786324784 0.07860864721216285 0.9996744791666666 0.013596754807692324 0.9991319444444443
0 0.0805789262820513 0.2562767094017094 0.1300330528846154 0.2571113782051282 0.1300330528846154 0.9996744791666666 0.08558693910256412 0.9996744791666666
0 0.1300330528846154 0.1594551282051282 0.16508914262820512 0.16279380341880342 0.16508914262820512 0.9996744791666665 0.16508914262818705 0.9996744791666666 0.1294070512820513 0.9991319444444443
0 0.16696714743589744 0.13775373931623927 0.21266526442307693 0.1394230769230769 0.21641999896245243 0.9996744791666666 0.16571514423076922 0.9996744791666666
0 0.22330729166666666 0.17364449786324784 0.26587540064102566 0.17531383547008547 0.26151260489565564 0.9996744791666666 0.21454326923076922 0.9991319444444443
0 0.26837940705128205 0.15528178418803418 0.31595552884615385 0.15862045940170935 0.30659661913066844 0.9996744791666666 0.26024138621794873 0.9996744791666666
0 0.3184595352564103 0.13191105769230768 0.36478365384615385 0.1344150641025641 0.35978696809987415 0.9996744791666666 0.30719150641025644 0.9996744791666666
0 0.3741736778846154 0.1652978098290598 0.4092297676282051 0.168636485042735 0.39741111352015523 0.9996744791666666 0.3610276442307693 0.9996744791666666
0 0.41361177884615385 0.1360844017094017 0.4762119391025641 0.1419270833333333 0.46620905401995966 0.9996744791666669 0.40547375801282054 0.9996744791666666
0 0.4762119391025641 0.32388488247863245 0.5507061298076923 0.3222155448717949 0.555088141025641 0.9849425747863246 0.4768379407051282 0.9916199252136751
0 0.5563401442307692 0.9732572115384616 0.6333383413461539 0.9765958867521367 0.6352163461538461 0.29634081196581197 0.555088141025641 0.29634081196581197
0 0.6608824118589743 0.11187900641025639 0.7103365384615384 0.11354834401709397 0.7084591525819842 0.9996744791666665 0.659004407051282 0.9982972756410255
0 0.7053285256410255 0.20285790598290596 0.7723106971153846 0.2078659188034188 0.7735627003205128 0.9974626068376068 0.7122145432692307 0.9991319444444443
0 0.7735627003205128 0.9807692307692307 0.8355368589743589 0.9832732371794871 0.8349108573717948 0.2120392628205128 0.7704326923076923 0.2095352564102564
0 0.8355368589743589 0.2362446581196581 0.8887469951923076 0.23457532051282048 0.8893729967948717 0.9699185363247863 0.8386668669871794 0.975761217948718
0 0.8881209935897435 0.9690838675213674 0.9356971153846153 0.9657451923076922 0.9325671073717948 0.21955128205128202 0.8918770032051282 0.21955128205128202
