0 0.022360777243589765 0.257946047008547 0.05366085737179489 0.25878071581196577 0.043644831730769246 0.9231770833333334 0.013596754807692324 0.920673076923077
0 0.040514823717948734 0.9390357905982906 0.08433493589743592 0.9348624465811964 0.09935897435897438 0.18282585470085466 0.052408854166666685 0.1844951923076923
0 0.10123697916666669 0.1410924145299145 0.17760917467948717 0.14526575854700852 0.1550731169871795 0.9482171474358974 0.08496093750000001 0.9448784722222222
0 0.2082832532051282 0.2362446581196581 0.23394931891025642 0.2362446581196581 0.2082832532051282 0.9540598290598291 0.1813651842948718 0.9523904914529914
0 0.21391726762820512 0.9507211538461537 0.24521734775641027 0.9532251602564102 0.2752654246794872 0.18532986111111108 0.24083533653846154 0.1844951923076923
0 0.2746394230769231 0.18783386752136752 0.31407752403846156 0.18783386752136752 0.2859074519230769 0.958233173076923 0.24834735576923075 0.9565638354700855
0 0.28903745993589747 0.9590678418803419 0.3291015625 0.9657451923076922 0.35727163461538464 0.18199118589743588 0.3203375400641026 0.18032184829059827
0 0.3679136618589744 0.21788194444444442 0.40547375801282054 0.2145432692307692 0.38168569711538464 0.949886485042735 0.3422475961538462 0.9482171474358974
0 0.3935797275641026 0.9565638354700855 0.4255058092948718 0.962406517094017 0.43677383814102566 0.2078659188034188 0.4079777644230769 0.20703124999999997
0 0.4424078525641026 0.21287393162393162 0.4743339342948718 0.211204594017094 0.46431790865384615 0.9674145299145298 0.43113982371794873 0.9632411858974358
0 0.4661959134615385 0.9640758547008547 0.5012520032051282 0.962406517094017 0.5093900240384615 0.2095352564102564 0.47934194711538464 0.20619658119658116
0 0.5162760416666666 0.20452724358974358 0.555088141025641 0.20619658119658116 0.5406901041666666 0.9790998931623931 0.5018780048076923 0.9765958867521367
0 0.5456981169871794 0.9690838675213674 0.5788762019230769 0.9707532051282052 0.5870142227564102 0.2137086004273504 0.555088141025641 0.211204594017094
0 0.5939002403846153 0.20285790598290596 0.6289563301282051 0.20035389957264957 0.616436298076923 0.9824385683760682 0.5782502003205128 0.9790998931623931
0 0.6183143028846153 0.9816038995726495 0.6602564102564102 0.9857772435897436 0.6721504407051282 0.2078659188034188 0.634590344551282 0.20619658119658116
0 0.6746544471153846 0.20035389957264957 0.707206530448718 0.20369257478632477 0.6946864983974359 0.9841079059829059 0.659004407051282 0.9849425747863246
0 0.6940604967948717 0.9765958867521367 0.7303685897435896 0.9807692307692307 0.7453926282051282 0.215377938034188 0.7090845352564102 0.2145432692307692
0 0.7435146233974359 0.3080261752136752 0.7685546875 0.3063568376068376 0.7572866586538461 0.966579861111111 0.732246594551282 0.9649105235042734
0 0.7892127403846153 0.1844951923076923 0.8561949118589743 0.1844951923076923 0.836162860576923 0.9991319444444443 0.7741887019230769 0.9991319444444443
0 0.8505608974358974 0.2654580662393162 0.9012670272435896 0.26629273504273504 0.8825157894676937 0.9996744791666666 0.836162860576923 0.9996744791666666
0 0.8843649839743589 0.9982972756410255 0.9184507712339768 0.9996744791666666 0.9425831330128205 0.17698317307692304 0.9081530448717948 0.17698317307692304
0 0.9507211538461537 0.15110844017094016 0.999755859375 0.15192568526308758 0.9757612179487178 0.9982972756410255 0.927559094551282 0.9991319444444443
