0 0.059294871794871806 0.2821514423076923 0.09435096153846155 0.2821514423076923 0.0824569310897436 0.9089877136752137 0.04990484775641027 0.9048143696581197
0 0.08871694711538464 0.9048143696581197 0.12126903044871797 0.9048143696581197 0.1337890625 0.2846554487179487 0.10061097756410257 0.2846554487179487
0 0.14630909455128205 0.2604500534188034 0.17760917467948717 0.2596153846153846 0.16321113782051283 0.9023103632478632 0.1331630608974359 0.9023103632478632
0 0.1619591346153846 0.915665064102564 0.20703125 0.9173344017094016 0.21955128205128205 0.1903378739316239 0.17760917467948717 0.18532986111111108
0 0.22455929487179488 0.14776976495726493 0.29091546474358976 0.14776976495726493 0.2708834134615385 0.9298544337606837 0.20515324519230768 0.9281850961538461
0 0.286533453525641 0.9064837072649573 0.3015574919871795 0.9139957264957265 0.3265975560897436 0.24125267094017092 0.30781750801282054 0.24125267094017092
0 0.3259715544871795 0.23457532051282048 0.3522636217948718 0.2362446581196581 0.3272235576923077 0.9306891025641025 0.3003054887820513 0.9315237713675213
0 0.3284755608974359 0.93235844017094 0.36227964743589747 0.9348624465811964 0.3929537259615385 0.1861645299145299 0.35789763621794873 0.18199118589743588
0 0.3917017227564103 0.1886685363247863 0.42800981570512825 0.18783386752136752 0.3998397435897436 0.9407051282051282 0.36165364583333337 0.9365317841880341
0 0.40484775641025644 0.941539797008547 0.4455378605769231 0.945713141025641 0.4724559294871795 0.18115651709401706 0.43614783653846156 0.18282585470085466
0 0.47996794871794873 0.2137086004273504 0.518780048076923 0.215377938034188 0.49499198717948717 0.9348624465811964 0.45617988782051283 0.9298544337606837
0 0.5043820112179487 0.941539797008547 0.5388120993589743 0.9473824786324786 0.5519581330128205 0.20452724358974358 0.5212840544871794 0.20619658119658116
0 0.5563401442307692 0.211204594017094 0.5870142227564102 0.21036992521367517 0.5769981971153846 0.9507211538461537 0.543194110576923 0.9490518162393161
0 0.5782502003205128 0.9473824786324786 0.6120542868589743 0.9507211538461537 0.6245743189102564 0.2137086004273504 0.5907702323717948 0.211204594017094
0 0.6352163461538461 0.20285790598290596 0.6683944310897435 0.20619658119658116 0.6546223958333333 0.966579861111111 0.6170622996794871 0.962406517094017
0 0.6565004006410255 0.9532251602564102 0.6878004807692307 0.9557291666666666 0.7021985176282051 0.21287393162393162 0.6708984375 0.211204594017094
0 0.7084585336538461 0.20035389957264957 0.7416366185897435 0.19784989316239313 0.7297425881410255 0.9674145299145298 0.6915564903846153 0.9649105235042734
0 0.7328725961538461 0.9732572115384616 0.7723106971153846 0.975761217948718 0.7848307291666666 0.19868456196581194 0.750400641025641 0.19951923076923075
0 0.787334735576923 0.1953458867521367 0.8242688301282051 0.1953458867521367 0.8098707932692307 0.9732572115384616 0.7735627003205128 0.9724225427350427
0 0.8098707932692307 0.9640758547008547 0.8443008814102564 0.9699185363247863 0.8593249198717948 0.2120392628205128 0.8248948317307692 0.2137086004273504
0 0.8561949118589743 0.30051415598290593 0.8831129807692307 0.30134882478632474 0.8668369391025641 0.9573985042735043 0.8436748798076923 0.9573985042735043
0 0.8918770032051282 0.9957932692307692 0.9563551682692307 0.9982972756410255 0.9720052083333333 0.17531383547008547 0.9043970352564102 0.17197516025641024
