0 0.11468240489130435 0.2969033061594203 0.1454653532608696 0.2969033061594203 0.09557574728260873 0.8120754076086957 0.06266983695652176 0.8078294836956522
0 0.1560801630434783 0.30256453804347827 0.191109035326087 0.2997339221014493 0.15077275815217392 0.8106600996376812 0.10512907608695657 0.8078294836956522
0 0.18792459239130435 0.3181329257246377 0.22083050271739132 0.3167176177536232 0.17624830163043478 0.8149060235507246 0.14758831521739132 0.8149060235507246
0 0.21976902173913046 0.3153023097826087 0.24949048913043478 0.3153023097826087 0.20915421195652176 0.8163213315217391 0.17837126358695657 0.8149060235507246
0 0.2505519701086957 0.28982676630434784 0.2739045516304348 0.29124207427536236 0.2356912364130435 0.8149060235507246 0.2112771739130435 0.8134907155797101
0 0.26965862771739135 0.30539515398550726 0.2983186141304348 0.30397984601449274 0.2590438179347826 0.8163213315217391 0.23356827445652176 0.8177366394927535
0 0.2993800951086957 0.2827502264492754 0.32804008152173914 0.2855808423913044 0.29088824728260865 0.8205672554347826 0.25798233695652173 0.8177366394927535
0 0.3206097146739131 0.3096410778985507 0.3450237771739131 0.3068104619565218 0.3110563858695652 0.8149060235507246 0.29088824728260865 0.8163213315217391
0 0.34926970108695654 0.28416553442028986 0.3630689538043478 0.28133491847826086 0.3291015625 0.8149060235507246 0.3163637907608695 0.8149060235507246
0 0.3598845108695652 0.2827502264492754 0.3779296875 0.2827502264492754 0.3482082201086957 0.8233978713768115 0.33122452445652173 0.8233978713768115
0 0.3726222826086957 0.2785043025362319 0.3927904211956521 0.2785043025362319 0.36413043478260865 0.824813179347826 0.3482082201086957 0.824813179347826
0 0.3906674592391304 0.2799196105072464 0.41295855978260865 0.2785043025362319 0.3874830163043478 0.8262284873188405 0.3651919157608695 0.8262284873188405
0 0.4140200407608695 0.2770889945652174 0.4448029891304348 0.27567368659420294 0.4214504076086957 0.8290591032608696 0.3874830163043478 0.8262284873188405
0 0.44374150815217395 0.2785043025362319 0.4692170516304348 0.2785043025362319 0.4543563179347826 0.8233978713768115 0.4203889266304348 0.824813179347826
0 0.46709408967391297 0.2940726902173913 0.4968155570652174 0.29265738224637683 0.4840777853260869 0.8262284873188405 0.4564792798913043 0.824813179347826
0 0.49787703804347827 0.264351222826087 0.5180451766304348 0.2657665307971015 0.507430366847826 0.8333050271739131 0.48620074728260865 0.8333050271739131
0 0.5201681385869565 0.2657665307971015 0.5413977581521738 0.2657665307971015 0.5339673913043478 0.8318897192028986 0.507430366847826 0.8318897192028986
0 0.5435207201086957 0.3266247735507246 0.580672554347826 0.3237941576086956 0.5796110733695652 0.8375509510869565 0.5360903532608695 0.836135643115942
0 0.5838569972826086 0.3124716938405797 0.6188858695652174 0.3138870018115942 0.6199473505434783 0.8347203351449276 0.5774881114130435 0.8333050271739131
0 0.6210088315217391 0.26718183876811596 0.6507302989130435 0.26718183876811596 0.6475458559782609 0.8389662590579711 0.6178243885869565 0.8389662590579711
0 0.6486073369565217 0.3351166213768116 0.6687754755434783 0.3351166213768116 0.6708984375 0.836135643115942 0.6475458559782609 0.8347203351449276
0 0.6645295516304347 0.25444406702898553 0.7080502717391304 0.25161345108695654 0.7165421195652174 0.8432121829710145 0.6751443614130435 0.8403815670289855
0 0.7038043478260869 0.3365319293478261 0.727156929347826 0.33936254528985504 0.7367102581521738 0.8389662590579711 0.7165421195652174 0.8347203351449276
0 0.727156929347826 0.2601052989130435 0.7536939538043478 0.2572746829710145 0.7706776494565217 0.8432121829710145 0.7388332201086956 0.8389662590579711
0 0.7558169157608695 0.26293591485507245 0.8003991168478259 0.2601052989130435 0.8195057744565217 0.8446274909420289 0.7717391304347826 0.8446274909420289
0 0.7993376358695652 0.29124207427536236 0.9129161005434783 0.2884114583333333 0.9341457201086956 0.8446274909420289 0.8226902173913042 0.841796875
0 0.9097316576086956 0.30397984601449274 0.9521908967391304 0.2997339221014493 0.9904042119565217 0.8531193387681159 0.939453125 0.8545346467391304
