0 0.9670516304347825 0.08177649456521742 0.999755859375 0.08177649456521742 0.999755859375 0.922469429347826 0.9638671875 0.9210541213768115
0 0.9086701766304348 0.12989696557971017 0.9638671875 0.1256510416666667 0.9596212635869565 0.9054857336956522 0.9065472146739131 0.8955785778985508
0 0.8555961277173914 0.1468806612318841 0.9012398097826086 0.14405004528985513 0.9044242527173914 0.8941632699275363 0.8481657608695652 0.8870867300724637
0 0.7950917119565217 0.16244904891304351 0.8449813179347825 0.16103374094202902 0.841796875 0.8842561141304347 0.7876613451086956 0.8785948822463768
0 0.7335258152173912 0.17377151268115942 0.7940302309782608 0.16952558876811596 0.7887228260869565 0.8828408061594203 0.7250339673913043 0.8814254981884058
0 0.6762058423913043 0.1836786684782609 0.7314028532608695 0.1836786684782609 0.7207880434782609 0.8701030344202899 0.6751443614130435 0.8729336503623188
0 0.6411769701086957 0.16952558876811596 0.6751443614130435 0.16952558876811596 0.6740828804347826 0.8686877264492754 0.6401154891304347 0.8686877264492754
0 0.6072095788043478 0.21623075181159424 0.6475458559782609 0.21340013586956522 0.6401154891304347 0.8601958786231884 0.6072095788043478 0.8601958786231884
0 0.5785495923913043 0.23038383152173914 0.6061480978260869 0.2218919836956522 0.6061480978260869 0.8531193387681159 0.5774881114130435 0.8502887228260869
0 0.5350288722826086 0.18792459239130435 0.5679347826086957 0.1850939764492754 0.5732421875 0.8573652626811593 0.5350288722826086 0.8601958786231884
0 0.49893851902173914 0.19217051630434787 0.531844429347826 0.18792459239130435 0.5329059103260869 0.8601958786231884 0.5 0.8573652626811593
0 0.4639096467391304 0.21764605978260873 0.5 0.21198482789855075 0.49893851902173914 0.8502887228260869 0.46178668478260865 0.8517040307971014
0 0.42569633152173914 0.19358582427536233 0.4543563179347826 0.19075520833333334 0.4596637228260869 0.8403815670289855 0.42888077445652173 0.8432121829710145
0 0.3959748641304348 0.20490828804347827 0.42569633152173914 0.1992470561594203 0.42781929347826086 0.8460427989130435 0.39491338315217395 0.8432121829710145
0 0.3662533967391304 0.21340013586956522 0.3970363451086957 0.2148154438405797 0.3938519021739131 0.8460427989130435 0.3683763586956521 0.8460427989130435
0 0.33334748641304346 0.2148154438405797 0.3651919157608695 0.21340013586956522 0.3662533967391304 0.8502887228260869 0.3344089673913043 0.847458106884058
0 0.30574898097826086 0.22472259963768118 0.3322860054347826 0.2190613677536232 0.3375934103260869 0.8389662590579711 0.30681046195652173 0.8403815670289855
0 0.28239639945652173 0.25161345108695654 0.30574898097826086 0.24878283514492758 0.30574898097826086 0.8375509510869565 0.28451936141304346 0.8375509510869565
0 0.25373641304347827 0.25161345108695654 0.2834578804347826 0.25444406702898553 0.28133491847826086 0.8375509510869565 0.25692085597826086 0.8375509510869565
0 0.2325067934782609 0.22896852355072464 0.25161345108695654 0.22896852355072464 0.25479789402173914 0.8375509510869565 0.2356912364130435 0.8375509510869565
0 0.22083050271739132 0.3153023097826087 0.24099864130434787 0.31954823369565216 0.23462975543478262 0.836135643115942 0.21976902173913046 0.836135643115942
0 0.2112771739130435 0.23179913949275363 0.2293223505434783 0.23179913949275363 0.21764605978260873 0.836135643115942 0.20596976902173916 0.836135643115942
0 0.18580163043478262 0.21056951992753625 0.21446161684782608 0.21056951992753625 0.2049082880434783 0.8304744112318841 0.17943274456521743 0.8304744112318841
0 0.1560801630434783 0.2204766757246377 0.1836786684782609 0.2148154438405797 0.17943274456521743 0.827643795289855 0.16032608695652176 0.827643795289855
0 0.13697350543478262 0.2218919836956522 0.1560801630434783 0.2204766757246377 0.15820312500000003 0.824813179347826 0.1316661005434783 0.827643795289855
0 0.11574388586956522 0.21623075181159424 0.13378906250000003 0.8233978713768115 0.11149796195652176 0.824813179347826 0.09451426630434787 0.21764605978260873
0 0.07753057065217392 0.2714277626811594 0.10088315217391305 0.26859714673913043 0.1072520380434783 0.8290591032608696 0.07859205163043478 0.824813179347826
0 0.04037873641304349 0.3605921648550725 0.07434612771739132 0.3591768568840579 0.07753057065217392 0.8191519474637681 0.042501698369565216 0.827643795289855
