0 0.01234475160256412 0.2120392628205128 0.043644831730769246 0.215377938034188 0.07557091346153848 0.9356971153846153 0.04552283653846156 0.937366452991453
0 0.07682291666666669 0.9331931089743589 0.1049929887820513 0.9340277777777777 0.0812049278846154 0.2145432692307692 0.05178285256410258 0.21036992521367517
0 0.08746494391025643 0.211204594017094 0.12064302884615387 0.2087005876068376 0.1350410657051282 0.9365317841880341 0.1056189903846154 0.9348624465811964
0 0.1381710737179487 0.9315237713675213 0.16759314903846154 0.9331931089743589 0.1575771233974359 0.21788194444444442 0.12752904647435898 0.21287393162393162
0 0.16634114583333334 0.2137086004273504 0.19951923076923075 0.22038595085470084 0.19889322916666666 0.9331931089743589 0.17134915865384615 0.9331931089743589
0 0.20077123397435898 0.9356971153846153 0.22894130608974358 0.9356971153846153 0.2358273237179487 0.2187166132478632 0.2057792467948718 0.21704727564102563
0 0.23895733173076922 0.24709535256410253 0.25773737980769235 0.24959935897435895 0.24772135416666666 0.9340277777777777 0.2326973157051282 0.937366452991453
0 0.24709535256410256 0.9356971153846153 0.2633713942307693 0.9365317841880341 0.2796474358974359 0.253772702991453 0.2614933894230769 0.25043402777777773
0 0.28277744391025644 0.3631143162393162 0.3009314903846154 0.3672876602564102 0.2871594551282052 0.920673076923077 0.2696314102564103 0.9223424145299145
0 0.28465544871794873 0.9256810897435898 0.3034354967948718 0.9273504273504273 0.3190855368589744 0.3647836538461538 0.3009314903846154 0.3631143162393162
0 0.3178335336538462 0.3147035256410256 0.35727163461538464 0.3188768696581196 0.33786558493589747 0.9398704594017094 0.3009314903846154 0.941539797008547
0 0.33974358974358976 0.919838408119658 0.3741736778846154 0.9248464209401709 0.4029697516025641 0.317207532051282 0.36478365384615385 0.31386885683760685
0 0.41110777243589747 0.29634081196581197 0.451171875 0.3038528311965812 0.41361177884615385 0.9114917200854701 0.37918169070512825 0.9073183760683761
0 0.4173677884615385 0.9064837072649573 0.444911858974359 0.9098223824786325 0.48810596955128205 0.2854901175213675 0.457431891025641 0.2813167735042735
0 0.4899839743589744 0.262119391025641 0.5313000801282051 0.26963141025641024 0.47746394230769235 0.937366452991453 0.4430338541666667 0.93235844017094
0 0.5294220753205128 0.28048210470085466 0.5682341746794871 0.28382077991452986 0.5137720352564102 0.9181690705128204 0.47871594551282054 0.9139957264957265
0 0.5150240384615384 0.9248464209401709 0.5563401442307692 0.9340277777777777 0.6295823317307692 0.2596153846153846 0.5757461939102564 0.25043402777777773
0 0.6302083333333333 0.2629540598290598 0.6890524839743589 0.26879674145299143 0.6032902644230769 0.9290197649572649 0.5600961538461539 0.920673076923077
0 0.6082982772435896 0.9164997329059829 0.659004407051282 0.9290197649572649 0.7472706330128205 0.2713007478632478 0.6921824919871794 0.2571113782051282
0 0.79296875 0.07682291666666664 0.872470953525641 0.0910122863247863 0.732246594551282 0.9657451923076922 0.677158453525641 0.9607371794871794
0 0.7391326121794871 0.9340277777777777 0.7842047275641025 0.9440438034188033 0.9018930288461537 0.253772702991453 0.848056891025641 0.24292200854700852
0 0.9050230368589743 0.24208733974358973 0.9525991586538461 0.25126869658119655 0.8286508413461537 0.9273504273504273 0.7885867387820512 0.9190037393162392
