0 0.060546875000000014 0.08767361111111109 0.08433493589743592 0.08433493589743586 0.10061097756410257 0.8981370192307692 0.07619691506410257 0.9006410256410255
0 0.09998497596153848 0.10520165598290594 0.14630909455128205 0.10436698717948716 0.1575771233974359 0.8814436431623931 0.11250500801282053 0.8864516559829059
0 0.1619591346153846 0.8847823183760682 0.21266526442307693 0.8831129807692307 0.20077123397435898 0.10937499999999996 0.15319511217948717 0.10937499999999996
0 0.2101612580128205 0.10687099358974357 0.2508513621794872 0.10687099358974357 0.26462339743589747 0.8797743055555555 0.21516927083333334 0.8814436431623931
0 0.26650140224358976 0.8764356303418803 0.31470352564102566 0.8772702991452991 0.30906951121794873 0.2846554487179487 0.2614933894230769 0.28715945512820507
0 0.31470352564102566 0.2854901175213675 0.3478816105769231 0.28632478632478625 0.35601963141025644 0.8789396367521367 0.3209635416666667 0.8764356303418803
0 0.36290564903846156 0.8772702991452991 0.3979617387820513 0.8814436431623931 0.3929537259615385 0.28882879273504275 0.35789763621794873 0.2896634615384615
0 0.3967097355769231 0.2904981303418803 0.43113982371794873 0.28799412393162394 0.43990384615384615 0.8789396367521367 0.4029697516025641 0.8806089743589743
0 0.4417818509615385 0.8739316239316239 0.4755859375 0.8739316239316239 0.4699519230769231 0.28799412393162394 0.4336438301282051 0.2896634615384615
0 0.4724559294871795 0.10687099358974357 0.5043820112179487 0.10854033119658117 0.5106420272435898 0.8714276175213675 0.47871594551282054 0.8772702991452991
0 0.5106420272435898 0.14276175213675213 0.5644781650641025 0.14359642094017092 0.5719901842948718 0.8655849358974358 0.5150240384615384 0.8747662927350427
0 0.5763721955128205 0.878104967948718 0.6158102964743589 0.8772702991452991 0.6126802884615384 0.1410924145299145 0.5726161858974359 0.1385884081196581
0 0.6214443108974359 0.10269764957264955 0.6596304086538461 0.10520165598290594 0.6577524038461539 0.878104967948718 0.6158102964743589 0.8814436431623931
0 0.659004407051282 0.878104967948718 0.6990685096153846 0.8772702991452991 0.7059545272435896 0.10186298076923073 0.6658904246794871 0.10019364316239314
0 0.7084585336538461 0.11020966880341876 0.7516526442307692 0.11271367521367519 0.7466446314102564 0.8730969551282052 0.6971905048076923 0.8756009615384616
0 0.744140625 0.8747662927350427 0.7842047275641025 0.8730969551282052 0.79296875 0.11354834401709397 0.7510266426282051 0.10937499999999996
0 0.7954727564102564 0.12272970085470085 0.8317808493589743 0.12272970085470085 0.8242688301282051 0.868923611111111 0.7860827323717948 0.8672542735042734
0 0.823642828525641 0.8664196047008547 0.8580729166666666 0.8722622863247863 0.8712189503205128 0.20452724358974358 0.8311548477564102 0.20285790598290596
0 0.9137870592948717 0.09017761752136748 0.9726312099358974 0.08600427350427346 0.9500951522435896 0.8730969551282052 0.8993890224358974 0.868923611111111
