0 0.03613281250000003 0.2148154438405797 0.08708389945652176 0.21198482789855075 0.13909646739130435 0.8644418025362319 0.09876019021739132 0.8630264945652174
0 0.08814538043478262 0.20632359601449277 0.14758831521739132 0.20490828804347827 0.18898607336956522 0.8715183423913043 0.13591202445652176 0.8686877264492754
0 0.14334239130434787 0.11432857789855076 0.191109035326087 0.8743489583333334 0.23887567934782608 0.8743489583333334 0.19960088315217392 0.11574388586956526
0 0.19960088315217392 0.12282042572463771 0.255859375 0.12423573369565222 0.2834578804347826 0.8771795742753623 0.239937160326087 0.8743489583333334
0 0.255859375 0.12282042572463771 0.30893342391304346 0.12423573369565222 0.3344089673913043 0.8729336503623188 0.28451936141304346 0.8785948822463768
0 0.3099949048913043 0.11857450181159424 0.3630689538043478 0.12140511775362323 0.38005264945652173 0.8814254981884058 0.33122452445652173 0.8771795742753623
0 0.3662533967391304 0.13272758152173916 0.42888077445652173 0.13838881340579715 0.44374150815217395 0.8842561141304347 0.38217561141304346 0.8771795742753623
0 0.43418817934782605 0.13555819746376815 0.4448029891304348 0.8842561141304347 0.5021229619565217 0.8856714221014492 0.4968155570652174 0.13697350543478265
0 0.49575407608695654 0.21623075181159424 0.540336277173913 0.21340013586956522 0.5689962635869565 0.8856714221014492 0.5297214673913043 0.8856714221014492
0 0.5339673913043478 0.11574388586956526 0.5594429347826086 0.11574388586956526 0.5923488451086957 0.8955785778985508 0.5689962635869565 0.8969938858695653
0 0.5583814538043478 0.12140511775362323 0.6093325407608695 0.11857450181159424 0.6369310461956521 0.9012398097826088 0.5965947690217391 0.8941632699275363
0 0.6072095788043478 0.10442142210144932 0.6326851222826086 0.1058367300724638 0.662406589673913 0.8998245018115942 0.6358695652173912 0.8984091938405797
0 0.6348080842391304 0.11291326992753627 0.6581606657608695 0.11432857789855076 0.6846976902173912 0.9012398097826088 0.6602836277173912 0.9026551177536232
0 0.6581606657608695 0.11715919384057975 0.678328804347826 0.11715919384057975 0.7101732336956521 0.9040704257246377 0.6815132472826086 0.9026551177536232
0 0.6804517663043478 0.11715919384057975 0.7207880434782609 0.11432857789855076 0.7536939538043478 0.8998245018115942 0.7101732336956521 0.8984091938405797
0 0.7207880434782609 0.12706634963768118 0.7558169157608695 0.12282042572463771 0.7897843070652174 0.9054857336956522 0.7505095108695652 0.9040704257246377
0 0.7579398777173912 0.12706634963768118 0.7940302309782608 0.12140511775362323 0.8248131793478259 0.9054857336956522 0.7876613451086956 0.9054857336956522
0 0.7950917119565217 0.13414288949275366 0.8354279891304348 0.13131227355072467 0.8662109375 0.9026551177536232 0.8248131793478259 0.9040704257246377
0 0.8375509510869565 0.12989696557971017 0.9001783288043479 0.11432857789855076 0.9235309103260869 0.919638813405797 0.8693953804347825 0.9153928894927535
0 0.9023012907608696 0.12423573369565222 0.9734205163043479 0.11715919384057975 0.98828125 0.9125622735507246 0.9235309103260869 0.9125622735507246
