0 0.059294871794871806 0.12356436965811964 0.09998497596153848 0.12189503205128205 0.07056290064102566 0.9674145299145298 0.029246794871794886 0.966579861111111
0 0.10186298076923078 0.11772168803418799 0.1538211137820513 0.1160523504273504 0.12690304487179488 0.966579861111111 0.07181490384615387 0.9657451923076922
0 0.1325370592948718 0.9674145299145298 0.1832431891025641 0.9715878739316239 0.2076572516025641 0.12272970085470085 0.1619591346153846 0.12022569444444442
0 0.20703125 0.12272970085470085 0.26775340544871795 0.12356436965811964 0.24271334134615383 0.9749265491452991 0.1782351762820513 0.9715878739316239
0 0.24396534455128202 0.9790998931623931 0.3021834935897436 0.9790998931623931 0.33097956730769235 0.11772168803418799 0.2733874198717949 0.11939102564102562
0 0.3291015625 0.11187900641025639 0.3785556891025641 0.10937499999999996 0.3491336137820513 0.9874465811965812 0.3009314903846154 0.9857772435897436
0 0.3503856169871795 0.98828125 0.40359575320512825 0.992454594017094 0.43176582532051283 0.10770566239316237 0.38731971153846156 0.11271367521367519
0 0.43927784455128205 0.11187900641025639 0.48560196314102566 0.11104433760683759 0.4486678685897436 0.9832732371794871 0.40547375801282054 0.9832732371794871
0 0.45555388621794873 0.9824385683760682 0.49624399038461536 0.98828125 0.5356820913461539 0.10603632478632474 0.4931139823717949 0.10770566239316237
0 0.5438201121794871 0.11354834401709397 0.5888922275641025 0.11354834401709397 0.5469501201923076 0.9857772435897436 0.49749599358974356 0.9824385683760682
0 0.5882662259615384 0.1844951923076923 0.6189403044871794 0.18532986111111108 0.5757461939102564 0.9891159188034188 0.548828125 0.9866119123931624
0 0.5782502003205128 0.9715878739316239 0.6089242788461539 0.9782652243589743 0.6502403846153846 0.1895032051282051 0.6195663060897435 0.1903378739316239
0 0.6496143830128205 0.18199118589743588 0.6852964743589743 0.18282585470085466 0.6439803685897435 0.9907852564102564 0.6151842948717948 0.9874465811965812
0 0.6502403846153846 0.992454594017094 0.6871744791666666 0.9966279380341879 0.7203525641025641 0.30886084401709396 0.6784104567307692 0.3038528311965812
0 0.738506610576923 0.09602029914529912 0.7779447115384615 0.09602029914529912 0.7336357013302315 0.9996744791666666 0.6915564903846153 0.9996744791666666
0 0.750400641025641 0.9966279380341879 0.8198868189102564 0.9982972756410255 0.8680889423076923 0.09602029914529912 0.7942207532051282 0.09602029914529912
0 0.8693409455128205 0.09184695512820511 0.9306891025641025 0.08934294871794868 0.8881209935897435 0.9966279380341879 0.8280248397435896 0.9982972756410255
