0 0.0023287259615384776 0.2120392628205128 0.040514823717948734 0.21036992521367517 0.04927884615384617 0.8321981837606837 0.011718750000000016 0.8321981837606837
0 0.04865284455128207 0.8405448717948718 0.07870092147435899 0.8430488782051282 0.07494491185897438 0.21036992521367517 0.042392828525641045 0.211204594017094
0 0.07369290865384617 0.168636485042735 0.10937500000000001 0.168636485042735 0.11125300480769232 0.8488915598290597 0.07870092147435899 0.8447182158119658
0 0.11313100961538464 0.852230235042735 0.14317908653846154 0.8538995726495725 0.14192708333333334 0.16696714743589744 0.10874899839743592 0.16947115384615383
0 0.14568309294871795 0.17364449786324784 0.1838691907051282 0.17280982905982903 0.1832431891025641 0.852230235042735 0.14568309294871795 0.8505608974358974
0 0.1832431891025641 0.8513955662393161 0.21955128205128205 0.8547342414529914 0.22142928685897437 0.168636485042735 0.1857471955128205 0.16947115384615383
0 0.22581129807692307 0.17197516025641024 0.2552333733974359 0.1703058226495726 0.2508513621794872 0.8555689102564102 0.22080328525641024 0.8538995726495725
0 0.2539813701923077 0.8580729166666666 0.28340344551282054 0.8614115918803419 0.2859074519230769 0.24459134615384615 0.2527293669871795 0.24709535256410253
0 0.3278495592948718 0.12606837606837606 0.3672876602564103 0.12439903846153844 0.353515625 0.8697582799145298 0.31345152243589747 0.8664196047008547
0 0.35476762820512825 0.8705929487179486 0.3967097355769231 0.8739316239316239 0.41235977564102566 0.11020966880341876 0.3773036858974359 0.11354834401709397
0 0.41235977564102566 0.15611645299145296 0.45242387820512825 0.15444711538461534 0.43489583333333337 0.8797743055555555 0.3942057291666667 0.8730969551282052
0 0.43677383814102566 0.8797743055555555 0.4762119391025641 0.8847823183760682 0.49624399038461536 0.1344150641025641 0.457431891025641 0.1385884081196581
0 0.49812199519230765 0.12523370726495722 0.5344300881410255 0.12606837606837606 0.5143980368589743 0.8856169871794871 0.4755859375 0.8864516559829059
0 0.5350560897435896 0.12272970085470085 0.5882662259615384 0.12189503205128205 0.567608173076923 0.8973023504273504 0.5150240384615384 0.8922943376068376
0 0.5682341746794871 0.8931290064102564 0.6114282852564102 0.8931290064102564 0.6358423477564102 0.12272970085470085 0.5957782451923076 0.12272970085470085
0 0.6389723557692307 0.11772168803418799 0.6965645032051282 0.1160523504273504 0.6740284455128205 0.9014756944444443 0.6158102964743589 0.8998063568376068
0 0.6759064503205128 0.9048143696581197 0.732246594551282 0.9089877136752137 0.7604166666666666 0.10770566239316237 0.7053285256410255 0.10854033119658117
0 0.7679286858974359 0.10520165598290594 0.8148788060897435 0.09768963675213671 0.7823267227564102 0.9223424145299145 0.7334985977564102 0.9173344017094016
0 0.7848307291666666 0.919838408119658 0.8305288461538461 0.9256810897435898 0.8699669471153846 0.09435096153846152 0.8205128205128205 0.09518563034188032
0 0.8737229567307692 0.09184695512820511 0.9206730769230769 0.08934294871794868 0.8762269631410255 0.9231770833333334 0.8311548477564102 0.919838408119658
0 0.8781049679487178 0.9190037393162392 0.9194210737179487 0.9281850961538461 0.976387219551282 0.08850827991452988 0.9256810897435896 0.08433493589743586
