0 0.9511294157608696 0.15112658514492758 0.999755859375 0.15479650541769213 0.9458220108695652 0.9210541213768115 0.8842561141304348 0.9054857336956522
0 0.8969938858695652 0.14405004528985513 0.9458220108695652 0.15112658514492758 0.8810716711956521 0.9040704257246377 0.8354279891304348 0.8941632699275363
0 0.8428583559782608 0.1454653532608696 0.8991168478260869 0.1454653532608696 0.8354279891304348 0.8984091938405797 0.7823539402173912 0.8913326539855072
0 0.7982761548913042 0.1468806612318841 0.841796875 0.15112658514492758 0.7823539402173912 0.8870867300724637 0.7462635869565217 0.8814254981884058
0 0.7568783967391304 0.1482959692028986 0.7972146739130435 0.15537250905797104 0.7430791440217391 0.8814254981884058 0.7006199048913043 0.8743489583333334
0 0.7122961956521738 0.16244904891304351 0.7547554347826086 0.16527966485507248 0.6974354619565217 0.8757642663043478 0.6581606657608695 0.8658571105072465
0 0.6719599184782609 0.11715919384057975 0.7176036005434783 0.12140511775362323 0.6496688179347826 0.8658571105072465 0.6146399456521738 0.8587805706521738
0 0.6210088315217391 0.1256510416666667 0.6708984375 0.13838881340579715 0.6125169836956521 0.861611186594203 0.5743036684782609 0.847458106884058
0 0.5817340353260869 0.25444406702898553 0.6125169836956521 0.258689990942029 0.5732421875 0.8304744112318841 0.5445822010869565 0.824813179347826
0 0.5360903532608695 0.2431216032608696 0.580672554347826 0.24736752717391305 0.5382133152173912 0.8460427989130435 0.49893851902173914 0.8375509510869565
0 0.5095533288043478 0.16811028079710147 0.5424592391304348 0.16952558876811596 0.5 0.8304744112318841 0.47134001358695654 0.8262284873188405
0 0.4692170516304348 0.15678781702898553 0.5106148097826086 0.15678781702898553 0.4724014945652174 0.827643795289855 0.4299422554347826 0.8233978713768115
0 0.4299422554347826 0.15678781702898553 0.46815557065217395 0.16103374094202902 0.43100373641304346 0.8290591032608696 0.3927904211956521 0.821982563405797
0 0.3927904211956521 0.14971127717391308 0.42781929347826086 0.15112658514492758 0.3927904211956521 0.821982563405797 0.3588230298913043 0.8149060235507246
0 0.3567000679347826 0.15112658514492758 0.3927904211956521 0.15395720108695657 0.3598845108695652 0.8092447916666666 0.32485563858695654 0.8049988677536232
0 0.3195482336956521 0.18226336050724637 0.353515625 0.18792459239130435 0.3237941576086957 0.8064141757246377 0.2930112092391304 0.7979223278985508
0 0.27921195652173914 0.1850939764492754 0.3163637907608695 0.1850939764492754 0.2930112092391304 0.7950917119565218 0.2505519701086957 0.7894304800724637
0 0.2505519701086957 0.15678781702898553 0.27921195652173914 0.15820312500000003 0.2526749320652174 0.7851845561594203 0.22826086956521743 0.7809386322463768
0 0.21446161684782608 0.2997339221014493 0.24524456521739132 0.30256453804347827 0.22507642663043478 0.7809386322463768 0.19535495923913046 0.7766927083333334
0 0.18792459239130435 0.30256453804347827 0.215523097826087 0.30256453804347827 0.19535495923913046 0.7795233242753623 0.16775645380434787 0.7752774003623188
0 0.15714164402173916 0.2997339221014493 0.18580163043478262 0.2997339221014493 0.166694972826087 0.7724467844202899 0.13909646739130435 0.7696161684782609
0 0.12742017663043478 0.30256453804347827 0.15714164402173916 0.30256453804347827 0.13909646739130435 0.7696161684782609 0.11149796195652176 0.763954936594203
0 0.09982167119565219 0.2983186141304348 0.12635869565217392 0.2983186141304348 0.11149796195652176 0.7568783967391304 0.07859205163043478 0.7512171648550724
0 0.06160835597826089 0.15678781702898553 0.09239130434782614 0.15678781702898553 0.07434612771739132 0.7568783967391304 0.03825577445652176 0.749801856884058
0 0.02445652173913046 0.16103374094202902 0.06054687500000003 0.16103374094202902 0.03931725543478262 0.7540477807971014 0.004288383152173947 0.7469712409420289
