0 0.07306690705128206 0.2370793269230769 0.12502504006410256 0.23457532051282048 0.16696714743589744 0.8797743055555555 0.12064302884615387 0.8864516559829059
0 0.16759314903846154 0.8956330128205128 0.22205528846153846 0.8922943376068376 0.19012920673076922 0.23040197649572647 0.12565104166666666 0.23290598290598288
0 0.18512119391025642 0.15027377136752132 0.24208733974358973 0.14693509615384615 0.2690054086538462 0.8998063568376068 0.22205528846153846 0.8981370192307692
0 0.2715094150641026 0.9014756944444443 0.31658153044871795 0.9014756944444443 0.29154146634615385 0.15444711538461534 0.24333934294871792 0.15277777777777776
0 0.2996794871794872 0.15194310897435895 0.3491336137820513 0.15277777777777776 0.36415765224358976 0.8939636752136751 0.3203375400641026 0.8964676816239315
0 0.36603565705128205 0.8973023504273504 0.408603766025641 0.8989716880341879 0.40422175480769235 0.15444711538461534 0.3510116185897436 0.15778579059829057
0 0.40672576121794873 0.17531383547008547 0.46243990384615385 0.17280982905982903 0.469325921474359 0.8939636752136751 0.41361177884615385 0.8964676816239315
0 0.4743339342948718 0.8973023504273504 0.5287960737179487 0.8989716880341879 0.5381860977564102 0.17614850427350426 0.4762119391025641 0.17531383547008547
0 0.5375600961538461 0.2529380341880342 0.5757461939102564 0.24876469017094016 0.5982822516025641 0.9073183760683761 0.5532101362179487 0.9039797008547007
0 0.5995342548076923 0.9073183760683761 0.6183143028846153 0.9073183760683761 0.6001602564102564 0.16195913461538458 0.5776241987179487 0.1636284722222222
0 0.6014122596153846 0.1611244658119658 0.6483623798076923 0.1611244658119658 0.6621344150641025 0.9073183760683761 0.6208183092948717 0.9123263888888888
0 0.6646384214743589 0.9173344017094016 0.6884264823717948 0.915665064102564 0.6734024439102564 0.15528178418803418 0.6483623798076923 0.15361244658119655
0 0.6727764423076923 0.15611645299145296 0.6953125 0.15110844017094016 0.707206530448718 0.915665064102564 0.6878004807692307 0.9164997329059829
0 0.7084585336538461 0.9181690705128204 0.7328725961538461 0.9164997329059829 0.7153445512820512 0.15778579059829057 0.6959385016025641 0.15695112179487178
0 0.7159705528846153 0.164463141025641 0.7522786458333333 0.16195913461538458 0.7716846955128205 0.9131610576923076 0.7353766025641025 0.9131610576923076
0 0.7766927083333333 0.9173344017094016 0.8079927884615384 0.915665064102564 0.7898387419871794 0.16780181623931623 0.7547826522435896 0.17114049145299146
0 0.7898387419871794 0.168636485042735 0.8211388221153846 0.16780181623931623 0.841796875 0.9114917200854701 0.8092447916666666 0.9106570512820512
0 0.8430488782051282 0.9123263888888888 0.8799829727564102 0.9114917200854701 0.8612029246794871 0.17698317307692304 0.8223908253205128 0.1794871794871795
0 0.8599509214743589 0.17614850427350426 0.9219250801282051 0.16947115384615383 0.9331931089743589 0.9240117521367521 0.8843649839743589 0.9256810897435898
0 0.9325671073717948 0.9148303952991452 0.9926632612179487 0.9148303952991452 0.9907852564102564 0.17114049145299146 0.9288110977564102 0.1703058226495726
