0 0.1081229967948718 0.26629273504273504 0.17573116987179488 0.26629273504273504 0.19951923076923075 0.7762753739316239 0.1381710737179487 0.7762753739316239
0 0.2039012419871795 0.7762753739316239 0.23394931891025642 0.7787793803418803 0.2076572516025641 0.23123664529914525 0.17510516826923075 0.23123664529914525
0 0.2076572516025641 0.23290598290598288 0.24709535256410256 0.23040197649572647 0.26587540064102566 0.780448717948718 0.22956730769230768 0.7796140491452991
0 0.2715094150641026 0.7854567307692307 0.3003054887820513 0.7887954059829059 0.28152544070512825 0.20703124999999997 0.24897335737179485 0.20703124999999997
0 0.28465544871794873 0.215377938034188 0.33410957532051283 0.21287393162393162 0.3516376201923077 0.8004807692307692 0.3034354967948718 0.797142094017094
0 0.33849158653846156 0.20118856837606836 0.38231169871794873 0.1953458867521367 0.3942057291666667 0.8138354700854701 0.3516376201923077 0.8104967948717948
0 0.3973357371794872 0.2671274038461538 0.4655699118589744 0.2629540598290598 0.45930989583333337 0.8196781517094016 0.40484775641025644 0.8130008012820512
0 0.4686999198717949 0.8205128205128204 0.4943659855769231 0.8238514957264957 0.49686999198717946 0.20035389957264957 0.4699519230769231 0.20369257478632477
0 0.49749599358974356 0.2671274038461538 0.5381860977564102 0.2671274038461538 0.5313000801282051 0.822182158119658 0.49499198717948717 0.823016826923077
0 0.5344300881410255 0.8288595085470085 0.560722155448718 0.8330328525641025 0.5726161858974359 0.22455929487179485 0.5388120993589743 0.22288995726495722
0 0.5713641826923076 0.22706330128205124 0.610176282051282 0.22455929487179485 0.5989082532051282 0.8363715277777777 0.561348157051282 0.8313635149572649
0 0.6089242788461539 0.19618055555555555 0.6646384214743589 0.19784989316239313 0.6496143830128205 0.8497262286324786 0.5982822516025641 0.8422142094017094
0 0.6496143830128205 0.848056891025641 0.7009465144230769 0.8564035790598291 0.7234825721153846 0.1936765491452991 0.6671424278846153 0.19451121794871792
0 0.7272385817307692 0.1936765491452991 0.7892127403846153 0.1903378739316239 0.7610426682692307 0.8572382478632479 0.707832532051282 0.852230235042735
0 0.7710586939102564 0.8664196047008547 0.823642828525641 0.8764356303418803 0.8524389022435896 0.18699919871794868 0.79296875 0.19200721153846154
0 0.8580729166666666 0.1895032051282051 0.9187950721153846 0.18532986111111108 0.8793569711538461 0.8839476495726495 0.8280248397435896 0.8747662927350427
0 0.884990985576923 0.8797743055555555 0.9407051282051282 0.8856169871794871 0.9876552483974358 0.26629273504273504 0.9175430689102564 0.2612847222222222
