0 0.0015462239583333148 0.21788194444444445 0.044561476934523794 0.21788194444444445 0.08525158110119045 0.9580543154761906 0.05037434895833332 0.9580543154761906
0 0.08641415550595236 0.9588293650793651 0.1067592075892857 0.9572792658730159 0.06316266741071426 0.21865699404761904 0.042236328124999986 0.22098214285714288
0 0.06606910342261903 0.2093563988095238 0.09397088913690474 0.2085813492063492 0.13407970610119047 0.9634796626984127 0.10734049479166664 0.9642547123015873
0 0.13407970610119047 0.9619295634920636 0.16314406622023808 0.9611545138888888 0.12826683407738093 0.2047061011904762 0.09513346354166664 0.20703125
0 0.15035574776785712 0.1837797619047619 0.27940150669642855 0.1775793650793651 0.298002697172619 0.9673549107142857 0.18058268229166666 0.9634796626984127
0 0.3055594308035714 0.9689050099206349 0.3561314174107143 0.9658048115079366 0.34566824776785715 0.2124565972222222 0.28405180431547616 0.21323164682539683
0 0.3462495349702381 0.19230530753968253 0.38810221354166663 0.19153025793650794 0.3915899367559524 0.9596044146825397 0.3584565662202381 0.9681299603174603
0 0.3851957775297619 0.19463045634920637 0.445068359375 0.19308035714285712 0.445068359375 0.9658048115079366 0.39391508556547616 0.9673549107142857
0 0.45785667782738093 0.3558407738095238 0.5357491629464286 0.3604910714285714 0.5276111421130953 0.9278273809523809 0.4596005394345238 0.9270523313492064
0 0.5264485677083334 0.9441034226190476 0.5903901599702381 0.9526289682539683 0.6095726376488095 0.20083085317460317 0.5456310453869048 0.20005580357142858
0 0.6095726376488095 0.28918650793650796 0.6665387834821429 0.29151165674603174 0.6397995721726191 0.9425533234126985 0.5932965959821429 0.9425533234126985
0 0.6392182849702381 0.939453125 0.6845586867559524 0.9386780753968255 0.7159481956845238 0.2899615575396825 0.665376209077381 0.29073660714285715
0 0.7229236421130953 0.251984126984127 0.7502441406250001 0.251984126984127 0.7176920572916667 0.9495287698412699 0.689790271577381 0.9464285714285715
0 0.7252487909226191 0.9534040178571429 0.7793085007440477 0.9549541170634921 0.8292992001488095 0.19540550595238093 0.7519880022321429 0.19230530753968253
0 0.8449939546130953 0.16517857142857145 0.885102771577381 0.16750372023809523 0.8304617745535715 0.984406001984127 0.7897716703869049 0.9797557043650794
0 0.8322056361607143 0.9526289682539683 0.8740583147321429 0.9580543154761906 0.9298618861607143 0.24965897817460317 0.8804524739583334 0.24733382936507933
0 0.9333496093750001 0.24113343253968253 0.958344959077381 0.24113343253968253 0.9013788132440477 0.9503038194444445 0.8775460379464286 0.9479786706349206
0 0.9170735677083334 0.9650297619047619 0.9595075334821429 0.9727802579365079 0.999755859375 0.569530364229025 0.9874093191964286 0.15587797619047622
