0 0.05269949776785713 0.1667286706349206 0.10094633556547616 0.16595362103174602 0.09231766983040915 0.9996744791666666 0.041655040922619034 0.9996744791666666
0 0.1055966331845238 0.16905381944444442 0.15500604538690474 0.1667286706349206 0.1480519523657677 0.9996744791666666 0.0968773251488095 0.9996744791666666
0 0.15442475818452378 0.9983568948412699 0.20325288318452378 0.9991319444444445 0.20732189360119047 0.12487599206349208 0.16314406622023808 0.12177579365079366
0 0.2666131882440476 0.061321924603174614 0.3997279575892857 0.054346478174603176 0.3915899367559524 0.9968067956349206 0.25498744419642855 0.9975818452380952
0 0.45029994419642855 0.9983568948412699 0.48241606212797544 0.9996744791666666 0.48110816592261907 0.1287512400793651 0.4473935081845238 0.1287512400793651
0 0.49564034598214285 0.13650173611111113 0.5398181733630953 0.13727678571428573 0.5380747817995123 0.9996744791666666 0.49099004836309523 0.9991319444444445
0 0.5526064918154763 0.9968067956349206 0.6026117234002973 0.9996744791666666 0.6060849144345238 0.15665302579365079 0.554931640625 0.15200272817460317
0 0.604922340029762 0.1334015376984127 0.6363118489583334 0.13650173611111113 0.6316615513392858 0.9890562996031745 0.6072474888392858 0.992156498015873
0 0.640962146577381 0.9983568948412699 0.7031598772321429 0.996031746031746 0.7054850260416667 0.17835441468253968 0.6473563058035715 0.17525421626984128
0 0.7304803757440477 0.1326264880952381 0.7787272135416667 0.13650173611111113 0.7647763206845238 0.9906063988095238 0.7124604724702381 0.9952566964285715
0 0.7717517671130953 0.9975818452380952 0.8258114769345238 0.9991319444444445 0.8391810825892858 0.1357266865079365 0.7897716703869049 0.1303013392857143
0 0.8438313802083334 0.14115203373015875 0.8914969308035715 0.14270213293650794 0.8787086123511906 0.9991319444444445 0.8258114769345238 0.9968067956349206
0 0.8792898995535715 0.9782056051587302 0.9147484188988095 0.9766555059523809 0.9281180245535715 0.25895957341269843 0.8880092075892858 0.2574094742063492
0 0.9356747581845238 0.24888392857142858 0.9897344680059524 0.251984126984127 0.9775274367559524 0.9913814484126985 0.9205612909226191 0.984406001984127
