0 0.04979306175595236 0.11015004960317461 0.08641415550595236 0.1070498511904762 0.07420712425595236 0.9464285714285715 0.035260881696428555 0.9464285714285715
0 0.08583286830357141 0.9402281746031745 0.1189662388392857 0.9425533234126985 0.1323358444940476 0.2116815476190476 0.09629603794642855 0.2155567956349206
0 0.13582356770833331 0.2101314484126984 0.17651367187499997 0.2101314484126984 0.1689569382440476 0.9510788690476191 0.12419782366071427 0.9518539186507936
0 0.16953822544642855 0.947203621031746 0.22069149925595236 0.9526289682539683 0.22708565848214285 0.21400669642857142 0.18465169270833331 0.21400669642857142
0 0.23173595610119047 0.12952628968253968 0.29218982514880953 0.1272011408730159 0.2788202194940476 0.9534040178571429 0.22069149925595236 0.9534040178571429
0 0.285795665922619 0.9557291666666666 0.32881091889880953 0.9596044146825397 0.33811151413690477 0.14115203373015875 0.29567754836309523 0.15045262896825398
0 0.34566824776785715 0.14657738095238096 0.39042736235119047 0.14115203373015875 0.3799641927083333 0.9580543154761906 0.3386928013392857 0.9603794642857143
0 0.39042736235119047 0.9619295634920636 0.43344261532738093 0.9650297619047619 0.4409993489583333 0.10239955357142859 0.40205310639880953 0.10627480158730158
0 0.4561128162202381 0.1605282738095238 0.4973842075892857 0.16130332341269843 0.4828520275297619 0.9371279761904763 0.44797479538690477 0.935577876984127
0 0.48343331473214285 0.9650297619047619 0.6194545200892858 0.9875062003968255 0.6328241257440477 0.02566964285714286 0.49912806919642855 0.041945684523809534
0 0.6758393787202381 0.10317460317460318 0.7089727492559524 0.10162450396825397 0.7066476004464286 0.9665798611111112 0.6700265066964286 0.9681299603174603
0 0.7136230468750001 0.9642547123015873 0.763032459077381 0.9681299603174603 0.7682640438988095 0.1085999503968254 0.7205984933035715 0.11170014880952382
0 0.7845400855654763 0.1287512400793651 0.8385997953869049 0.12952628968253968 0.8333682105654763 0.9875062003968255 0.7810523623511906 0.9836309523809524
0 0.8322056361607143 0.9665798611111112 0.8525506882440477 0.9681299603174603 0.8647577194940477 0.10239955357142859 0.8345307849702381 0.10162450396825397
0 0.8758021763392858 0.14270213293650794 0.9391624813988096 0.14425223214285715 0.9281180245535715 0.9774305555555555 0.8618512834821429 0.9735553075396827
0 0.9414876302083334 0.9774305555555555 0.9914783296130953 0.9774305555555555 0.9996163504464286 0.10084945436507937 0.9618326822916667 0.09929935515873017
