0 0.0067107371794871955 0.24292200854700852 0.11187900641025643 0.253772702991453 0.10937500000000001 0.9164997329059829 0.022360777243589765 0.9056490384615384
0 0.12001702724358977 0.253772702991453 0.2276893028846154 0.25878071581196577 0.21767327724358973 0.93235844017094 0.12252103365384616 0.919838408119658
0 0.24646935096153846 0.8998063568376068 0.2871594551282052 0.9081530448717948 0.3028094951923077 0.22706330128205124 0.2627453926282052 0.22205528846153844
0 0.30781750801282054 0.22873263888888887 0.3503856169871795 0.22956730769230768 0.3278495592948718 0.9148303952991452 0.28966346153846156 0.9098223824786325
0 0.3297275641025641 0.9106570512820512 0.3710436698717949 0.9256810897435898 0.396083733974359 0.23123664529914525 0.3516376201923077 0.23040197649572647
0 0.3979617387820513 0.23123664529914525 0.43865184294871795 0.2362446581196581 0.40547375801282054 0.9306891025641025 0.3735476762820513 0.9315237713675213
0 0.4424078525641026 0.20035389957264957 0.48497596153846156 0.20035389957264957 0.444911858974359 0.937366452991453 0.4092297676282051 0.93235844017094
0 0.4492938701923077 0.9348624465811964 0.48434995993589747 0.9398704594017094 0.5250400641025641 0.26963141025641024 0.48372395833333337 0.2671274038461538
0 0.530674078525641 0.20452724358974358 0.5638521634615384 0.2078659188034188 0.5169020432692307 0.9482171474358974 0.4906099759615385 0.9482171474358974
0 0.5181540464743589 0.9599025106837606 0.5513321314102564 0.9707532051282052 0.5982822516025641 0.24709535256410253 0.5632261618589743 0.2387486645299145
0 0.610176282051282 0.17280982905982903 0.6696464342948717 0.17865251068376065 0.610176282051282 0.9740918803418803 0.5575921474358974 0.9657451923076922
0 0.6233223157051282 0.9565638354700855 0.6871744791666666 0.966579861111111 0.7428886217948717 0.28882879273504275 0.6683944310897435 0.2854901175213675
0 0.7422626201923076 0.28882879273504275 0.8180088141025641 0.2938368055555555 0.7535306490384615 0.975761217948718 0.6884264823717948 0.966579861111111
0 0.7529046474358974 0.9790998931623931 0.7854567307692307 0.9899505876068376 0.8561949118589743 0.2571113782051282 0.8242688301282051 0.2529380341880342
0 0.848056891025641 0.3581063034188034 0.9281850961538461 0.3631143162393162 0.8637069310897435 0.9991319444444443 0.7942207532051282 0.9982972756410255
