0 0.013753255208333315 0.2938368055555555 0.07885742187499997 0.29073660714285715 0.09745861235119045 0.8154451884920636 0.057349795386904746 0.8162202380952381
0 0.10385277157738093 0.8386966765873015 0.1346609933035714 0.8332713293650794 0.09629603794642855 0.35041542658730157 0.06723167782738093 0.35041542658730157
0 0.09222702752976189 0.24190848214285712 0.12071010044642855 0.23880828373015872 0.16663178943452378 0.7867683531746033 0.13989257812499997 0.7914186507936508
0 0.16488792782738093 0.834046378968254 0.1898832775297619 0.8355964781746033 0.1567499069940476 0.19385540674603174 0.1311732700892857 0.19308035714285712
0 0.1590750558035714 0.21478174603174602 0.19627743675595236 0.2155567956349206 0.22243536086309523 0.8402467757936508 0.18930199032738093 0.8394717261904763
0 0.22243536086309523 0.841796875 0.2573125930059524 0.8410218253968255 0.23173595610119047 0.19540550595238093 0.19627743675595236 0.19850570436507933
0 0.23464239211309523 0.2101314484126984 0.26603190104166663 0.2085813492063492 0.28288922991071425 0.845672123015873 0.25266229538690477 0.8472222222222222
0 0.2875395275297619 0.845672123015873 0.3305547805059524 0.8487723214285715 0.310791015625 0.23725818452380953 0.27068219866071425 0.24190848214285712
0 0.31602260044642855 0.19385540674603174 0.35322498139880953 0.18998015873015872 0.36543201264880953 0.8448970734126985 0.32822963169642855 0.8464471726190476
0 0.3683384486607143 0.8510974702380952 0.40263439360119047 0.8565228174603176 0.4032156808035714 0.18998015873015872 0.3619442894345238 0.19153025793650794
0 0.4072846912202381 0.19075520833333334 0.44274321056547616 0.19075520833333334 0.43576776413690477 0.8580729166666666 0.40554082961309523 0.8596230158730159
0 0.46890113467261907 0.8634982638888888 0.48808361235119047 0.8642733134920636 0.5014532180059524 0.18998015873015872 0.4857584635416667 0.18998015873015872
0 0.481689453125 0.18998015873015872 0.44332449776785715 0.18998015873015872 0.43460518973214285 0.8619481646825397 0.4683198474702381 0.8681485615079366
0 0.4892461867559524 0.8681485615079366 0.5159853980654763 0.8704737103174603 0.5334240141369048 0.1861049107142857 0.5049409412202381 0.1845548115079365
0 0.531098865327381 0.18222966269841268 0.5648135230654763 0.1837797619047619 0.5421433221726191 0.8696986607142857 0.5154041108630953 0.8704737103174603
0 0.543305896577381 0.8727988591269842 0.5624883742559524 0.8727988591269842 0.5845772879464286 0.1861049107142857 0.5653948102678572 0.1861049107142857
0 0.5857398623511906 0.16130332341269843 0.714785621279762 0.15975322420634921 0.6729329427083334 0.8813244047619048 0.5630696614583334 0.8696986607142857
0 0.6752580915178572 0.8820994543650794 0.7235049293154763 0.890625 0.7711704799107143 0.19308035714285712 0.7171107700892858 0.19230530753968253
0 0.7717517671130953 0.17525421626984128 0.8106980096726191 0.1775793650793651 0.7572195870535715 0.8890749007936508 0.7235049293154763 0.8851996527777778
0 0.7601260230654763 0.8914000496031745 0.8153483072916667 0.8991505456349206 0.8688267299107143 0.17835441468253968 0.8101167224702381 0.17525421626984128
0 0.8566196986607143 0.32948908730158727 0.921723865327381 0.33491443452380953 0.8694080171130953 0.8627232142857143 0.8153483072916667 0.8619481646825397
0 0.8821963355654763 0.8774491567460317 0.9409063430059524 0.890625 0.9990350632440477 0.3597160218253968 0.9554385230654763 0.19075520833333334
