0 0.005349864130434812 0.2148154438405797 0.07010020380434787 0.2148154438405797 0.05948539402173916 0.9380378170289855 0.0011039402173913249 0.9380378170289855
0 0.08920686141304349 0.09734488224637684 0.1486497961956522 0.10017549818840583 0.1316661005434783 0.9238847373188405 0.08071501358695657 0.925300045289855
0 0.15077275815217392 0.09734488224637684 0.13272758152173916 0.9309612771739131 0.17730978260869565 0.9323765851449276 0.18898607336956522 0.09734488224637684
0 0.191109035326087 0.0011039402173913457 0.17730978260869565 0.9436990489130435 0.23356827445652176 0.9493602807971014 0.24311847102191736 0.0
0 0.25161345108695654 0.10725203804347831 0.2887652853260869 0.1086673460144928 0.27815047554347827 0.9564368206521738 0.2356912364130435 0.9620980525362319
0 0.2919497282608695 0.21623075181159424 0.3291015625 0.21340013586956522 0.32167119565217395 0.9550215126811593 0.2866423233695652 0.9550215126811593
0 0.3375934103260869 0.2077389039855073 0.32485563858695654 0.9606827445652174 0.37368376358695654 0.9635133605072465 0.38005264945652173 0.21056951992753625
0 0.3811141304347826 0.21764605978260873 0.43418817934782605 0.21623075181159424 0.42463485054347827 0.9620980525362319 0.37686820652173914 0.9606827445652174
0 0.4352496603260869 0.12282042572463771 0.42888077445652173 0.9663439764492754 0.4904466711956521 0.9734205163043478 0.4946925951086957 0.12423573369565222
0 0.49575407608695654 0.14405004528985513 0.5477666440217391 0.14121942934782614 0.5413977581521738 0.9748358242753623 0.4904466711956521 0.9691745923913043
0 0.5509510869565217 0.1454653532608696 0.6019021739130435 0.14405004528985513 0.5965947690217391 0.9748358242753623 0.5424592391304348 0.9748358242753623
0 0.6061480978260869 0.10017549818840583 0.5997792119565217 0.9790817481884058 0.6496688179347826 0.9804970561594203 0.6517917798913043 0.10300611413043483
0 0.653914741847826 0.16103374094202902 0.6995584239130435 0.15678781702898553 0.6984969429347826 0.9507755887681159 0.6549762228260869 0.9465296648550724
0 0.7101732336956521 0.029410099637681198 0.702742866847826 0.9904042119565216 0.8439198369565217 0.9960654438405797 0.8566576086956521 0.01808763586956526
0 0.8885020380434783 0.10017549818840583 0.8916864809782608 0.9861582880434782 0.9352072010869565 0.9904042119565216 0.9277768342391304 0.09168365036231889
0 0.9362686820652173 0.10442142210144932 0.9373301630434783 0.9904042119565216 0.9840353260869565 0.9918195199275361 0.9850968070652173 0.10159080615942033
