0 0.8991168478260869 0.19358582427536233 0.8704568614130435 0.8885020380434782 0.9426375679347825 0.8899173460144927 0.9904042119565217 0.19217051630434787
0 0.8195057744565217 0.19641644021739132 0.9012398097826086 0.19641644021739132 0.8704568614130435 0.8743489583333334 0.791907269021739 0.8686877264492754
0 0.7674932065217391 0.20490828804347827 0.8184442934782608 0.2077389039855073 0.7897843070652174 0.8828408061594203 0.7452021059782609 0.8729336503623188
0 0.7016813858695652 0.15820312500000003 0.7728006114130435 0.16244904891304351 0.7462635869565217 0.8927479619565216 0.6900050951086957 0.8800101902173912
0 0.6698369565217391 0.23179913949275363 0.702742866847826 0.23179913949275363 0.6921280570652174 0.8601958786231884 0.6570991847826086 0.8531193387681159
0 0.6040251358695652 0.21340013586956522 0.6687754755434783 0.21056951992753625 0.6560377038043478 0.8701030344202899 0.6029636548913043 0.8701030344202899
0 0.5329059103260869 0.2190613677536232 0.5987177309782609 0.21623075181159424 0.6008406929347826 0.8630264945652174 0.5424592391304348 0.8686877264492754
0 0.46709408967391297 0.13838881340579715 0.5212296195652174 0.14121942934782614 0.5350288722826086 0.8701030344202899 0.4840777853260869 0.8658571105072465
0 0.3906674592391304 0.1454653532608696 0.45223335597826086 0.1426347373188406 0.4787703804347826 0.8587805706521738 0.4203889266304348 0.8630264945652174
0 0.3344089673913043 0.14121942934782614 0.3630689538043478 0.8587805706521738 0.41826596467391297 0.8573652626811593 0.38536005434782605 0.1426347373188406
0 0.27921195652173914 0.1468806612318841 0.3259171195652174 0.1454653532608696 0.35776154891304346 0.8502887228260869 0.3099949048913043 0.8460427989130435
0 0.215523097826087 0.14971127717391308 0.27284307065217395 0.1468806612318841 0.3046875 0.847458106884058 0.255859375 0.8460427989130435
0 0.18155570652173916 0.18792459239130435 0.2187075407608696 0.841796875 0.24949048913043478 0.8432121829710145 0.21446161684782608 0.18792459239130435
0 0.14440387228260873 0.1850939764492754 0.17943274456521743 0.1808480525362319 0.21658457880434787 0.8375509510869565 0.1868631114130435 0.8375509510869565
0 0.11149796195652176 0.23887567934782608 0.14440387228260873 0.23604506340579712 0.18155570652173916 0.8262284873188405 0.15395720108695657 0.8290591032608696
0 0.06373131793478262 0.16103374094202902 0.10194463315217392 0.15961843297101455 0.15289572010869565 0.8304744112318841 0.11892832880434787 0.8304744112318841
0 0.004288383152173947 0.22613790760869568 0.0722231657608696 0.22613790760869568 0.11574388586956522 0.8318897192028986 0.05099354619565219 0.827643795289855
