0 0.056768508184523794 0.1357266865079365 0.07885742187499997 0.13495163690476192 0.15849376860119047 0.8317212301587302 0.13291713169642855 0.8386966765873015
0 0.1579124813988095 0.8425719246031745 0.19802129836309523 0.8448970734126985 0.12768554687499997 0.10472470238095238 0.08060128348214284 0.1078249007936508
0 0.13931129092261904 0.13960193452380953 0.16430664062499997 0.1388268849206349 0.22301664806547616 0.8425719246031745 0.19802129836309523 0.8441220238095238
0 0.22417922247023808 0.841796875 0.24219912574404762 0.8410218253968255 0.19918387276785712 0.2349330357142857 0.17825753348214285 0.2349330357142857
0 0.19278971354166666 0.17060391865079363 0.21080961681547616 0.16827876984126985 0.25556873139880953 0.849547371031746 0.23929268973214285 0.8433469742063492
0 0.25266229538690477 0.8534226190476191 0.2811453683035714 0.8580729166666666 0.23813011532738093 0.13185143849206352 0.20964704241071427 0.13495163690476192
0 0.2433617001488095 0.13495163690476192 0.26021902901785715 0.1341765873015873 0.298583984375 0.8596230158730159 0.285795665922619 0.8603980654761906
0 0.29567754836309523 0.8851996527777778 0.32357933407738093 0.8937251984126985 0.285795665922619 0.05047123015873017 0.2544061569940476 0.05124627976190477
0 0.3020717075892857 0.1303013392857143 0.32590448288690477 0.1287512400793651 0.34566824776785715 0.8859747023809524 0.3276483444940476 0.8820994543650794
0 0.34450567336309523 0.898375496031746 0.371244884672619 0.9100012400793651 0.35322498139880953 0.04582093253968255 0.32590448288690477 0.04659598214285715
0 0.35264369419642855 0.04427083333333334 0.38461449032738093 0.04117063492063492 0.3921712239583333 0.9069010416666666 0.3729887462797619 0.9030257936507936
0 0.4032156808035714 0.8844246031746033 0.4369303385416667 0.8937251984126985 0.4404180617559524 0.17680431547619047 0.3985653831845238 0.17370411706349206
0 0.445068359375 0.1272011408730159 0.48459588913690477 0.12487599206349208 0.4706449962797619 0.8937251984126985 0.4398367745535714 0.8898499503968255
0 0.47122628348214285 0.8999255952380952 0.49215262276785715 0.9030257936507936 0.5130789620535715 0.13495163690476192 0.48808361235119047 0.1341765873015873
0 0.506684802827381 0.24345858134920637 0.5293550037202381 0.24345858134920637 0.5107538132440477 0.9146515376984127 0.49215262276785715 0.9107762896825397
0 0.5078473772321429 0.9301525297619048 0.5380743117559524 0.935577876984127 0.5723702566964286 0.032645089285714295 0.5340053013392858 0.033420138888888895
0 0.5822521391369048 0.08922371031746033 0.6677013578869048 0.09387400793650795 0.6025971912202381 0.9270523313492064 0.5409807477678572 0.9154265873015873
0 0.6066662016369048 0.9247271825396827 0.6357305617559524 0.9270523313492064 0.7043224516369048 0.12255084325396826 0.6717703683035715 0.11945064484126984
0 0.7066476004464286 0.11945064484126984 0.7461751302083334 0.12410094246031746 0.6630510602678572 0.9255022321428572 0.6351492745535715 0.9247271825396827
0 0.6630510602678572 0.9262772817460317 0.690371558779762 0.9371279761904763 0.7740769159226191 0.11712549603174605 0.7479189918154763 0.11325024801587302
0 0.7915155319940477 0.022569444444444448 0.8287179129464286 0.021794394841269844 0.7124604724702381 0.9627046130952381 0.6886276971726191 0.9549541170634921
0 0.7153669084821429 0.9495287698412699 0.7432686941964286 0.9580543154761906 0.8537132626488095 0.11712549603174605 0.8182547433035715 0.12177579365079366
0 0.8513881138392858 0.15355282738095238 0.9089355468750001 0.15820312500000003 0.7909342447916667 0.9758804563492064 0.7455938430059524 0.9673549107142857
0 0.787446521577381 0.9712301587301587 0.8188360305059524 0.980530753968254 0.9502069382440477 0.154327876984127 0.9118419828869049 0.154327876984127
