0 0.041655040922619034 0.1287512400793651 0.09280831473214284 0.1310763888888889 0.09396747588464877 0.9996744791666666 0.04979306175595236 0.9975818452380952
0 0.09513346354166664 0.1287512400793651 0.14628673735119047 0.13727678571428573 0.13756742931547616 0.9975818452380952 0.09222702752976189 0.9983568948412699
0 0.1800013950892857 0.9937065972222222 0.13524228050595236 0.9991319444444445 0.14919317336309523 0.11402529761904763 0.19627743675595236 0.11945064484126984
0 0.19627743675595236 0.11480034722222222 0.24045526413690474 0.12177579365079366 0.21952892485119047 0.9913814484126985 0.1776762462797619 0.9975818452380952
0 0.25033714657738093 0.992156498015873 0.21952892485119047 0.9991319444444445 0.24278041294642855 0.11015004960317461 0.27823893229166663 0.11867559523809525
0 0.28056408110119047 0.1085999503968254 0.32067289806547616 0.11712549603174605 0.2811453683035714 0.9913814484126985 0.25149972098214285 0.9952566964285715
0 0.27940150669642855 0.9913814484126985 0.3131161644345238 0.9875062003968255 0.3607817150297619 0.11557539682539685 0.322998046875 0.11092509920634923
0 0.32474190848214285 0.9968067956349206 0.38598312969773496 0.0 0.4165852864583333 0.0 0.3482213083061913 0.9996744791666666
0 0.34915597098214285 0.9968067956349206 0.37589518229166663 0.9968067956349206 0.4477579977909284 0.0 0.4154227120535714 0.0
0 0.4532063802083333 0.0031932043650793676 0.4997093563988095 0.003968253968253971 0.41426013764880953 0.9944816468253969 0.3741513206845238 0.9944816468253969
0 0.4125162760416667 0.9975818452380952 0.44274321056547616 0.9968067956349206 0.5363304501488095 0.003968253968253971 0.5014532180059524 0.003968253968253971
0 0.5392368861607143 0.003968253968253971 0.5723702566964286 0.01404389880952381 0.47471400669642855 0.98828125 0.4415806361607143 0.992156498015873
0 0.4770391555059524 0.9851810515873015 0.5235421316964286 0.980530753968254 0.6217796688988095 0.09387400793650795 0.5694638206845238 0.08612351190476192
0 0.6241048177083334 0.08844866071428571 0.6746768043154763 0.09852430555555557 0.5770205543154763 0.9789806547619048 0.531098865327381 0.9789806547619048
0 0.5839960007440477 0.9789806547619048 0.6148042224702381 0.9828559027777778 0.7200172061011906 0.09309895833333333 0.6833961123511906 0.08767361111111112
0 0.7293178013392858 0.08689856150793651 0.7537318638392858 0.09232390873015874 0.6368931361607143 0.9797557043650794 0.615966796875 0.9797557043650794
0 0.6380557105654763 0.9720052083333334 0.6607259114583334 0.9696800595238096 0.7729143415178572 0.09232390873015874 0.7548944382440477 0.08999875992063493
0 0.7705891927083334 0.11015004960317461 0.8048851376488095 0.11867559523809525 0.6909528459821429 0.9193018353174603 0.6613071986607143 0.9270523313492064
0 0.7054850260416667 0.9138764880952381 0.7450125558035715 0.9092261904761906 0.8589448474702381 0.12022569444444446 0.8066289992559524 0.10472470238095238
0 0.9188174293154763 0.003968253968253971 0.9496256510416667 0.007843501984126986 0.8141857328869049 0.9603794642857143 0.7909342447916667 0.9596044146825397
0 0.8199986049107143 0.9549541170634921 0.8473191034226191 0.9534040178571429 0.9792712983630953 0.004743303571428573 0.9490443638392858 0.0031932043650793676
