0 0.05037434895833332 0.25895957341269843 0.08815801711309522 0.2566344246031746 0.11722237723214284 0.9286024305555555 0.07943870907738093 0.9309275793650794
0 0.1079217819940476 0.2155567956349206 0.1468680245535714 0.2124565972222222 0.16953822544642855 0.9549541170634921 0.12710425967261904 0.9596044146825397
0 0.17651367187499997 0.9596044146825397 0.20732189360119047 0.9565042162698413 0.17476981026785712 0.29306175595238093 0.14628673735119047 0.2946118551587302
0 0.18465169270833331 0.24965897817460317 0.22476050967261904 0.24655877976190477 0.25498744419642855 0.943328373015873 0.21604120163690474 0.9456535218253969
0 0.25615001860119047 0.9526289682539683 0.2939336867559524 0.9503038194444445 0.25963774181547616 0.24500868055555555 0.22592308407738093 0.24810887896825395
0 0.261962890625 0.2504340277777778 0.2910272507440476 0.24500868055555555 0.32590448288690477 0.9495287698412699 0.2933523995535714 0.9534040178571429
0 0.33346121651785715 0.9557291666666666 0.38228934151785715 0.9534040178571429 0.35264369419642855 0.2822110615079365 0.29625883556547616 0.2899615575396825
0 0.3508998325892857 0.24500868055555555 0.38228934151785715 0.24113343253968253 0.41484142485119047 0.9611545138888888 0.38228934151785715 0.9627046130952381
0 0.43344261532738093 0.9495287698412699 0.4741327194940476 0.9549541170634921 0.4485560825892857 0.36514136904761907 0.40205310639880953 0.3728918650793651
0 0.44332449776785715 0.2667100694444445 0.46773856026785715 0.26283482142857145 0.5026157924107143 0.9766555059523809 0.4735514322916667 0.9789806547619048
0 0.5008719308035715 0.9797557043650794 0.5293550037202381 0.9789806547619048 0.49447777157738093 0.259734623015873 0.4706449962797619 0.2620597718253968
0 0.4979654947916667 0.23570808531746032 0.518891834077381 0.23105778769841268 0.5543503534226191 0.9735553075396827 0.5345865885416667 0.9735553075396827
0 0.5543503534226191 0.9991319444444445 0.6008533296130953 0.9983568948412699 0.5531877790178572 0.12177579365079366 0.5090099516369048 0.1279761904761905
0 0.5909714471726191 0.29306175595238093 0.6839773995535715 0.2837611607142857 0.7060663132440477 0.9797557043650794 0.6142229352678572 0.9704551091269842
0 0.7136230468750001 0.9991319444444445 0.8252301897321429 0.9991319444444445 0.7938406808035715 0.12565104166666669 0.6857212611607143 0.1334015376984127
0 0.811860584077381 0.18843005952380953 0.8554571242559524 0.18687996031746032 0.873477027529762 0.9983568948412699 0.8252301897321429 0.9991319444444445
0 0.8746396019345238 0.9975818452380952 0.9263741629464286 0.9983568948412699 0.9106794084821429 0.1837797619047619 0.8635951450892858 0.18687996031746032
