0 0.0015462239583333148 0.021019345238095243 0.04049246651785713 0.01869419642857143 0.05269949776785713 0.9983568948412699 0.012009393601190459 0.9991319444444445
0 0.03758603050595236 0.014818948412698417 0.07711356026785712 0.011718750000000002 0.09453440972416591 0.9996744791666666 0.05328078497023808 0.9996744791666666
0 0.08176385788690474 0.058996775793650806 0.12187267485119045 0.061321924603174614 0.12942753645894772 0.9996744791666666 0.0945521763392857 0.9996744791666666
0 0.12303524925595236 0.053571428571428575 0.1579124813988095 0.0574466765873016 0.1677943638392857 0.9968067956349206 0.13284447079613115 0.9996744791666666
0 0.15616861979166666 0.0574466765873016 0.1945335751488095 0.05512152777777778 0.20265626637696948 0.9996744791666669 0.1689569382440476 0.9996744791666666
0 0.1933710007440476 0.059771825396825407 0.22592308407738093 0.059771825396825407 0.23519081772178363 0.9996744791666666 0.2044154575892857 0.9996744791666666
0 0.25498744419642855 0.9782056051587302 0.29277111235119047 0.9797557043650794 0.28405180431547616 0.06287202380952382 0.249174572172619 0.06597222222222222
0 0.2910272507440476 0.06287202380952382 0.33346121651785715 0.061321924603174614 0.334623790922619 0.9774305555555555 0.29625883556547616 0.9782056051587302
0 0.3340425037202381 0.980530753968254 0.38577706473214285 0.9820808531746033 0.3875209263392857 0.07914806547619048 0.3305547805059524 0.0814732142857143
0 0.38577706473214285 0.07914806547619048 0.4404180617559524 0.07759796626984128 0.4363490513392857 0.9735553075396827 0.3886835007440476 0.9766555059523809
0 0.4369303385416667 0.9720052083333334 0.49447777157738093 0.9758804563492064 0.49447777157738093 0.06752232142857144 0.4409993489583333 0.06984747023809525
0 0.5031970796130953 0.05202132936507937 0.5340053013392858 0.054346478174603176 0.5287737165178572 0.9952566964285715 0.49447777157738093 0.9937065972222222
0 0.5276111421130953 0.9952566964285715 0.5642322358630953 0.9968067956349206 0.5688825334821429 0.05202132936507937 0.5403994605654763 0.053571428571428575
0 0.5764392671130953 0.04969618055555556 0.6066662016369048 0.04737103174603175 0.5985281808035715 0.9991319444444445 0.5636509486607143 0.996031746031746
0 0.5979468936011906 0.9906063988095238 0.6328241257440477 0.996031746031746 0.6374744233630953 0.05124627976190477 0.6055036272321429 0.04814608134920636
0 0.6351492745535715 0.061321924603174614 0.6723516555059524 0.06519717261904763 0.6618884858630953 0.9867311507936508 0.6345679873511906 0.9867311507936508
0 0.6636323474702381 0.9789806547619048 0.6996721540178572 0.9836309523809524 0.7083914620535715 0.06674727182539683 0.6723516555059524 0.06519717261904763
0 0.7112978980654763 0.07914806547619048 0.751406715029762 0.07604786706349208 0.739199683779762 0.9634796626984127 0.6990908668154763 0.9681299603174603
0 0.7485002790178572 0.9681299603174603 0.7886090959821429 0.9704551091269842 0.7990722656250001 0.07062251984126984 0.7589634486607143 0.07062251984126984
0 0.8165108816964286 0.03962053571428572 0.8525506882440477 0.03729538690476191 0.8269740513392858 0.9751054067460317 0.7944219680059524 0.9758804563492064
