0 0.07943870907738093 0.11247519841269843 0.11954752604166664 0.11170014880952382 0.17418852306547616 0.9503038194444445 0.14512416294642855 0.9549541170634921
0 0.17651367187499997 0.9627046130952381 0.2311546688988095 0.9627046130952381 0.1933710007440476 0.07759796626984128 0.11605980282738093 0.07604786706349208
0 0.19860258556547616 0.12410094246031746 0.23057338169642855 0.12487599206349208 0.26021902901785715 0.9479786706349206 0.23289853050595236 0.9510788690476191
0 0.2654506138392857 0.9456535218253969 0.2852143787202381 0.9456535218253969 0.27068219866071425 0.23570808531746032 0.24394298735119047 0.23570808531746032
0 0.26777576264880953 0.15897817460317462 0.29684012276785715 0.15975322420634921 0.30846586681547616 0.9495287698412699 0.2823079427083333 0.9503038194444445
0 0.310209728422619 0.9627046130952381 0.3427618117559524 0.9596044146825397 0.33578636532738093 0.12332589285714286 0.29625883556547616 0.11867559523809525
0 0.3398553757440476 0.12332589285714286 0.3805454799107143 0.12487599206349208 0.3741513206845238 0.9565042162698413 0.3439243861607143 0.9565042162698413
0 0.3753138950892857 0.9820808531746033 0.40205310639880953 0.9859561011904763 0.41367885044642855 0.0357452876984127 0.3753138950892857 0.03807043650793651
0 0.4218168712797619 0.1279761904761905 0.45785667782738093 0.12487599206349208 0.432861328125 0.9712301587301587 0.40205310639880953 0.9704551091269842
0 0.4340239025297619 0.98828125 0.457275390625 0.9898313492063493 0.5014532180059524 0.029544890873015883 0.46366954985119047 0.032645089285714295
0 0.4950590587797619 0.027219742063492064 0.5363304501488095 0.032645089285714295 0.4892461867559524 0.9913814484126985 0.4607631138392857 0.9890562996031745
0 0.4886648995535714 0.9665798611111112 0.5351678757440477 0.9689050099206349 0.5787644159226191 0.1806795634920635 0.531680152529762 0.17602926587301584
0 0.5828334263392858 0.1287512400793651 0.6270112537202381 0.13185143849206352 0.5688825334821429 0.9619295634920636 0.531680152529762 0.9634796626984127
0 0.567719959077381 0.9658048115079366 0.5973656063988095 0.9673549107142857 0.6618884858630953 0.14425223214285715 0.6316615513392858 0.1388268849206349
0 0.653750465029762 0.2550843253968254 0.6799083891369048 0.2566344246031746 0.6177106584821429 0.9789806547619048 0.5950404575892858 0.9774305555555555
0 0.6241048177083334 0.9975818452380952 0.653750465029762 0.996031746031746 0.7455938430059524 0.04117063492063492 0.7049037388392858 0.03884548611111111
0 0.7409435453869048 0.10162450396825397 0.8211611793154763 0.1085999503968254 0.7153669084821429 0.9720052083333334 0.6549130394345238 0.9766555059523809
0 0.7153669084821429 0.9696800595238096 0.739199683779762 0.9650297619047619 0.8519694010416667 0.14502728174603177 0.8194173177083334 0.13960193452380953
0 0.8548758370535715 0.14347718253968256 0.8897530691964286 0.1496775793650794 0.7746582031250001 0.9642547123015873 0.7397809709821429 0.9627046130952381
0 0.7734956287202381 0.9658048115079366 0.8008161272321429 0.9712301587301587 0.9269554501488095 0.14347718253968256 0.8914969308035715 0.13650173611111113
0 0.9548572358630953 0.05124627976190477 0.9879906063988096 0.0574466765873016 0.8345307849702381 0.992156498015873 0.8083728608630953 0.9890562996031745
0 0.836855933779762 0.9851810515873015 0.8577822730654763 0.9851810515873015 0.9978724888392858 0.1551029265873016 0.9728771391369049 0.15045262896825398
