0 0.0014805947580645157 0.04479586693548384 0.03298261088709677 0.047946068548387066 0.05546061197916666 0.9970974392361112 0.006632486979166657 0.994384765625
0 0.04528808593749997 0.05444335937499998 0.08292643229166666 0.05579969618055556 0.1070939231789355 0.9996744791666665 0.06766764322916666 0.9957411024305557
0 0.08699544270833334 0.04766167534722223 0.11242675781249997 0.04901801215277777 0.14294433593749997 0.9984537760416666 0.10937499999999997 0.9957411024305557
0 0.12259928385416666 0.04766167534722223 0.15922037760416666 0.050374348958333315 0.1856651669456845 0.9996744791666665 0.14396158854166666 0.9970974392361112
0 0.16227213541666666 0.044949001736111105 0.19889322916666666 0.050374348958333315 0.22941080729166666 0.9957411024305557 0.1910603841145843 0.9996744791666666
0 0.20703124999999997 0.04901801215277777 0.24263509114583334 0.05579969618055556 0.27103247000358166 0.9996744791666666 0.23042805989583334 0.9984537760416666
0 0.25179036458333337 0.05308702256944444 0.286376953125 0.06122504340277777 0.310791015625 0.9957411024305557 0.26908365885416663 0.9957411024305557
0 0.28841145833333337 0.05986870659722223 0.32401529947916674 0.06122504340277777 0.35758463541666674 0.994384765625 0.3138427734375 0.9984537760416666
0 0.34130859375 0.06258138020833331 0.36775716145833337 0.0693630642361111 0.3982702909567845 0.9996744791666666 0.35758463541666674 0.9984537760416666
0 0.38301595052083337 0.15888129340277776 0.41048177083333337 0.16566297743055555 0.43896484375 0.9970974392361112 0.39725748697916674 0.9970974392361112
0 0.41963704427083337 0.188720703125 0.457275390625 0.19143337673611116 0.48459906729314484 0.9996744791666666 0.44099934895833337 0.9996744791666666
0 0.4664306640625 0.07343207465277778 0.5010172526041667 0.07343207465277778 0.5304271391708485 0.9996744791666666 0.4908447265625 0.9996744791666666
0 0.5050862630208334 0.15074327256944445 0.5386555989583334 0.15616861979166666 0.5679627114845415 0.9996744791666666 0.5345865885416667 0.9996744791666666
0 0.548828125 0.26467556423611116 0.5722249348958334 0.26467556423611116 0.59765625 0.9957411024305557 0.5730726453993062 0.9996744791666666
0 0.5925699869791667 0.06665039062499999 0.6413981119791667 0.0761447482638889 0.6607259114583334 0.9984537760416666 0.59765625 0.9984537760416666
0 0.6627604166666667 0.0761447482638889 0.7054850260416667 0.08428276909722222 0.725830078125 0.9984537760416666 0.7278645833333334 0.9984537760416666 0.6708984375 0.9984537760416666
0 0.7095540364583334 0.1615939670138889 0.7593994140625 0.17380099826388892 0.7817789713541667 0.9984537760416666 0.7288818359375 0.9970974392361112
0 0.7685546875 0.17380099826388892 0.8021240234375 0.17787000868055558 0.8173828125 0.9957411024305557 0.7827962239583334 0.9984537760416666
0 0.811279296875 0.17922634548611116 0.8438313802083335 0.1873643663194445 0.860107421875 0.9984537760416666 0.8173828125 0.9957411024305557
0 0.8580729166666667 0.21042209201388892 0.8794352213541667 0.213134765625 0.893601030946255 0.9996744791666666 0.8702799479166667 0.9996744791666666
0 0.8763834635416667 0.16566297743055555 0.8936767578125 0.16837565104166666 0.9099527994791667 0.9957411024305557 0.8942192925347227 0.9996744791666666
0 0.8987630208333335 0.23347981770833334 0.9109700520833335 0.23483615451388892 0.9250345046382443 0.9996744791666664 0.908935546875 0.9984537760416666
0 0.9282633463541667 0.18329535590277782 0.9892985026041667 0.18193901909722224 0.9994710286458335 0.9957411024305557 0.939453125 0.9984537760416666
