0 0.02770414806547617 0.014818948412698417 0.06955682663690474 0.019469246031746035 0.104343289957939 0.9996744791666666 0.0590936569940476 0.9996744791666666
0 0.14919317336309523 0.9975818452380952 0.10617792038690474 0.9975818452380952 0.0724632626488095 0.017919146825396828 0.11082821800595236 0.017919146825396828
0 0.12187267485119045 0.027994791666666668 0.16081891741071427 0.033420138888888895 0.19449845571366564 0.9996744791666666 0.14977446056547616 0.9991319444444445
0 0.19685872395833331 0.9983568948412699 0.23231724330357142 0.9968067956349206 0.20906575520833331 0.12487599206349208 0.16953822544642855 0.11945064484126984
0 0.20790318080357142 0.15355282738095238 0.25266229538690477 0.154327876984127 0.2817266555059524 0.9975818452380952 0.23673502604166696 0.9996744791666666
0 0.2544061569940476 0.04117063492063492 0.29509626116071425 0.04737103174603175 0.32474190848214285 0.9991319444444445 0.28056408110119047 0.9983568948412699
0 0.36543201264880953 0.9983568948412699 0.3241606212797619 0.9991319444444445 0.2997465587797619 0.11635044642857144 0.33346121651785715 0.12100074404761905
0 0.34508696056547616 0.23415798611111113 0.37008231026785715 0.2318328373015873 0.3915899367559524 0.996031746031746 0.3706442212301587 0.9996744791666666
0 0.39798409598214285 0.9968067956349206 0.45553152901785715 0.9944816468253969 0.432861328125 0.04969618055555556 0.3799641927083333 0.03807043650793651
0 0.4485560825892857 0.04504588293650794 0.5002906436011906 0.054346478174603176 0.5171479724702381 0.9913814484126985 0.45901925223214285 0.9975818452380952
0 0.5177292596726191 0.9983568948412699 0.5752766927083334 0.9929315476190476 0.5613257998511906 0.13960193452380953 0.5037783668154763 0.1334015376984127
0 0.5613257998511906 0.14425223214285715 0.5979468936011906 0.15045262896825398 0.6107352120535715 0.992156498015873 0.5770205543154763 0.9968067956349206
0 0.6142229352678572 0.9952566964285715 0.653169177827381 0.9913814484126985 0.6397995721726191 0.15820312500000003 0.604922340029762 0.15200272817460317
0 0.653750465029762 0.18222966269841268 0.6758393787202381 0.18222966269841268 0.6810709635416667 0.9991319444444445 0.6601446242559524 0.9991319444444445
0 0.6816522507440477 0.9952566964285715 0.6979282924107143 0.992156498015873 0.6886276971726191 0.1334015376984127 0.6688639322916667 0.1341765873015873
0 0.6892089843750001 0.19618055555555555 0.7118791852678572 0.20005580357142858 0.714785621279762 0.9797557043650794 0.6996721540178572 0.9828559027777778
0 0.726411365327381 0.9968067956349206 0.7915155319940477 0.9898313492063493 0.7868652343750001 0.1574280753968254 0.7298990885416667 0.15587797619047622
0 0.7979096912202381 0.15122767857142858 0.860688709077381 0.15820312500000003 0.8641764322916667 0.9952566964285715 0.8008161272321429 0.996031746031746
0 0.872895740327381 0.996031746031746 0.910098121279762 0.9991319444444445 0.909516834077381 0.18843005952380953 0.8787086123511906 0.1845548115079365
0 0.9211425781250001 0.1861049107142857 0.9519507998511906 0.18998015873015872 0.9525320870535715 0.9913814484126985 0.9152134486607144 0.9996744791666666
0 0.9519507998511906 0.9875062003968255 0.9781087239583334 0.9813058035714285 0.9763648623511906 0.16827876984126985 0.9443940662202381 0.1605282738095238
