0 0.010143649193548383 0.22435735887096772 0.0715725806451613 0.23170782930107525 0.12906376008064518 0.9657048051075269 0.08102318548387097 0.96885500672043
0 0.08181073588709677 0.2632098454301075 0.11646295362903226 0.27371051747311825 0.158203125 0.954154065860215 0.12906376008064518 0.9552041330645161
0 0.12118825604838711 0.27056031586021506 0.15584047379032256 0.27161038306451607 0.18419228830645162 0.954154065860215 0.16292842741935482 0.954154065860215
0 0.16214087701612906 0.22225722446236554 0.23853326612903225 0.23800823252688172 0.24562121975806456 0.9468035954301075 0.18970514112903225 0.9583543346774194
0 0.2503465221774194 0.23170782930107525 0.31728830645161293 0.24010836693548385 0.2960244455645161 0.9331527217741935 0.2464087701612903 0.9415532594086021
0 0.3243762600806452 0.3440650201612903 0.3653288810483871 0.3514154905913978 0.33697706653225806 0.9163516465053764 0.300749747983871 0.926852318548387
0 0.3747794858870968 0.27686071908602145 0.4243951612903226 0.28526125672043007 0.3787172379032258 0.9100512432795699 0.3409148185483871 0.9195018481182795
0 0.4385710685483871 0.17080393145161288 0.4763734879032258 0.17710433467741934 0.4110068044354839 0.9352528561827956 0.38265498991935487 0.9373529905913979
0 0.48424899193548393 0.17710433467741934 0.5126008064516129 0.18130460349462363 0.4425088205645161 0.9331527217741935 0.41573210685483875 0.9342027889784946
0 0.5181136592741935 0.1781544018817204 0.5511907762096774 0.1855048723118279 0.4700730846774193 0.9237021169354839 0.4417212701612903 0.924752184139785
0 0.5401650705645161 0.284211189516129 0.5724546370967741 0.2863113239247312 0.4944871471774193 0.8995505712365591 0.4724357358870968 0.8995505712365591
0 0.5756048387096774 0.2863113239247312 0.6102570564516129 0.2884114583333333 0.5228389616935484 0.8869497647849461 0.4968497983870968 0.8858996975806451
0 0.6134072580645161 0.2810609879032258 0.6488470262096774 0.2894615255376344 0.5464654737903225 0.8774991599462365 0.5228389616935484 0.8816994287634409
0 0.6567225302419355 0.21070648521505375 0.6961000504032258 0.2201570900537634 0.5842678931451613 0.8722488239247311 0.5504032258064516 0.8743489583333334
0 0.6937373991935484 0.2495589717741935 0.7283896169354839 0.25795950940860213 0.6165574596774193 0.8606980846774194 0.581117691532258 0.8627982190860215
0 0.7370526713709677 0.24430863575268813 0.7646169354838709 0.2548093077956989 0.6449092741935484 0.8606980846774194 0.6173450100806451 0.8606980846774194
0 0.7937563004032258 0.1876050067204301 0.829196068548387 0.20335601478494622 0.6811365927419355 0.8743489583333334 0.6575100806451613 0.8816994287634409
0 0.825258316532258 0.18865507392473116 0.8622731854838709 0.1991557459677419 0.7055506552419355 0.87119875672043 0.682711693548387 0.8764490927419355
0 0.8756615423387096 0.2516591061827957 0.902438256048387 0.2611097110215053 0.7551663306451613 0.827095934139785 0.727602066532258 0.8312962029569891
0 0.8827494959677419 0.33671454973118276 0.9252772177419355 0.339864751344086 0.7819430443548386 0.8186953965053764 0.7606791834677419 0.8228956653225806
