0 0.025107106854838704 0.19180527553763438 0.04400831653225806 0.19180527553763438 0.05109627016129033 0.9027007728494624 0.025107106854838704 0.9048009072580645
0 0.049521169354838704 0.11830057123655911 0.07078503024193548 0.12040070564516125 0.08181073588709677 0.9090011760752689 0.053458921370967735 0.9058509744623655
0 0.07787298387096774 0.12040070564516125 0.11173765120967742 0.12565104166666666 0.11961315524193548 0.9027007728494624 0.08338583669354839 0.9069010416666666
0 0.14638986895161288 0.12775117607526879 0.1826171875 0.12460097446236557 0.1975806451612903 0.9205519153225806 0.15426537298387094 0.9142515120967741
0 0.19443044354838712 0.1907552083333333 0.22514490927419356 0.18970514112903222 0.23853326612903225 0.9058509744623655 0.20703125 0.9048009072580645
0 0.22672001008064518 0.11725050403225805 0.2503465221774194 0.11725050403225805 0.26215977822580644 0.9289524529569891 0.23617061491935487 0.924752184139785
0 0.255859375 0.17290406586021503 0.2779107862903226 0.17290406586021503 0.2960244455645161 0.9300025201612904 0.2668850806451613 0.9279023857526881
0 0.2802734375 0.12565104166666666 0.29759954637096775 0.12460097446236557 0.3196509576612903 0.9289524529569891 0.2991746471774194 0.9342027889784946
0 0.2991746471774194 0.11515036962365588 0.32201360887096775 0.11725050403225805 0.34327746975806456 0.9373529905913979 0.32122605846774194 0.9352528561827956
0 0.3235887096774194 0.11200016801075267 0.36060357862903225 0.11725050403225805 0.38580519153225806 0.9415532594086021 0.349577872983871 0.9363029233870966
0 0.3637537802419355 0.11620043682795696 0.39525579637096775 0.11830057123655911 0.4251827116935484 0.9436533938172044 0.39053049395161293 0.9489037298387096
0 0.4015561995967742 0.11200016801075267 0.43463331653225806 0.11725050403225805 0.45747227822580644 0.9436533938172044 0.4259702620967742 0.9457535282258065
0 0.4377835181451613 0.12670110887096772 0.47164818548387094 0.12880124327956985 0.4952746975806452 0.9489037298387096 0.4645602318548387 0.9499537970430106
0 0.47558593750000006 0.12565104166666666 0.5094506048387096 0.12775117607526879 0.5441028225806451 0.9573042674731184 0.503937752016129 0.9562542002688171
0 0.5110257056451613 0.11620043682795696 0.5425277217741935 0.11725050403225805 0.5748172883064516 0.9646547379032259 0.5464654737903225 0.9615045362903225
0 0.5464654737903225 0.11410030241935482 0.5732421875 0.11725050403225805 0.609469506048387 0.9615045362903225 0.577179939516129 0.9646547379032259
0 0.5787550403225806 0.11305023521505374 0.6071068548387096 0.1099000336021505 0.6441217237903225 0.966754872311828 0.6149823588709677 0.966754872311828
0 0.6126197076612903 0.11200016801075267 0.6441217237903225 0.11410030241935482 0.6779863911290323 0.9793556787634409 0.6472719254032258 0.9709551411290321
0 0.6480594758064516 0.11200016801075267 0.6764112903225806 0.11305023521505374 0.7150012600806451 0.9783056115591399 0.6819241431451613 0.9751554099462365
0 0.682711693548387 0.11305023521505374 0.7157888104838709 0.10884996639784944 0.755953881048387 0.9835559475806451 0.7213016633064516 0.9835559475806451
0 0.7268145161290323 0.11095010080645158 0.752016129032258 0.11410030241935482 0.7898185483870968 0.9804057459677419 0.7591040826612903 0.9856560819892474
0 0.7567414314516129 0.18970514112903222 0.7882434475806451 0.19705561155913975 0.8228956653225806 0.9720052083333334 0.7921811995967741 0.9720052083333334
0 0.796906502016129 0.2201570900537634 0.8362840221774194 0.21595682123655913 0.8662109375 0.9804057459677419 0.8299836189516129 0.9867061491935484
0 0.8465221774193548 0.11305023521505374 0.8772366431451613 0.11095010080645158 0.9142515120967741 0.9919564852150536 0.874086441532258 0.9982568884408601
0 0.8772366431451613 0.1781544018817204 0.9063760080645161 0.17920446908602147 0.9465410786290323 0.9898563508064516 0.9142515120967741 0.9919564852150536
0 0.922914566532258 0.27791078629032256 0.9449659778225806 0.27686071908602145 0.975680443548387 0.9919564852150536 0.9481161794354839 0.9982568884408601
