0 0.01723160282258064 0.11620043682795696 0.05582157258064516 0.11935063844086019 0.07942978046661733 0.9996744791666666 0.04085811491935484 0.9996744791666666
0 0.05739667338709678 0.11515036962365588 0.0959866431451613 0.12250084005376342 0.1195665796804544 0.9996744791666666 0.08023563508064516 0.996156754032258
0 0.09756174395161289 0.1014994959677419 0.15190272177419356 0.10674983198924727 0.1691750039294426 0.9996744791666666 0.12355090725806452 0.996156754032258
0 0.1589906754032258 0.10779989919354836 0.19915574596774194 0.11200016801075267 0.22278225806451613 0.9972068212365591 0.1715914818548387 0.996156754032258
0 0.20939390120967744 0.11200016801075267 0.2574344758064516 0.11935063844086019 0.276335685483871 0.9993069556451614 0.227507560483871 0.9993069556451614
0 0.2653099798387097 0.20545614919354838 0.2999621975806452 0.21385668682795697 0.32120760518392805 0.9996744791666665 0.2810609879032258 0.9982568884408601
0 0.31098790322580644 0.21280661962365588 0.349577872983871 0.21490675403225803 0.37084173387096775 0.995106686827957 0.3311019405241934 0.9996744791666666
0 0.35587827620967744 0.06264700940860211 0.4007686491935484 0.060546874999999965 0.41966985887096775 0.9972068212365591 0.36690398185483875 0.995106686827957
0 0.40549395161290325 0.06684727822580643 0.4480216733870968 0.06894741263440857 0.46298513104838707 0.9919564852150536 0.42246566280241915 0.9996744791666666
0 0.45432207661290325 0.11305023521505374 0.49763734879032256 0.12145077284946233 0.5070879536290323 0.996156754032258 0.46771043346774194 0.9982568884408601
0 0.5063004032258064 0.11725050403225805 0.5464654737903225 0.11620043682795696 0.5574826679049977 0.9996744791666665 0.5141759072580645 0.9993069556451614
0 0.5645791330645161 0.029044858870967707 0.5968686995967741 0.03849546370967739 0.6047214693308999 0.9996744791666666 0.5622164818548386 0.9982568884408601
0 0.6228578629032258 0.24850890456989247 0.6701108870967741 0.24745883736559138 0.682711693548387 0.9762054771505376 0.6386088709677419 0.9867061491935484
0 0.678773941532258 0.25060903897849457 0.7331149193548386 0.25270917338709675 0.7457157258064516 0.9877562163978495 0.6937373991935484 0.9856560819892474
0 0.7354775705645161 0.24745883736559138 0.7811554939516129 0.25060903897849457 0.8016318044354839 0.96885500672043 0.752016129032258 0.9856560819892474
0 0.7858807963709677 0.1697538642473118 0.8189579133064516 0.1739541330645161 0.8433719758064516 0.9709551411290321 0.8055695564516129 0.9772555443548386
0 0.8181703629032258 0.16765372983870966 0.853610131048387 0.1697538642473118 0.874086441532258 0.9762054771505376 0.8465221774193548 0.9762054771505376
0 0.8567603326612903 0.17290406586021503 0.8819619455645161 0.1739541330645161 0.902438256048387 0.967804939516129 0.8764490927419355 0.9762054771505376
0 0.8843245967741935 0.17605426747311825 0.9126764112903225 0.17920446908602147 0.9331527217741935 0.9720052083333334 0.9016507056451613 0.9699050739247311
0 0.9370904737903225 0.03954553091397846 0.9622920866935483 0.043745799731182755 0.9827683971774193 0.9741053427419355 0.9607169858870968 0.9846060147849461
