0 0.03219506048387097 0.17080393145161288 0.06527217741935484 0.17080393145161288 0.08023563508064516 0.9594044018817204 0.047158518145161296 0.9552041330645161
0 0.06448462701612903 0.09729922715053761 0.09362399193548386 0.09519909274193546 0.1085874495967742 0.9804057459677419 0.07708543346774194 0.9762054771505376
0 0.09519909274193548 0.1529527889784946 0.1227633568548387 0.15505292338709675 0.13851436491935482 0.9772555443548386 0.1101625504032258 0.9783056115591399
0 0.12433845766129033 0.09624915994623652 0.1432396673387097 0.10044942876344083 0.17080393145161288 0.9804057459677419 0.14560231854838712 0.9804057459677419
0 0.14560231854838712 0.09624915994623652 0.1715914818548387 0.09834929435483869 0.19994329637096775 0.9867061491935484 0.17001638104838712 0.9867061491935484
0 0.17789188508064518 0.09624915994623652 0.21411920362903225 0.09834929435483869 0.2408959173387097 0.9867061491935484 0.19994329637096775 0.9919564852150536
0 0.22041960685483875 0.10044942876344083 0.24877142137096775 0.1014994959677419 0.2794858870967742 0.9898563508064516 0.24325856854838712 0.9940566196236559
0 0.25822202620967744 0.09729922715053761 0.2897240423387097 0.10044942876344083 0.322737549433933 0.9996744791666666 0.2857862903225807 0.995106686827957
0 0.29759954637096775 0.11305023521505374 0.33382686491935487 0.11515036962365588 0.36139112903225806 0.9909064180107526 0.3267389112903226 0.9982568884408601
0 0.3393397177419355 0.11305023521505374 0.3771421370967742 0.11515036962365588 0.4086441532258065 0.996156754032258 0.37084173387096775 0.9940566196236559
0 0.3787172379032258 0.10674983198924727 0.40549395161290325 0.10674983198924727 0.44014616935483875 0.996156754032258 0.40706905241935487 0.9993069556451614
0 0.41651965725806456 0.1014994959677419 0.44014616935483875 0.10779989919354836 0.47558593750000006 0.996156754032258 0.4464465725806452 0.9993069556451614
0 0.451171875 0.10254956317204299 0.4810987903225807 0.10359963037634407 0.5126008064516129 0.995106686827957 0.4771610383064517 0.996156754032258
0 0.4850365423387097 0.10254956317204299 0.5165385584677419 0.10464969758064513 0.5480405745967741 0.9972068212365591 0.5165385584677419 0.9972068212365591
0 0.5228389616935484 0.1014994959677419 0.5551285282258064 0.10779989919354836 0.5882056451612903 0.996156754032258 0.552765877016129 0.9993069556451614
0 0.5590662802419355 0.1014994959677419 0.5929309475806451 0.10464969758064513 0.6307333669354839 0.996156754032258 0.5945060483870968 0.9982568884408601
0 0.6023815524193548 0.10674983198924727 0.6307333669354839 0.11095010080645158 0.6677198301435093 0.9996744791666664 0.6362462197580645 0.9972068212365591
0 0.6378213205645161 0.18970514112903222 0.6677482358870968 0.19390540994623653 0.6967496518026182 0.9996744791666669 0.6677482358870968 0.9996744791666666
0 0.6716859879032258 0.21490675403225803 0.7142137096774194 0.21700688844086016 0.7479584019246215 0.9996744791666665 0.7008253528225806 0.9982568884408601
0 0.7228767641129031 0.11095010080645158 0.755953881048387 0.1099000336021505 0.7866683467741935 0.9993069556451614 0.7465032762096774 0.996156754032258
0 0.7606791834677419 0.17605426747311825 0.7850932459677419 0.1781544018817204 0.8236832157258064 0.9972068212365591 0.7882434475806451 0.9982568884408601
0 0.804782006048387 0.2873613911290322 0.821320564516129 0.28526125672043007 0.8501359234156683 0.9996744791666666 0.8189579133064516 0.9996744791666666
0 0.8449470766129031 0.09519909274193546 0.8922001008064516 0.1056997647849462 0.9158266129032258 0.9993069556451614 0.8622731854838709 0.9982568884408601
0 0.9150390625 0.10044942876344083 0.959141885080645 0.10884996639784944 0.9827683971774193 0.9993069556451614 0.9292149697580645 0.9993069556451614
