0 0.20545614919354838 0.006993447580645129 0.12748865927419356 0.002793178763440827 0.15505292338709675 0.8491473454301075 0.22278225806451613 0.8407468077956989
0 0.2180569556451613 0.0017431115591397515 0.29287424395161293 0.008043514784946205 0.29444934475806456 0.8470472110215054 0.22672001008064518 0.8480972782258065
0 0.31728830645161293 0.05319640456989244 0.36060357862903225 0.06264700940860211 0.3519405241935484 0.8260458669354839 0.3054750504032258 0.8333963373655914
0 0.3692666330645161 0.0006930443548386761 0.41021925403225806 0.005943380376344054 0.3936806955645161 0.8659484206989246 0.35587827620967744 0.869098622311828
0 0.41966985887096775 0.0038432459677419026 0.45589717741935487 0.005943380376344054 0.43069556451612906 0.8659484206989246 0.3976184475806452 0.8659484206989246
0 0.45510962701612906 0.12670110887096772 0.4810987903225807 0.1319514448924731 0.4488092237903226 0.841796875 0.43148311491935487 0.8438970094086021
0 0.48188634072580644 0.12985131048387094 0.5 0.13720178091397847 0.46928553427419356 0.8396967405913979 0.4488092237903226 0.8396967405913979
0 0.5110257056451613 0.022744455645161258 0.5590662802419355 0.03324512768817201 0.5196887600806451 0.8386466733870966 0.46928553427419356 0.842846942204301
0 0.5637915826612903 0.032195060483870934 0.6173450100806451 0.03954553091397846 0.5685168850806451 0.8365465389784946 0.5212638608870968 0.842846942204301
0 0.6291582661290323 0.03849546370967739 0.6732610887096774 0.043745799731182755 0.6173450100806451 0.8386466733870966 0.5700919858870968 0.8396967405913979
0 0.6795614919354839 0.07629788306451611 0.7079133064516129 0.08154821908602149 0.6433341733870968 0.8375966061827956 0.6228578629032258 0.8386466733870966
0 0.7102759576612903 0.0804981518817204 0.7386277721774194 0.088898689516129 0.6701108870967741 0.8396967405913979 0.6425466229838709 0.8396967405913979
0 0.7496534778225806 0.04689600134408598 0.804782006048387 0.05529653897849459 0.7213016633064516 0.8407468077956989 0.6756237399193548 0.8323462701612904
0 0.8205330141129031 0.05844674059139782 0.8685735887096774 0.06579721102150533 0.7780052923387096 0.8375966061827956 0.727602066532258 0.8386466733870966
0 0.8693611391129031 0.17290406586021503 0.9048009072580645 0.18025453629032254 0.8221081149193548 0.8333963373655914 0.7795803931451613 0.8333963373655914
0 0.9142515120967741 0.11725050403225805 0.9630796370967742 0.12250084005376342 0.8614856350806451 0.8312962029569891 0.8268334173387096 0.8333963373655914
