0 0.01171875 0.1571530577956989 0.047946068548387094 0.16240339381720426 0.05109627016129033 0.9972068212365591 0.009356098790322578 0.9972068212365591
0 0.051883820564516125 0.15505292338709675 0.09283644153225808 0.16135332661290322 0.09126134072580645 0.9993069556451614 0.05109627016129033 0.9972068212365591
0 0.09519909274193548 0.1655535954301075 0.12827620967741937 0.17185399865591397 0.12670110887096775 0.9982568884408601 0.09204889112903226 0.996156754032258
0 0.12748865927419356 0.16765372983870966 0.16056577620967744 0.1739541330645161 0.158203125 0.9972068212365591 0.12985131048387094 0.9972068212365591
0 0.1723790322580645 0.03639532930107524 0.20466859879032256 0.047946068548387066 0.2015275809334966 0.9996744791666669 0.1589906754032258 0.9993069556451614
0 0.20703125 0.13720178091397847 0.24404611895161293 0.15085265456989244 0.23695816532258068 0.9940566196236559 0.20545614919354838 0.9972068212365591
0 0.2511340725806452 0.1435021841397849 0.28814894153225806 0.15505292338709675 0.28263608870967744 0.9993069556451614 0.23932081653225806 0.9993069556451614
0 0.2920866935483871 0.14665238575268816 0.3196509576612903 0.15400285618279566 0.30783770161290325 0.9972068212365591 0.2810609879032258 0.9993069556451614
0 0.31807585685483875 0.14980258736559138 0.3401272681451613 0.15505292338709675 0.33303931451612906 0.9888062836021505 0.31098790322580644 0.9930065524193549
0 0.3409148185483871 0.15400285618279566 0.36769153225806456 0.16240339381720426 0.3637537802419355 0.9867061491935484 0.3354019657258065 0.9867061491935484
0 0.3692666330645161 0.29681199596774194 0.39446824596774194 0.30416246639784944 0.3889553931451613 0.96885500672043 0.3629662298387097 0.9730552755376344
0 0.3968308971774194 0.29681199596774194 0.4243951612903226 0.30416246639784944 0.4173072076612903 0.967804939516129 0.3889553931451613 0.9720052083333334
0 0.4267578125 0.1697538642473118 0.45983492943548393 0.18025453629032254 0.45510962701612906 0.9625546034946236 0.4220325100806452 0.9730552755376344
0 0.4621975806451613 0.17500420026881716 0.4944871471774193 0.18340473790322578 0.48346144153225806 0.9604544690860215 0.4582598286290323 0.966754872311828
0 0.49369959677419356 0.1781544018817204 0.5236265120967741 0.18445480510752685 0.5236265120967741 0.9573042674731184 0.4913369455645162 0.9646547379032259
0 0.5307144657258064 0.2117565524193548 0.5661542338709677 0.21490675403225803 0.5535534274193548 0.9583543346774194 0.5267767137096774 0.9562542002688171
0 0.5661542338709677 0.21070648521505375 0.5882056451612903 0.21805695564516125 0.5897807459677419 0.9552041330645161 0.5598538306451613 0.9573042674731184
0 0.6031691028225806 0.18445480510752685 0.6480594758064516 0.19705561155913975 0.6433341733870968 0.9625546034946236 0.5968686995967741 0.9625546034946236
0 0.6519972278225806 0.18970514112903222 0.6945249495967741 0.20125588037634404 0.6905871975806451 0.954154065860215 0.646484375 0.9562542002688171
0 0.7063382056451613 0.11935063844086019 0.727602066532258 0.12775117607526879 0.7299647177419355 0.9552041330645161 0.6968876008064516 0.9426033266129031
0 0.7331149193548386 0.13405157930107522 0.7567414314516129 0.13825184811827954 0.755953881048387 0.9310525873655914 0.723664314516129 0.9436533938172044
0 0.7535912298387096 0.13405157930107522 0.7850932459677419 0.13405157930107522 0.7811554939516129 0.9321026545698925 0.7567414314516129 0.940503192204301
0 0.7874558971774194 0.21490675403225803 0.8142326108870968 0.21700688844086016 0.8118699596774194 0.9069010416666666 0.7850932459677419 0.9069010416666666
0 0.8142326108870968 0.21805695564516125 0.8394342237903225 0.21910702284946235 0.8386466733870968 0.9090011760752689 0.8181703629032258 0.9142515120967741
0 0.8386466733870968 0.21595682123655913 0.8725113407258064 0.2296076948924731 0.8693611391129031 0.9016507056451614 0.841796875 0.9027007728494624
0 0.8748739919354839 0.21805695564516125 0.8977129536290323 0.23275789650537634 0.8977129536290323 0.8922001008064516 0.870148689516129 0.8964003696236559
0 0.9126764112903225 0.22225722446236554 0.9378780241935484 0.22330729166666663 0.943390877016129 0.9016507056451614 0.9103137600806451 0.8964003696236559
0 0.9378780241935484 0.2201570900537634 0.9646547379032258 0.2201570900537634 0.9685924899193548 0.8953503024193549 0.9410282258064516 0.898500504032258
0 0.9646547379032258 0.23065776209677416 0.9906439012096775 0.23065776209677416 0.996156754032258 0.9027007728494624 0.9701675907258065 0.8943002352150536
