0 0.11961315524193548 0.21385668682795697 0.1448147681451613 0.2201570900537634 0.15505292338709675 0.8879998319892474 0.1227633568548387 0.8900999663978495
0 0.1487525201612903 0.21385668682795697 0.17631678427419356 0.22225722446236554 0.19049269153225806 0.8785492271505376 0.15111517137096775 0.8911500336021505
0 0.17710433467741937 0.27791078629032256 0.19994329637096775 0.2800109206989247 0.21490675403225806 0.8764490927419355 0.19049269153225806 0.883799563172043
0 0.20466859879032256 0.2821110551075268 0.22120715725806456 0.28526125672043007 0.24719632056451613 0.884849630376344 0.2172694052419355 0.883799563172043
0 0.22593245967741937 0.2863113239247312 0.24719632056451613 0.2873613911290322 0.27397303427419356 0.8732988911290321 0.24798387096774194 0.8858996975806451
0 0.24955897177419356 0.22225722446236554 0.2897240423387097 0.228557627688172 0.325163810483871 0.87119875672043 0.2794858870967742 0.8774991599462365
0 0.2920866935483871 0.21805695564516125 0.3298891129032258 0.22645749327956988 0.37162928427419356 0.8638482862903225 0.3298891129032258 0.8764490927419355
0 0.3346144153225807 0.2726604502688172 0.37162928427419356 0.27581065188172044 0.4330582157258065 0.8585979502688171 0.39446824596774194 0.8669984879032259
0 0.373991935483871 0.27371051747311825 0.4173072076612903 0.27791078629032256 0.47952368951612906 0.8585979502688171 0.4362084173387097 0.8680485551075269
0 0.4117943548387097 0.2117565524193548 0.4385710685483871 0.21490675403225803 0.5157510080645161 0.8522975470430106 0.48976184475806456 0.8617481518817204
0 0.4425088205645161 0.2201570900537634 0.46298513104838707 0.22225722446236554 0.5480405745967741 0.8491473454301075 0.5173261088709677 0.8501974126344085
0 0.4700730846774193 0.29051159274193544 0.49369959677419356 0.29051159274193544 0.5708795362903225 0.8470472110215054 0.5504032258064516 0.856497815860215
0 0.49212449596774194 0.2926117271505376 0.5102381552419355 0.29471186155913975 0.5952935987903225 0.8501974126344085 0.5677293346774193 0.8470472110215054
0 0.5196887600806451 0.2936617943548387 0.5354397681451613 0.2957619287634408 0.6165574596774193 0.841796875 0.5913558467741935 0.8459971438172044
0 0.536227318548387 0.2926117271505376 0.5511907762096774 0.2957619287634408 0.6401839717741935 0.8449470766129031 0.6126197076612903 0.8407468077956989
0 0.5614289314516129 0.3451150873655913 0.5787550403225806 0.3493153561827957 0.6575100806451613 0.8354964717741935 0.6362462197580645 0.8449470766129031
0 0.581117691532258 0.35036542338709675 0.5968686995967741 0.3493153561827957 0.678773941532258 0.8323462701612904 0.6590851814516129 0.8386466733870966
0 0.5779674899193548 0.22435735887096772 0.609469506048387 0.22645749327956988 0.7165763608870968 0.8333963373655914 0.6811365927419355 0.8407468077956989
0 0.6173450100806451 0.21595682123655913 0.6559349798387096 0.2201570900537634 0.7528036794354839 0.8312962029569891 0.7228767641129031 0.8312962029569891
0 0.6913747479838709 0.3167632728494623 0.7142137096774194 0.3136130712365591 0.8205330141129031 0.8186953965053764 0.7748550907258064 0.8239457325268816
0 0.7252394153225806 0.31781334005376344 0.7614667338709677 0.31151293682795694 0.8599105342741935 0.814495127688172 0.821320564516129 0.8218455981182795
0 0.7535912298387096 0.2821110551075268 0.7906060987903225 0.2821110551075268 0.894562752016129 0.8050445228494624 0.8567603326612903 0.8176453293010751
0 0.79296875 0.2863113239247312 0.8276209677419355 0.28316112231182794 0.9386655745967741 0.8050445228494624 0.8953503024193548 0.8176453293010751
0 0.8331338205645161 0.2884114583333333 0.8630607358870968 0.2884114583333333 0.9788306451612903 0.7966439852150536 0.9347278225806451 0.8102948588709676
0 0.8890498991935484 0.3661164314516128 0.9048009072580645 0.3629662298387097 0.999755859375 0.7785217729741155 0.98828125 0.8018943212365591
