0 0.03377016129032258 0.12040070564516125 0.08259828629032258 0.11830057123655911 0.20230594758064518 0.9762054771505376 0.16214087701612906 0.9898563508064516
0 0.08496093749999999 0.12355090725806449 0.12433845766129033 0.12250084005376342 0.24719632056451613 0.9709551411290321 0.20309349798387094 0.9783056115591399
0 0.13142641129032256 0.14140204973118278 0.1715914818548387 0.144552251344086 0.2747605846774194 0.9751554099462365 0.24719632056451613 0.9772555443548386
0 0.18497983870967744 0.22435735887096772 0.22987021169354838 0.22330729166666663 0.31807585685483875 0.9709551411290321 0.2794858870967742 0.9793556787634409
0 0.22120715725806456 0.12145077284946233 0.255859375 0.12145077284946233 0.3527280745967742 0.9804057459677419 0.32122605846774194 0.9762054771505376
0 0.2668850806451613 0.12880124327956985 0.31728830645161293 0.12355090725806449 0.39525579637096775 0.9751554099462365 0.35666582661290325 0.9720052083333334
0 0.31807585685483875 0.029044858870967707 0.34327746975806456 0.025894657258064484 0.42912046370967744 0.9888062836021505 0.3968308971774194 0.9919564852150536
0 0.3653288810483871 0.24430863575268813 0.40549395161290325 0.23905829973118276 0.46377268145161293 0.9846060147849461 0.4275453629032258 0.9877562163978495
0 0.4125819052419355 0.242208501344086 0.45589717741935487 0.242208501344086 0.49842489919354843 0.9940566196236559 0.46298513104838707 0.9835559475806451
0 0.45432207661290325 0.12145077284946233 0.48976184475806456 0.11935063844086019 0.528351814516129 0.9898563508064516 0.49842489919354843 0.9898563508064516
0 0.5126008064516129 0.11725050403225805 0.5732421875 0.12040070564516125 0.5834803427419355 0.9930065524193549 0.5315020161290323 0.9846060147849461
0 0.5842678931451613 0.02064432123655911 0.6023815524193548 0.02064432123655911 0.6023815524193548 0.9982568884408601 0.5917496219758062 0.9996744791666666
0 0.6110446068548386 0.11620043682795696 0.6575100806451613 0.11515036962365588 0.6354586693548386 0.9888062836021505 0.6000189012096774 0.9972068212365591
0 0.6622353830645161 0.15610299059139782 0.7063382056451613 0.16135332661290322 0.6811365927419355 0.9730552755376344 0.6425466229838709 0.9751554099462365
0 0.7181514616935484 0.12775117607526879 0.755953881048387 0.13300151209677416 0.7157888104838709 0.996156754032258 0.6907250189012094 0.9996744791666666
0 0.7575289818548386 0.11200016801075267 0.7921811995967741 0.1099000336021505 0.7409904233870968 0.9846060147849461 0.7134261592741935 0.9741053427419355
0 0.8039944556451613 0.11725050403225805 0.8520350302419355 0.12040070564516125 0.780367943548387 0.9636046706989246 0.7449281754032258 0.9604544690860215
