0 0.025107106854838704 0.11935063844086019 0.06842237903225806 0.11725050403225805 0.18576738911290325 0.9625546034946236 0.16292842741935482 0.96885500672043
0 0.06920992943548387 0.1099000336021505 0.10149949596774192 0.11095010080645158 0.21411920362903225 0.9573042674731184 0.18970514112903225 0.9583543346774194
0 0.11961315524193548 0.24430863575268813 0.1440272177419355 0.24430863575268813 0.23617061491935487 0.9562542002688171 0.2172694052419355 0.9604544690860215
0 0.13063886088709675 0.1099000336021505 0.17552923387096775 0.10779989919354836 0.27397303427419356 0.96885500672043 0.23932081653225806 0.9720052083333334
0 0.1826171875 0.10674983198924727 0.23302041330645162 0.10464969758064513 0.3102003528225807 0.9478536626344085 0.276335685483871 0.9615045362903225
0 0.25900957661290325 0.2726604502688172 0.2920866935483871 0.27371051747311825 0.3527280745967742 0.9321026545698925 0.31807585685483875 0.9447034610215054
0 0.3031123991935484 0.27581065188172044 0.34248991935483875 0.27161038306451607 0.39446824596774194 0.9363029233870966 0.35824092741935487 0.9415532594086021
0 0.3480027721774194 0.2663600470430107 0.39446824596774194 0.2632098454301075 0.4354208669354839 0.9373529905913979 0.39525579637096775 0.939453125
0 0.3842300907258065 0.13825184811827954 0.4251827116935484 0.13825184811827954 0.4700730846774193 0.9415532594086021 0.43935861895161293 0.9415532594086021
0 0.44014616935483875 0.08784862231182793 0.49212449596774194 0.088898689516129 0.5204763104838709 0.9468035954301075 0.48424899193548393 0.9426033266129031
0 0.4952746975806452 0.0804981518817204 0.5275642641129031 0.0804981518817204 0.5425277217741935 0.9562542002688171 0.5212638608870968 0.954154065860215
0 0.532289566532258 0.004893313172042978 0.585055443548387 0.0038432459677419026 0.5866305443548386 0.9583543346774194 0.5433152721774193 0.9636046706989246
0 0.5913558467741935 0.008043514784946205 0.6315209173387096 0.009093581989247278 0.6228578629032258 0.9657048051075269 0.5874180947580645 0.9636046706989246
0 0.650422127016129 0.08784862231182793 0.6929498487903225 0.08784862231182793 0.6645980342741935 0.9720052083333334 0.6275831653225806 0.9709551411290321
0 0.7102759576612903 0.088898689516129 0.7488659274193548 0.08679855510752686 0.7299647177419355 0.9342027889784946 0.7000378024193548 0.9415532594086021
0 0.7488659274193548 0.08154821908602149 0.7890309979838709 0.07944808467741933 0.7591040826612903 0.9373529905913979 0.7339024697580645 0.939453125
0 0.8055695564516129 0.006993447580645129 0.8402217741935484 0.008043514784946205 0.8583354334677419 0.9804057459677419 0.8307711693548386 0.981455813172043
