0 0.01723160282258064 0.18130460349462363 0.04164566532258064 0.18970514112903222 0.03928301411290322 0.855447748655914 0.006993447580645164 0.8648983534946236
0 0.044795866935483875 0.2432585685483871 0.06999747983870967 0.24850890456989247 0.0715725806451613 0.855447748655914 0.04243321572580645 0.8596480174731184
0 0.0731476814516129 0.2548093077956989 0.09913684475806452 0.2590095766129032 0.10228704637096774 0.8512474798387096 0.07078503024193548 0.8543976814516129
0 0.10543724798387095 0.11095010080645158 0.14638986895161288 0.12460097446236557 0.15977822580645162 0.8470472110215054 0.11095010080645161 0.856497815860215
0 0.15111517137096775 0.10254956317204299 0.1975806451612903 0.10884996639784944 0.2219947076612903 0.8491473454301075 0.1715914818548387 0.8533476142473119
0 0.20230594758064518 0.22225722446236554 0.2416834677419355 0.22225722446236554 0.2716103830645161 0.8302461357526881 0.22672001008064518 0.8470472110215054
0 0.2464087701612903 0.22540742607526879 0.2920866935483871 0.228557627688172 0.3196509576612903 0.827095934139785 0.2794858870967742 0.8459971438172044
0 0.2952368951612903 0.21910702284946235 0.33382686491935487 0.22435735887096772 0.3755670362903226 0.8344464045698925 0.3283140120967742 0.8449470766129031
0 0.3401272681451613 0.19180527553763438 0.38186743951612906 0.19180527553763438 0.43463331653225806 0.842846942204301 0.38265498991935487 0.8449470766129031
0 0.3881678427419355 0.19600554435483866 0.43069556451612906 0.20125588037634404 0.4889742943548387 0.8333963373655914 0.4369959677419355 0.8375966061827956
0 0.44408392137096775 0.20230594758064513 0.4850365423387097 0.20335601478494622 0.5511907762096774 0.8176453293010751 0.4952746975806452 0.8365465389784946
0 0.5031502016129031 0.284211189516129 0.5259891633064516 0.2873613911290322 0.5874180947580645 0.8344464045698925 0.5574911794354839 0.8407468077956989
0 0.5259891633064516 0.2894615255376344 0.5448903729838709 0.2884114583333333 0.605531754032258 0.829196068548387 0.5882056451612903 0.8375966061827956
0 0.5315020161290323 0.12145077284946233 0.5590662802419355 0.11935063844086019 0.646484375 0.8396967405913979 0.6157699092741935 0.841796875
0 0.5622164818548386 0.11830057123655911 0.5897807459677419 0.12565104166666666 0.6803490423387096 0.8375966061827956 0.6488470262096774 0.8354964717741935
0 0.5992313508064516 0.1876050067204301 0.6228578629032258 0.19180527553763438 0.7024004536290323 0.827095934139785 0.6795614919354839 0.829196068548387
0 0.626008064516129 0.18865507392473116 0.6449092741935484 0.18970514112903222 0.7244518649193548 0.8249957997311829 0.7000378024193548 0.828146001344086
0 0.658297631048387 0.25795950940860213 0.6858618951612903 0.2611097110215053 0.7606791834677419 0.8228956653225806 0.7291771673387096 0.8260458669354839
0 0.6890120967741935 0.2600596438172043 0.7181514616935484 0.2663600470430107 0.796906502016129 0.8218455981182795 0.7622542842741935 0.828146001344086
0 0.7283896169354839 0.08574848790322577 0.7472908266129031 0.08679855510752686 0.8599105342741935 0.8218455981182795 0.8244707661290323 0.8239457325268816
