0 0.03219506048387097 0.06684727822580643 0.09283644153225808 0.0678973454301075 0.1818296370967742 0.8943002352150536 0.13693926411290325 0.9016507056451614
0 0.09519909274193548 0.07629788306451611 0.1448147681451613 0.07314768145161288 0.227507560483871 0.898500504032258 0.18813004032258063 0.8964003696236559
0 0.15269027217741937 0.06684727822580643 0.18734248991935482 0.0720976142473118 0.2574344758064516 0.897450436827957 0.227507560483871 0.8995505712365591
0 0.18813004032258063 0.07104754704301071 0.2314453125 0.0804981518817204 0.28736139112903225 0.9027007728494624 0.25979712701612906 0.9100512432795699
0 0.23853326612903225 0.05634660618279567 0.2794858870967742 0.0678973454301075 0.3235887096774194 0.8995505712365591 0.2897240423387097 0.9006006384408601
0 0.28736139112903225 0.06474714381720427 0.3243762600806452 0.06999747983870964 0.35824092741935487 0.912151377688172 0.3291015625 0.9090011760752689
0 0.3291015625 0.05739667338709673 0.4015561995967742 0.060546874999999965 0.40943170362903225 0.8953503024193549 0.3653288810483871 0.9153015793010751
0 0.4039188508064516 0.05844674059139782 0.47794858870967744 0.06264700940860211 0.4700730846774193 0.9184517809139785 0.42045740927419356 0.9300025201612904
0 0.4803112399193548 0.06999747983870964 0.5236265120967741 0.07104754704301071 0.5047253024193548 0.9184517809139785 0.47322328629032256 0.9226520497311829
0 0.5267767137096774 0.07314768145161288 0.5614289314516129 0.0720976142473118 0.5338646673387096 0.9279023857526881 0.5070879536290323 0.9300025201612904
0 0.5700919858870968 0.07104754704301071 0.6488470262096774 0.06999747983870964 0.5968686995967741 0.9625546034946236 0.5448903729838709 0.9583543346774194
0 0.6590851814516129 0.07104754704301071 0.7354775705645161 0.0720976142473118 0.6645980342741935 0.9573042674731184 0.6031691028225806 0.9625546034946236
0 0.7472908266129031 0.07629788306451611 0.7866683467741935 0.07839801747311825 0.6961000504032258 0.9657048051075269 0.6701108870967741 0.9657048051075269
0 0.7882434475806451 0.07419774865591394 0.8221081149193548 0.0804981518817204 0.7126386088709677 0.9594044018817204 0.6921622983870968 0.9636046706989246
0 0.8071446572580645 0.21910702284946235 0.8354964717741935 0.228557627688172 0.7386277721774194 0.9699050739247311 0.7181514616935484 0.96885500672043
0 0.8606980846774194 0.08259828629032255 0.9032258064516129 0.08679855510752686 0.776430191532258 0.967804939516129 0.7402028729838709 0.9720052083333334
0 0.9071635584677419 0.08679855510752686 0.9552041330645161 0.08994875672043008 0.8087197580645161 0.9604544690860215 0.776430191532258 0.966754872311828
0 0.9292149697580645 0.2611097110215053 0.9615045362903225 0.26951024865591394 0.8441595262096774 0.9499537970430106 0.8158077116935484 0.9489037298387096
0 0.9709551411290323 0.27686071908602145 0.999755859375 0.27594641057027647 0.8851121471774194 0.9436533938172044 0.8520350302419355 0.953103998655914
