0 0.0022681451612903206 0.21700688844086016 0.05267137096774194 0.21595682123655913 0.11095010080645161 0.8522975470430106 0.07078503024193548 0.8522975470430106
0 0.05267137096774194 0.23065776209677416 0.08102318548387097 0.22330729166666663 0.14166456653225806 0.855447748655914 0.10622479838709677 0.8627982190860215
0 0.08889868951612905 0.2212071572580645 0.13930191532258063 0.21700688844086016 0.18734248991935482 0.8470472110215054 0.1487525201612903 0.8543976814516129
0 0.13142641129032256 0.07839801747311825 0.15584047379032256 0.0804981518817204 0.22120715725806456 0.9205519153225806 0.19521799395161288 0.925802251344086
0 0.2078188004032258 0.30626260080645157 0.24010836693548387 0.30626260080645157 0.28263608870967744 0.8743489583333334 0.24798387096774194 0.8764490927419355
0 0.23302041330645162 0.21595682123655913 0.25979712701612906 0.21805695564516125 0.3133505544354839 0.8785492271505376 0.28657384072580644 0.883799563172043
0 0.2645224294354839 0.21385668682795697 0.28736139112903225 0.21385668682795697 0.34248991935483875 0.884849630376344 0.3141381048387097 0.8858996975806451
0 0.2905115927419355 0.2117565524193548 0.32280115927419356 0.21490675403225803 0.37005418346774194 0.8900999663978495 0.3385521673387097 0.8900999663978495
0 0.3204385080645161 0.24850890456989247 0.34642767137096775 0.24430863575268813 0.39525579637096775 0.8869497647849461 0.36611643145161293 0.8922001008064516
0 0.34564012096774194 0.14560231854838707 0.3873802923387097 0.14560231854838707 0.42990801411290325 0.8943002352150536 0.39525579637096775 0.9027007728494624
0 0.3889553931451613 0.2117565524193548 0.4236076108870968 0.2065062163978494 0.46771043346774194 0.9090011760752689 0.42990801411290325 0.911101310483871
0 0.4267578125 0.21385668682795697 0.4527469758064516 0.21385668682795697 0.4944871471774193 0.911101310483871 0.46534778225806456 0.9090011760752689
0 0.45747227822580644 0.23590809811827954 0.5055128528225806 0.22330729166666663 0.548828125 0.9237021169354839 0.4952746975806452 0.9237021169354839
0 0.5094506048387096 0.23275789650537634 0.560641381048387 0.21700688844086016 0.6008064516129031 0.9321026545698925 0.5433152721774193 0.924752184139785
0 0.5669417842741935 0.24640877016129029 0.5952935987903225 0.24640877016129029 0.6378213205645161 0.9163516465053764 0.6086819556451613 0.9163516465053764
0 0.5968686995967741 0.17710433467741934 0.6307333669354839 0.17605426747311825 0.6685357862903225 0.9279023857526881 0.6362462197580645 0.9300025201612904
0 0.6370337701612903 0.12985131048387094 0.6653855846774193 0.12460097446236557 0.7063382056451613 0.9468035954301075 0.6779863911290323 0.9489037298387096
0 0.678773941532258 0.12880124327956985 0.7433530745967741 0.12670110887096772 0.7693422379032258 0.9489037298387096 0.7134261592741935 0.9510038642473119
0 0.752016129032258 0.1319514448924731 0.8134450604838709 0.12460097446236557 0.8299836189516129 0.9741053427419355 0.772492439516129 0.9583543346774194
0 0.8205330141129031 0.20965641801075266 0.8638482862903225 0.20335601478494622 0.8827494959677419 0.940503192204301 0.841796875 0.939453125
0 0.8669984879032258 0.21070648521505375 0.9111013104838709 0.20335601478494622 0.922914566532258 0.9552041330645161 0.8858996975806451 0.9489037298387096
0 0.9205519153225806 0.20440608198924728 0.9567792338709677 0.1991557459677419 0.9622920866935483 0.9636046706989246 0.9307900705645161 0.9604544690860215
0 0.9622920866935483 0.2075562836021505 0.9953692036290323 0.20230594758064513 0.9969443044354838 0.9552041330645161 0.9670173891129032 0.9604544690860215
