0 0.03219506048387097 0.12775117607526879 0.0959866431451613 0.13090137768817203 0.18576738911290325 0.9709551411290321 0.12748865927419356 0.9783056115591399
0 0.09677419354838711 0.06474714381720427 0.13693926411290325 0.06474714381720427 0.22514490927419356 0.9604544690860215 0.18576738911290325 0.9636046706989246
0 0.14008946572580644 0.06684727822580643 0.227507560483871 0.06579721102150533 0.2897240423387097 0.9573042674731184 0.2282951108870968 0.9646547379032259
0 0.23617061491935487 0.11515036962365588 0.2645224294354839 0.11305023521505374 0.31886340725806456 0.9310525873655914 0.2920866935483871 0.9321026545698925
0 0.2794858870967742 0.2548093077956989 0.31728830645161293 0.2537592405913978 0.3598160282258065 0.9279023857526881 0.3259513608870968 0.9352528561827956
0 0.3102003528225807 0.13300151209677416 0.3653288810483871 0.13510164650537632 0.4007686491935484 0.9310525873655914 0.3590284778225807 0.9331527217741935
0 0.36690398185483875 0.14245211693548385 0.40234375 0.1403519825268817 0.4362084173387097 0.9300025201612904 0.40549395161290325 0.940503192204301
0 0.41021925403225806 0.14665238575268816 0.4566847278225807 0.14665238575268816 0.4771610383064517 0.924752184139785 0.44329637096774194 0.9310525873655914
0 0.45747227822580644 0.1361517137096774 0.49842489919354843 0.14140204973118278 0.5126008064516129 0.9205519153225806 0.48188634072580644 0.9279023857526881
0 0.5047253024193548 0.15400285618279566 0.5456779233870968 0.15400285618279566 0.548828125 0.9027007728494624 0.5181136592741935 0.9016507056451614
0 0.5535534274193548 0.20230594758064513 0.6165574596774193 0.20335601478494622 0.609469506048387 0.9457535282258065 0.556703629032258 0.9478536626344085
0 0.6291582661290323 0.09099882392473115 0.7307522681451613 0.09414902553763438 0.6913747479838709 0.9415532594086021 0.6134072580645161 0.939453125
0 0.7268145161290323 0.1403519825268817 0.7827305947580645 0.144552251344086 0.7409904233870968 0.9499537970430106 0.6953125 0.9478536626344085
0 0.7882434475806451 0.08994875672043008 0.8599105342741935 0.09414902553763438 0.7953314012096774 0.9520539314516129 0.7425655241935484 0.9552041330645161
0 0.8606980846774194 0.10254956317204299 0.9032258064516129 0.10464969758064513 0.8354964717741935 0.9552041330645161 0.8000567036290323 0.9573042674731184
0 0.9071635584677419 0.08154821908602149 0.9607169858870968 0.08574848790322577 0.8772366431451613 0.9489037298387096 0.8394342237903225 0.9562542002688171
0 0.9607169858870968 0.088898689516129 0.9985194052419355 0.09414902553763438 0.9134639616935484 0.9499537970430106 0.878024193548387 0.953103998655914
