0 0.10464969758064517 0.13720178091397847 0.2464087701612903 0.14770245295698922 0.2172694052419355 0.9919564852150536 0.0723601310483871 0.9919564852150536
0 0.2676142939814815 0.14011863425925927 0.33814380787037035 0.1449411651234568 0.2938368055555556 0.9912953317901234 0.22963686342592593 0.9985291280864197
0 0.3634620949074074 0.1606143904320988 0.41500289351851855 0.16423128858024694 0.36888744212962965 0.9864728009259259 0.3001663773148148 0.9912953317901234
0 0.43308738425925924 0.14373553240740744 0.48734085648148145 0.15579185956790123 0.4367042824074074 0.9937065972222222 0.3725043402777778 0.9985291280864197
0 0.5009042245370371 0.14976369598765435 0.5515407986111112 0.15579185956790123 0.500077200910901 0.9996744791666666 0.43941695601851855 0.9925009645061729
0 0.5696252893518519 0.14373553240740744 0.619357638888889 0.1606143904320988 0.5569661458333334 0.9973234953703703 0.5009042245370371 0.9949122299382717
0 0.6265914351851852 0.1666425540123457 0.6627604166666667 0.17990451388888892 0.6085069444444445 0.9888840663580246 0.5605830439814815 0.9912953317901234
0 0.6645688657407408 0.24862557870370372 0.6980251736111112 0.24741994598765435 0.645580150462963 0.9792390046296297 0.6139322916666667 0.9792390046296297
0 0.7143012152777778 0.14855806327160495 0.7685546875 0.15940875771604943 0.6935040509259259 0.9949122299382717 0.6491970486111112 0.9961178626543209
0 0.7721715856481481 0.14252989969135807 0.8173828125 0.14976369598765435 0.741427951388889 0.9900896990740741 0.6998336226851852 0.9949122299382717
0 0.814670138888889 0.21848476080246915 0.8607855902777778 0.214867862654321 0.7983940972222222 0.9937065972222222 0.761094835069444 0.9996744791666666
0 0.8924334490740741 0.0834538966049383 0.9484953703703703 0.08827642746913582 0.8762577440799452 0.9996744791666666 0.8182870370370371 0.9996744791666666
