0 0.03140751008064516 0.27686071908602145 0.06920992943548387 0.2821110551075268 0.14560231854838712 0.9783056115591399 0.11331275201612905 0.981455813172043
0 0.051883820564516125 0.15505292338709675 0.11567540322580645 0.15505292338709675 0.1920677923387097 0.9709551411290321 0.15032762096774194 0.9751554099462365
0 0.11882560483870967 0.16240339381720426 0.158203125 0.16135332661290322 0.23380796370967744 0.9720052083333334 0.18891759072580644 0.9846060147849461
0 0.17080393145161288 0.1697538642473118 0.21411920362903225 0.16870379704301072 0.2755481350806452 0.9657048051075269 0.23774571572580644 0.9730552755376344
0 0.21884450604838712 0.1697538642473118 0.2550718245967742 0.16345346102150535 0.3133505544354839 0.9583543346774194 0.2747605846774194 0.966754872311828
0 0.2708228326612903 0.17500420026881716 0.3054750504032258 0.17290406586021503 0.3527280745967742 0.9552041330645161 0.3235887096774194 0.9562542002688171
0 0.30941280241935487 0.2201570900537634 0.3779296875 0.2212071572580645 0.40628150201612906 0.9804057459677419 0.3519405241935484 0.9898563508064516
0 0.3889553931451613 0.11830057123655911 0.4866116431451613 0.11410030241935482 0.4952746975806452 0.9741053427419355 0.4086441532258065 0.981455813172043
0 0.49606224798387094 0.15925319220430104 0.5393775201612903 0.16345346102150535 0.5378024193548386 0.9846060147849461 0.4952746975806452 0.9877562163978495
0 0.5464654737903225 0.12145077284946233 0.6181325604838709 0.12040070564516125 0.5992313508064516 0.982505880376344 0.5433152721774193 0.9835559475806451
0 0.6220703125 0.11620043682795696 0.6645980342741935 0.11725050403225805 0.6409715221774193 0.9783056115591399 0.5984438004032258 0.9898563508064516
0 0.6685357862903225 0.10779989919354836 0.7134261592741935 0.10884996639784944 0.678773941532258 0.9783056115591399 0.6433341733870968 0.9804057459677419
0 0.7165763608870968 0.11620043682795696 0.7575289818548386 0.11935063844086019 0.7157888104838709 0.9720052083333334 0.6858618951612903 0.9730552755376344
0 0.7646169354838709 0.06684727822580643 0.8354964717741935 0.07104754704301071 0.7756426411290323 0.967804939516129 0.7205141129032258 0.9751554099462365
0 0.8394342237903225 0.11095010080645158 0.9331527217741935 0.12565104166666666 0.8504599294354839 0.954154065860215 0.780367943548387 0.9699050739247311
0 0.9252772177419355 0.22225722446236554 0.975680443548387 0.22645749327956988 0.8977129536290323 0.9384030577956989 0.8512474798387096 0.9352528561827956
