0 0.10543724798387095 0.13300151209677416 0.19443044354838712 0.14140204973118278 0.16214087701612906 0.9615045362903225 0.0723601310483871 0.9709551411290321
0 0.22908266129032262 0.28316112231182794 0.26924773185483875 0.284211189516129 0.251921622983871 0.9153015793010751 0.22278225806451613 0.926852318548387
0 0.27003528225806456 0.22225722446236554 0.34327746975806456 0.22435735887096772 0.31728830645161293 0.9657048051075269 0.251921622983871 0.9562542002688171
0 0.3621786794354839 0.21595682123655913 0.43463331653225806 0.22540742607526879 0.41021925403225806 0.967804939516129 0.3377646169354839 0.9709551411290321
0 0.4377835181451613 0.186554939516129 0.536227318548387 0.18340473790322578 0.5228389616935484 0.9804057459677419 0.4243951612903226 0.9783056115591399
0 0.560641381048387 0.1739541330645161 0.5866305443548386 0.17605426747311825 0.5716670866935484 0.9877562163978495 0.5378024193548386 0.9898563508064516
0 0.5874180947580645 0.22540742607526879 0.6244329637096774 0.228557627688172 0.609469506048387 0.9741053427419355 0.5732421875 0.9793556787634409
0 0.6228578629032258 0.2075562836021505 0.6496345766129031 0.2075562836021505 0.6362462197580645 0.9709551411290321 0.609469506048387 0.9720052083333334
0 0.6708984375 0.014343918010752655 0.7354775705645161 0.02169438844086018 0.7134261592741935 0.9877562163978495 0.6480594758064516 0.996156754032258
0 0.7409904233870968 0.24430863575268813 0.8142326108870968 0.24850890456989247 0.8016318044354839 0.9625546034946236 0.7197265625 0.966754872311828
0 0.8197454637096774 0.26425991263440857 0.8504599294354839 0.2632098454301075 0.8315587197580645 0.9573042674731184 0.800844254032258 0.9552041330645161
0 0.8969254032258064 0.18340473790322578 0.9969443044354838 0.19285534274193547 0.9859185987903225 0.9972068212365591 0.8583354334677419 0.996156754032258
