0 0.05897177419354839 0.10674983198924727 0.08653603830645161 0.10779989919354836 0.1574155745967742 0.9016507056451614 0.1337890625 0.9048009072580645
0 0.07708543346774194 0.054246471774193526 0.14087701612903225 0.050046202956989215 0.21411920362903225 0.9289524529569891 0.16292842741935482 0.9384030577956989
0 0.15032762096774194 0.04479586693548384 0.21254410282258068 0.050046202956989215 0.2755481350806452 0.9384030577956989 0.2172694052419355 0.9373529905913979
0 0.22278225806451613 0.0804981518817204 0.2613722278225807 0.0804981518817204 0.3204385080645161 0.925802251344086 0.28263608870967744 0.9363029233870966
0 0.3023248487903226 0.2600596438172043 0.34248991935483875 0.25795950940860213 0.3842300907258065 0.8785492271505376 0.3503654233870968 0.8795992943548386
0 0.3385521673387097 0.16345346102150535 0.45510962701612906 0.16135332661290322 0.4905493951612903 0.9132014448924731 0.3936806955645161 0.9205519153225806
0 0.4582598286290323 0.1855048723118279 0.5244140625 0.18340473790322578 0.5543409778225806 0.9478536626344085 0.4866116431451613 0.9594044018817204
0 0.528351814516129 0.19285534274193547 0.6441217237903225 0.18445480510752685 0.654359879032258 0.9636046706989246 0.5551285282258064 0.967804939516129
0 0.650422127016129 0.12250084005376342 0.6850743447580645 0.11830057123655911 0.6866494455645161 0.9331527217741935 0.6567225302419355 0.9426033266129031
0 0.6882245463709677 0.24010836693548385 0.7220892137096774 0.2432585685483871 0.7126386088709677 0.9195018481182795 0.6874369959677419 0.925802251344086
0 0.7299647177419355 0.2296076948924731 0.7693422379032258 0.228557627688172 0.7567414314516129 0.9205519153225806 0.7213016633064516 0.9195018481182795
0 0.7835181451612903 0.20125588037634404 0.8347089213709677 0.20440608198924728 0.8071446572580645 0.9384030577956989 0.7654044858870968 0.9342027889784946
0 0.8300419560185185 0.24018614969135801 0.8654233870967741 0.23695816532258063 0.845734627016129 0.9289524529569891 0.8181703629032258 0.9279023857526881
0 0.8890498991935484 0.18445480510752685 0.9496912802419355 0.1876050067204301 0.9000756048387096 0.9562542002688171 0.8504599294354839 0.9636046706989246
