0 0.0014805947580645157 0.2275075604838709 0.06842237903225806 0.23065776209677416 0.07472278225806452 0.9940566196236559 0.0 0.9950944360439068 0.0 0.228557627688172
0 0.0795355902777778 0.23174672067901236 0.15006510416666669 0.2353636188271605 0.1554904513888889 0.9937065972222222 0.07863136574074077 0.9961178626543209
0 0.16001157407407407 0.12685667438271608 0.20883969907407407 0.12806230709876545 0.2097426122357466 0.9996744791666666 0.16453269675925924 0.9996744791666666
0 0.21426504629629628 0.21366222993827164 0.24048755787037035 0.21848476080246915 0.24856264301425757 0.9996744791666666 0.21336082175925924 0.9996744791666666
0 0.24591290509259262 0.22812982253086422 0.27123119212962965 0.23295235339506173 0.2775607638888889 0.9925009645061729 0.2513382523148148 0.9937065972222222
0 0.2775607638888889 0.25947627314814814 0.3263888888888889 0.25827064043209874 0.3372395833333333 0.9961178626543209 0.2829861111111111 0.9961178626543209
0 0.33000578703703703 0.1232397762345679 0.39058883101851855 0.12082851080246915 0.40505543132080984 0.9996744791666666 0.34176070601851855 0.9996744791666666
0 0.3996310763888889 0.04728491512345682 0.44484230324074076 0.04969618055555558 0.45659722222222227 0.9985291280864197 0.4068648726851852 0.9985291280864197
0 0.45659722222222227 0.16905381944444445 0.48734085648148145 0.16784818672839508 0.4864366319444445 0.9961178626543209 0.4538845486111111 0.9925009645061729
0 0.4846281828703704 0.23415798611111113 0.5605830439814815 0.2353636188271605 0.5587745949074074 0.9949122299382717 0.4891493055555555 0.9985291280864197
0 0.5660083912037037 0.23295235339506173 0.6184534143518519 0.2438030478395062 0.6184534143518519 0.9973234953703703 0.5678168402777778 0.9985291280864197
0 0.6238787615740741 0.1461467978395062 0.6555266203703705 0.14132426697530864 0.6609519675925927 0.9973234953703703 0.6221607349537039 0.9996744791666666
0 0.6708984375 0.13529610339506173 0.6989293981481481 0.14252989969135807 0.6962169153017074 0.9996744791666666 0.6600477430555556 0.9973234953703703
0 0.6989293981481481 0.23656925154320987 0.7133969907407408 0.24018614969135801 0.7143012152777778 0.9973234953703703 0.692599826388889 0.9973234953703703
0 0.7179181134259259 0.16302565586419757 0.743236400462963 0.17146508487654322 0.7369068287037037 0.9949122299382717 0.717013888888889 0.9949122299382717
0 0.7504701967592593 0.1654369212962963 0.7748842592592593 0.16905381944444445 0.765842013888889 0.9925009645061729 0.7404785156249999 0.9996744791666666
0 0.7739800347222222 0.17628761574074078 0.7947771990740741 0.1726707175925926 0.7875434027777778 0.9828559027777777 0.765842013888889 0.9768277391975309
0 0.8173828125 0.10877218364197534 0.8815827546296297 0.11118344907407411 0.8761574074074073 0.9937065972222222 0.8155743634259259 0.9961178626543209
0 0.9041883680555555 0.006293402777777808 0.9412615740740741 0.0014708719135802701 0.9340277777777778 0.9961178626543209 0.9000176323784717 0.9996744791666666
