0 0.029832409274193547 0.17920446908602147 0.11725050403225808 0.1781544018817204 0.1834047379032258 0.9426033266129031 0.11095010080645161 0.9510038642473119
0 0.15032762096774194 0.2663600470430107 0.1818296370967742 0.2684601814516129 0.227507560483871 0.9163516465053764 0.2062436995967742 0.9289524529569891
0 0.18104208669354838 0.2653099798387097 0.2062436995967742 0.27056031586021506 0.2534967237903226 0.9174017137096774 0.2282951108870968 0.926852318548387
0 0.20703125 0.2201570900537634 0.2322328629032258 0.22225722446236554 0.28421118951612906 0.924752184139785 0.255859375 0.926852318548387
0 0.23853326612903225 0.19390540994623653 0.276335685483871 0.18970514112903222 0.31728830645161293 0.9226520497311829 0.28342363911290325 0.9226520497311829
0 0.2786983366935484 0.21910702284946235 0.31098790322580644 0.21910702284946235 0.3385521673387097 0.9237021169354839 0.3235887096774194 0.924752184139785
0 0.31256300403225806 0.18235467069892472 0.3440650201612903 0.18235467069892472 0.37084173387096775 0.924752184139785 0.3401272681451613 0.9279023857526881
0 0.3519405241935484 0.21700688844086016 0.3936806955645161 0.21910702284946235 0.40628150201612906 0.9027007728494624 0.3724168346774194 0.912151377688172
0 0.39210559475806456 0.2863113239247312 0.4480216733870968 0.2863113239247312 0.4621975806451613 0.9363029233870966 0.4117943548387097 0.9426033266129031
0 0.45510962701612906 0.2810609879032258 0.5133883568548386 0.28526125672043007 0.5133883568548386 0.9352528561827956 0.46141003024193555 0.9457535282258065
0 0.5204763104838709 0.18130460349462363 0.5645791330645161 0.18340473790322578 0.5496156754032258 0.9174017137096774 0.5204763104838709 0.9279023857526881
0 0.5645791330645161 0.25690944220430106 0.5819052419354839 0.25795950940860213 0.5669417842741935 0.911101310483871 0.5504032258064516 0.911101310483871
0 0.5834803427419355 0.25585937499999994 0.6000189012096774 0.2548093077956989 0.5842678931451613 0.8858996975806451 0.5669417842741935 0.8858996975806451
0 0.5992313508064516 0.2726604502688172 0.6512096774193548 0.2747605846774193 0.6315209173387096 0.8764490927419355 0.5889931955645161 0.8774991599462365
0 0.6653855846774193 0.1781544018817204 0.7205141129032258 0.18235467069892472 0.6897996471774193 0.9205519153225806 0.6378213205645161 0.9163516465053764
0 0.7386277721774194 0.10779989919354836 0.7811554939516129 0.10779989919354836 0.727602066532258 0.9300025201612904 0.6968876008064516 0.925802251344086
0 0.772492439516129 0.21280661962365588 0.796906502016129 0.21070648521505375 0.7472908266129031 0.9048009072580645 0.7260269657258064 0.9037508400537634
0 0.79296875 0.27581065188172044 0.8622731854838709 0.27686071908602145 0.8032069052419355 0.9090011760752689 0.7465032762096774 0.9079511088709676
0 0.8622731854838709 0.2873613911290322 0.9134639616935484 0.2936617943548387 0.853610131048387 0.9027007728494624 0.8110824092741935 0.9090011760752689
0 0.9260647681451613 0.19390540994623653 0.9575667842741935 0.1907552083333333 0.8835370463709677 0.9016507056451614 0.8551852318548386 0.8964003696236559
0 0.9646547379032258 0.1907552083333333 0.9985194052419355 0.19705561155913975 0.9095262096774194 0.9037508400537634 0.8843245967741935 0.9048009072580645
