0 0.06684727822580645 0.24850890456989247 0.14166456653225806 0.242208501344086 0.22278225806451613 0.981455813172043 0.16292842741935482 0.9993069556451614
0 0.1337890625 0.13405157930107522 0.20860635080645162 0.12880124327956985 0.28421118951612906 0.9709551411290321 0.22908266129032262 0.9898563508064516
0 0.21884450604838712 0.17605426747311825 0.26373487903225806 0.1781544018817204 0.3259513608870968 0.9657048051075269 0.28814894153225806 0.9709551411290321
0 0.28736139112903225 0.25795950940860213 0.34721522177419356 0.25690944220430106 0.39131804435483875 0.940503192204301 0.3346144153225807 0.9489037298387096
0 0.34248991935483875 0.13300151209677416 0.3834425403225807 0.12880124327956985 0.4283329133064516 0.9415532594086021 0.39210559475806456 0.9415532594086021
0 0.3881678427419355 0.1666036626344086 0.45747227822580644 0.15820312499999997 0.4952746975806452 0.9205519153225806 0.4354208669354839 0.9426033266129031
0 0.4669228830645162 0.16870379704301072 0.5023626512096774 0.1645035282258064 0.5252016129032258 0.8922001008064516 0.4968497983870968 0.8953503024193549
0 0.5055128528225806 0.13300151209677416 0.5693044354838709 0.12460097446236557 0.5842678931451613 0.9132014448924731 0.5401650705645161 0.9237021169354839
0 0.5787550403225806 0.14980258736559138 0.6197076612903225 0.1435021841397849 0.6244329637096774 0.898500504032258 0.5913558467741935 0.9048009072580645
0 0.6220703125 0.14980258736559138 0.6795614919354839 0.14875252016129029 0.6764112903225806 0.8816994287634409 0.6275831653225806 0.8995505712365591
0 0.6913747479838709 0.11935063844086019 0.731539818548387 0.11830057123655911 0.7213016633064516 0.8879998319892474 0.678773941532258 0.8932501680107526
0 0.7346900201612903 0.11620043682795696 0.7882434475806451 0.11620043682795696 0.7693422379032258 0.897450436827957 0.7244518649193548 0.9048009072580645
0 0.8236832157258064 0.09834929435483869 0.9016507056451613 0.09204889112903224 0.8528225806451613 0.8680485551075269 0.7953314012096774 0.8722488239247311
