0 0.09557574728260873 0.0039345561594203325 0.1072520380434783 0.7016813858695653 0.12635869565217392 0.7016813858695653 0.11255944293478262 0.005349864130434823
0 0.11680536684782614 0.005349864130434823 0.12848165760869565 0.7059273097826088 0.16138756793478262 0.7059273097826088 0.15183423913043478 0.009595788043478303
0 0.15183423913043478 0.006765172101449317 0.16032608695652176 0.7002660778985508 0.19535495923913046 0.7045120018115942 0.18898607336956522 0.009595788043478303
0 0.19217051630434787 0.002519248188405839 0.1974779211956522 0.7101732336956522 0.23781419836956522 0.7002660778985508 0.2293223505434783 0.0011039402173913457
0 0.2356912364130435 0.07045403079710148 0.24524456521739132 0.7045120018115942 0.28451936141304346 0.6988507699275363 0.27921195652173914 0.07753057065217395
0 0.2855808423913043 0.08319180253623193 0.3046875 0.0860224184782609 0.3078719429347826 0.6931895380434782 0.2898267663043479 0.6931895380434782
0 0.30681046195652173 0.005349864130434823 0.30574898097826086 0.724326313405797 0.3344089673913043 0.7186650815217391 0.33122452445652173 0.009595788043478303
0 0.3354704483695652 0.0011039402173913457 0.3354704483695652 0.7073426177536232 0.3970363451086957 0.7059273097826088 0.3938519021739131 0.006765172101449317
0 0.40977411684782605 0.08036118659420294 0.43100373641304346 0.07894587862318846 0.42888077445652173 0.6988507699275363 0.4108355978260869 0.6974354619565218
0 0.42781929347826086 0.727156929347826 0.5254755434782609 0.7214956974637681 0.5424592391304348 0.006765172101449317 0.4331266983695652 0.006765172101449317
0 0.5764266304347826 0.0492244112318841 0.6125169836956521 0.7158344655797101 0.6602836277173912 0.7158344655797101 0.6188858695652174 0.0478091032608696
0 0.6496688179347826 0.00818048007246381 0.686820652173913 0.724326313405797 0.7303413722826086 0.7214956974637681 0.6900050951086957 0.0039345561594203325
0 0.6921280570652174 0.0011039402173913457 0.7292798913043478 0.7130038496376812 0.7653702445652174 0.7115885416666666 0.7388332201086956 0.006765172101449317
0 0.7781080163043478 0.7172497735507246 0.751570991847826 0.006765172101449317 0.8099524456521738 0.00818048007246381 0.8290591032608696 0.7144191576086957
0 0.8364894701086956 0.016672327898550766 0.8471042798913042 0.7257416213768115 0.9224694293478259 0.7186650815217391 0.9192849864130435 0.006765172101449317
