0 0.024319556451612906 0.1361517137096774 0.0739352318548387 0.13405157930107522 0.17552923387096775 0.9888062836021505 0.13329147383614356 0.9996744791666666
0 0.07863136574074077 0.14011863425925927 0.12655526620370372 0.13891300154320987 0.22109496824393698 0.9996744791666666 0.1771918402777778 0.9949122299382717
0 0.13017216435185186 0.07983699845679015 0.2043185763888889 0.0834538966049383 0.2829809356154057 0.9996744791666669 0.2260199652777778 0.9937065972222222
0 0.21697771990740744 0.14011863425925927 0.3101128472222222 0.13891300154320987 0.36781752728636463 0.9996744791666666 0.29293258101851855 0.9961178626543209
0 0.32819733796296297 0.2413917824074074 0.4059606481481482 0.24259741512345678 0.4348958333333333 0.9756221064814814 0.37702546296296297 0.9864728009259259
0 0.4059606481481482 0.13047357253086422 0.47468171296296297 0.13529610339506173 0.4963831018518518 0.9732108410493826 0.43399160879629634 0.9792390046296297
0 0.4782986111111111 0.16182002314814817 0.5226056134259259 0.16784818672839508 0.5352647569444445 0.9635657793209876 0.4972873263888889 0.9671826774691358
0 0.5307436342592593 0.25827064043209874 0.5859013310185186 0.25827064043209874 0.5931351273148149 0.9249855324074074 0.5443070023148149 0.9370418595679012
0 0.6012731481481481 0.12685667438271608 0.6383463541666667 0.13409047067901236 0.6365379050925927 0.9358362268518517 0.5940393518518519 0.9442756558641975
0 0.6392505787037037 0.16302565586419757 0.7025462962962963 0.16423128858024694 0.692599826388889 0.9261911651234568 0.6428674768518519 0.9466869212962963
0 0.7034505208333334 0.1666425540123457 0.7378110532407408 0.17387635030864199 0.7206307870370371 0.9020785108024691 0.6935040509259259 0.908106674382716
0 0.7486617476851852 0.1377073688271605 0.8191912615740741 0.13047357253086422 0.790256076388889 0.9129292052469135 0.7378110532407408 0.923779899691358
0 0.8246166087962963 0.1521749614197531 0.8671151620370371 0.1521749614197531 0.8327546296296297 0.9105179398148148 0.7956814236111112 0.9153404706790123
0 0.8770616319444445 0.14855806327160495 0.9267939814814815 0.1533805941358025 0.8824869791666666 0.9032841435185185 0.8372757523148149 0.9117235725308642
0 0.9331235532407408 0.1256510416666667 0.9828559027777778 0.11962287808641976 0.9222728587962964 0.9044897762345679 0.8815827546296297 0.9056954089506172
