0 0.2818485383064516 0.1781544018817204 0.30783770161290325 0.186554939516129 0.3015372983870968 0.9562542002688171 0.2786983366935484 0.9583543346774194
0 0.3204385080645161 0.15925319220430104 0.3779296875 0.16135332661290322 0.3590284778225807 0.9457535282258065 0.30783770161290325 0.953103998655914
0 0.38501764112903225 0.15085265456989244 0.4078566028225807 0.14980258736559138 0.3881678427419355 0.966754872311828 0.36690398185483875 0.966754872311828
0 0.4141570060483871 0.0678973454301075 0.4464465725806452 0.06684727822580643 0.422820060483871 0.9741053427419355 0.3889553931451613 0.9751554099462365
0 0.4480216733870968 0.1403519825268817 0.5015751008064516 0.14245211693548385 0.4810987903225807 0.9709551411290321 0.4259702620967742 0.9730552755376344
0 0.5102381552419355 0.14245211693548385 0.5433152721774193 0.13510164650537632 0.5173261088709677 0.9720052083333334 0.4850365423387097 0.9793556787634409
0 0.560641381048387 0.15190272177419353 0.5866305443548386 0.15610299059139782 0.556703629032258 0.9583543346774194 0.5236265120967741 0.9594044018817204
0 0.585055443548387 0.2873613911290322 0.6173450100806451 0.29051159274193544 0.5921433971774193 0.9436533938172044 0.5614289314516129 0.9426033266129031
0 0.6252205141129031 0.15085265456989244 0.6716859879032258 0.14665238575268816 0.6472719254032258 0.9594044018817204 0.5992313508064516 0.9583543346774194
0 0.6771988407258064 0.15505292338709675 0.7268145161290323 0.1529527889784946 0.7055506552419355 0.967804939516129 0.6488470262096774 0.9573042674731184
