0 0.0006930443548387108 0.16240339381720426 0.06763482862903225 0.16345346102150535 0.08496093749999999 0.954154065860215 0.0 0.9666253961354445
0 0.09756174395161289 0.24640877016129029 0.12355090725806452 0.24430863575268813 0.1345766129032258 0.9436533938172044 0.10779989919354839 0.9510038642473119
0 0.12748865927419356 0.2495589717741935 0.15032762096774194 0.24850890456989247 0.16214087701612906 0.9384030577956989 0.13615171370967744 0.9489037298387096
0 0.15269027217741937 0.20965641801075266 0.17631678427419356 0.21070648521505375 0.19049269153225806 0.9415532594086021 0.16292842741935482 0.9457535282258065
0 0.1826171875 0.18025453629032254 0.21963205645161293 0.17920446908602147 0.22908266129032262 0.9384030577956989 0.19521799395161288 0.9478536626344085
0 0.22356980846774194 0.2075562836021505 0.24955897177419356 0.21280661962365588 0.2574344758064516 0.9415532594086021 0.23302041330645162 0.9447034610215054
0 0.2511340725806452 0.1697538642473118 0.28421118951612906 0.1697538642473118 0.2912991431451613 0.9468035954301075 0.26294732862903225 0.9499537970430106
0 0.2952368951612903 0.2117565524193548 0.3306766633064516 0.21070648521505375 0.3259513608870968 0.9310525873655914 0.2960244455645161 0.9363029233870966
0 0.3275264616935484 0.25795950940860213 0.3763545866935484 0.25690944220430106 0.38501764112903225 0.9436533938172044 0.32280115927419356 0.9573042674731184
0 0.38580519153225806 0.2653099798387097 0.44329637096774194 0.2663600470430107 0.4425088205645161 0.954154065860215 0.3865927419354839 0.9625546034946236
0 0.4519594254032258 0.1645035282258064 0.4889742943548387 0.16765372983870966 0.4787361391129032 0.9489037298387096 0.4464465725806452 0.9489037298387096
0 0.4905493951612903 0.242208501344086 0.5157510080645161 0.24850890456989247 0.5031502016129031 0.939453125 0.47558593750000006 0.939453125
0 0.5110257056451613 0.2537592405913978 0.5299269153225806 0.25690944220430106 0.5220514112903225 0.9153015793010751 0.5023626512096774 0.9184517809139785
0 0.532289566532258 0.2810609879032258 0.5803301411290323 0.27896085349462363 0.5756048387096774 0.9048009072580645 0.5252016129032258 0.9048009072580645
0 0.585055443548387 0.17605426747311825 0.6417590725806451 0.17500420026881716 0.6401839717741935 0.9489037298387096 0.5826927923387096 0.9415532594086021
0 0.654359879032258 0.1014994959677419 0.6929498487903225 0.10254956317204299 0.678773941532258 0.954154065860215 0.6393964213709677 0.9573042674731184
0 0.6929498487903225 0.20965641801075266 0.7189390120967741 0.2086063508064516 0.6968876008064516 0.9321026545698925 0.678773941532258 0.9342027889784946
0 0.7189390120967741 0.2684601814516129 0.7811554939516129 0.2726604502688172 0.7583165322580645 0.9373529905913979 0.7024004536290323 0.9331527217741935
0 0.7882434475806451 0.27581065188172044 0.8378591229838709 0.2810609879032258 0.8126575100806451 0.9342027889784946 0.7654044858870968 0.9363029233870966
0 0.8410093245967741 0.186554939516129 0.8717237903225806 0.1876050067204301 0.845734627016129 0.9342027889784946 0.8134450604838709 0.926852318548387
0 0.8811743951612903 0.18865507392473116 0.9095262096774194 0.18445480510752685 0.8693611391129031 0.939453125 0.849672379032258 0.9384030577956989
0 0.902438256048387 0.27161038306451607 0.922914566532258 0.2747605846774193 0.8882623487903225 0.926852318548387 0.8685735887096774 0.925802251344086
0 0.9197643649193548 0.21595682123655913 0.943390877016129 0.21700688844086016 0.9103137600806451 0.9163516465053764 0.8929876512096774 0.925802251344086
0 0.9465410786290323 0.21805695564516125 0.9733177923387097 0.21070648521505375 0.9307900705645161 0.9226520497311829 0.9111013104838709 0.9237021169354839
0 0.9701675907258065 0.21805695564516125 0.9890688004032258 0.21805695564516125 0.9496912802419355 0.912151377688172 0.9323651713709677 0.911101310483871
