0 0.05503402217741936 0.1435021841397849 0.08181073588709677 0.14665238575268816 0.10071194556451614 0.939453125 0.07944808467741936 0.9457535282258065
0 0.08102318548387097 0.15505292338709675 0.11410030241935483 0.15400285618279566 0.13772681451612906 0.9447034610215054 0.09913684475806452 0.9436533938172044
0 0.11882560483870967 0.14245211693548385 0.1589906754032258 0.14665238575268816 0.1731665826612903 0.9510038642473119 0.13615171370967744 0.9426033266129031
0 0.15977822580645162 0.14665238575268816 0.2062436995967742 0.14980258736559138 0.2180569556451613 0.9489037298387096 0.17710433467741937 0.9520539314516129
0 0.21569430443548387 0.2590095766129032 0.255859375 0.2600596438172043 0.2708228326612903 0.9279023857526881 0.22435735887096775 0.9384030577956989
0 0.2810609879032258 0.1645035282258064 0.31256300403225806 0.1666036626344086 0.32280115927419356 0.9751554099462365 0.2912991431451613 0.981455813172043
0 0.31728830645161293 0.14770245295698922 0.3834425403225807 0.144552251344086 0.3889553931451613 0.9583543346774194 0.325163810483871 0.954154065860215
0 0.4267578125 0.01749411962365588 0.5417401713709677 0.011193716397849428 0.5464654737903225 0.995106686827957 0.43069556451612906 0.995106686827957
0 0.5819052419354839 0.23590809811827954 0.6275831653225806 0.23380796370967738 0.6803490423387096 0.9657048051075269 0.6315209173387096 0.9615045362903225
0 0.658297631048387 0.1014994959677419 0.703188004032258 0.10044942876344083 0.7654044858870968 0.9930065524193549 0.7175382974510367 0.9996744791666666
0 0.7118510584677419 0.17185399865591397 0.7598916330645161 0.17290406586021503 0.7992691532258064 0.9468035954301075 0.7638293850806451 0.9573042674731184
0 0.7756426411290323 0.12250084005376342 0.829196068548387 0.11830057123655911 0.8677860383064516 0.9625546034946236 0.8079322076612903 0.9709551411290321
0 0.8756615423387096 0.10044942876344083 0.9559916834677419 0.1056997647849462 0.9748928931451613 0.9646547379032259 0.8898374495967741 0.982505880376344
