0 0.00343540736607148 0.21168154761904767 0.09411621093750006 0.9557291666666666 0.13073730468750006 0.9545665922619047 0.033081054687500056 0.10704985119047623 0.0025634765625000555 0.11053757440476193 -4.336808689942018e-19 0.16727585565476308
0 0.042672293526785754 0.11053757440476193 0.13771275111607145 0.9545665922619047 0.1839250837053572 0.9499162946428571 0.10370744977678575 0.10588727678571434
0 0.1106828962053572 0.1023995535714286 0.1909005301339286 0.9534040178571428 0.24408830915178575 0.9452659970238094 0.1760777064732143 0.1047247023809524
0 0.18566894531250006 0.1047247023809524 0.2432163783482143 0.9429408482142856 0.2841971261160715 0.9429408482142856 0.23536900111607145 0.1023995535714286
0 0.24408830915178575 0.0989118303571429 0.2903006417410715 0.9499162946428571 0.3260498046875 0.951078869047619 0.2876848493303572 0.09542410714285716
0 0.2981480189732143 0.09542410714285716 0.3295375279017857 0.9475911458333334 0.3652866908482143 0.9487537202380952 0.3391287667410715 0.097749255952381
0 0.3469761439732143 0.1023995535714286 0.3748779296875 0.951078869047619 0.4053955078125 0.9487537202380952 0.3879568917410714 0.1023995535714286
0 0.3992919921875 0.1012369791666667 0.4080113002232143 0.9371279761904762 0.4411446707589286 0.9336402529761904 0.4376569475446429 0.1012369791666667
0 0.4437604631696429 0.2244698660714286 0.4463762555803572 0.9243396577380952 0.4795096261160714 0.9243396577380952 0.4812534877232143 0.22912016369047625
0 0.4917166573660714 0.10007440476190481 0.4856131417410714 0.9348028273809522 0.5353131975446429 0.9359654017857143 0.5544956752232143 0.0989118303571429
0 0.5623430524553571 0.1768043154761905 0.5431605747767857 0.9127139136904762 0.5754220145089286 0.9092261904761904 0.6007080078125 0.1768043154761905
0 0.6102992466517857 0.1768043154761905 0.5806535993303571 0.9034133184523809 0.6120431082589286 0.9010881696428571 0.6495361328125 0.1768043154761905
0 0.6451764787946429 0.30701264880952384 0.6111711774553571 0.889462425595238 0.6416887555803571 0.890625 0.6748221261160714 0.3058500744047619
0 0.6922607421875 0.21749441964285718 0.6460484095982143 0.9115513392857143 0.6774379185267857 0.9092261904761904 0.7280099051339286 0.21749441964285718
0 0.7480643136160714 0.08147321428571433 0.6817975725446429 0.9162016369047619 0.7175467354910714 0.9162016369047619 0.7916608537946429 0.08496093750000004
0 0.8012520926339285 0.08496093750000004 0.7236502511160714 0.9150390625 0.7559116908482143 0.9208519345238094 0.8439767020089285 0.08612351190476193
0 0.8474644252232143 0.09426153273809527 0.7593994140625 0.9208519345238094 0.8038678850446429 0.9231770833333334 0.9006522042410715 0.09193638392857147
0 0.9180908203124999 0.09658668154761907 0.8108433314732143 0.9278273809523809 0.8553118024553571 0.9289899553571428 0.9669189453124999 0.09426153273809527
