0 0.004307338169642905 0.20470610119047625 0.0871407645089286 0.8429594494047619 0.1176583426339286 0.8441220238095237 0.029593331473214357 0.13146391369047625 -3.469446951953614e-18 0.13146391369047625
0 0.0383126395089286 0.13495163690476195 0.1167864118303572 0.8429594494047619 0.1507917131696429 0.8476097470238094 0.0801653180803572 0.13378906250000003
0 0.0871407645089286 0.13727678571428573 0.1595110212053572 0.8441220238095237 0.18566894531250006 0.8452845982142856 0.1141706194196429 0.13727678571428573
0 0.1228899274553572 0.13611421130952384 0.1882847377232143 0.8592354910714285 0.2205461774553572 0.8569103422619047 0.1629987444196429 0.13146391369047625
0 0.1664864676339286 0.13611421130952384 0.22577776227678575 0.8545851934523809 0.26327078683035715 0.8557477678571428 0.2144426618303572 0.13727678571428573
0 0.2205461774553572 0.13611421130952384 0.26937430245535715 0.8569103422619047 0.3059953962053572 0.8580729166666666 0.26501464843750006 0.13378906250000003
0 0.27199009486607145 0.14076450892857148 0.3086111886160715 0.8685360863095237 0.3434884207589286 0.8685360863095237 0.3173304966517857 0.13727678571428573
0 0.3216901506696429 0.13495163690476195 0.3495919363839286 0.8836495535714285 0.3879568917410714 0.8848121279761904 0.3696463448660714 0.13495163690476195
0 0.3757498604910714 0.09193638392857147 0.3914446149553572 0.8952752976190476 0.4254499162946429 0.8999255952380952 0.4193464006696429 0.08961123511904767
0 0.4245779854910714 0.08844866071428574 0.4280657087053572 0.8976004464285713 0.4760219029017857 0.9069010416666666 0.4803815569196429 0.08379836309523814
0 0.4917166573660714 0.08496093750000004 0.4786376953125 0.8999255952380952 0.5274658203125 0.902250744047619 0.5518798828125 0.08379836309523814
0 0.5579833984375 0.08612351190476193 0.5318254743303571 0.9010881696428571 0.5710623604910714 0.9092261904761904 0.6094273158482143 0.08263578869047623
0 0.6207624162946429 0.08031063988095243 0.5771658761160714 0.9162016369047619 0.6111711774553571 0.9208519345238094 0.6634870256696429 0.07914806547619051
0 0.6704624720982143 0.07682291666666671 0.6146589006696429 0.9173642113095237 0.6512799944196429 0.9231770833333334 0.7158028738839286 0.08031063988095243
0 0.7227783203125 0.08961123511904767 0.6573835100446429 0.9243396577380952 0.6879010881696429 0.9243396577380952 0.7611432756696428 0.08961123511904767
0 0.7681187220982143 0.08728608630952384 0.6931326729910714 0.9173642113095237 0.7306256975446428 0.9208519345238094 0.8056117466517857 0.09077380952380958
0 0.7977643694196429 0.21284412202380956 0.7332414899553571 0.9127139136904762 0.7611432756696428 0.9173642113095237 0.8352573939732143 0.21749441964285718
0 0.8779820033482143 0.08379836309523814 0.7698625837053571 0.9301525297619047 0.8186907087053571 0.9289899553571428 0.9311697823660715 0.08031063988095243
0 0.9215785435267857 0.1698288690476191 0.8282819475446429 0.9127139136904762 0.8596714564732143 0.913876488095238 0.9660470145089285 0.17099144345238101
0 0.9765101841517857 0.1698288690476191 0.8640311104910715 0.9045758928571428 0.8962925502232143 0.9092261904761904 0.999755859375 0.2724440104166663 0.999755859375 0.1698288690476191
