0 0.11329868861607145 0.13146391369047625 0.13684082031250006 0.9789806547619047 0.19526018415178575 0.9708426339285713 0.1664864676339286 0.1279761904761905
0 0.1900285993303572 0.21865699404761907 0.21008300781250006 0.9534040178571428 0.2737339564732143 0.9464285714285713 0.2554234095982143 0.21981956845238101
0 0.2728620256696429 0.22795758928571433 0.2876848493303572 0.9417782738095237 0.3539515904017857 0.9336402529761904 0.3365129743303572 0.22912016369047625
0 0.3504638671875 0.2256324404761905 0.3644147600446429 0.9464285714285713 0.4228341238839286 0.938290550595238 0.4097551618303572 0.23260788690476195
0 0.4158586774553572 0.16634114583333337 0.4350411551339286 0.9580543154761904 0.4673025948660714 0.9464285714285713 0.4550955636160714 0.1698288690476191
0 0.4577113560267857 0.23377046130952384 0.4690464564732143 0.9406156994047619 0.5030517578125 0.9371279761904762 0.4899727957589286 0.23377046130952384
0 0.4925885881696429 0.23609561011904767 0.5039236886160714 0.938290550595238 0.5414167131696429 0.9359654017857143 0.5283377511160714 0.23609561011904767
0 0.5388009207589286 0.1256510416666667 0.5518798828125 0.9487537202380952 0.5928606305803571 0.9464285714285713 0.5780378069196429 0.122163318452381
0 0.5832693917410714 0.23958333333333337 0.5946044921875 0.9313151041666666 0.6320975167410714 0.9278273809523809 0.6190185546875 0.23725818452380956
0 0.6312255859375 0.16866629464285718 0.6416887555803571 0.9289899553571428 0.6643589564732143 0.9220145089285713 0.6547677176339286 0.17099144345238101
0 0.6713344029017857 0.1279761904761905 0.6774379185267857 0.938290550595238 0.7253941127232143 0.9336402529761904 0.7166748046875 0.13378906250000003
0 0.7253941127232143 0.13727678571428573 0.7332414899553571 0.9348028273809522 0.7585274832589286 0.9301525297619047 0.7541678292410714 0.13378906250000003
0 0.7611432756696428 0.10588727678571434 0.7681187220982143 0.9371279761904762 0.8073556082589285 0.9348028273809522 0.8021240234374999 0.10821242559523814
0 0.8029959542410715 0.26283482142857145 0.8082275390624999 0.8859747023809522 0.8239222935267857 0.8848121279761904 0.8247942243303571 0.2616722470238096
0 0.8274100167410715 0.2767857142857143 0.8265380859374999 0.8638857886904762 0.8614153180803571 0.8638857886904762 0.8649030412946429 0.2744605654761905
0 0.8666469029017857 0.2767857142857143 0.8666469029017857 0.8603980654761904 0.9084995814732143 0.8592354910714285 0.9146030970982143 0.2814360119047619
