0 0.010410853794642905 0.0756603422619048 0.014770507812500056 0.9231770833333334 0.07318987165178575 0.9103887648809522 0.06359863281250006 0.073335193452381
0 0.06970214843750006 0.0756603422619048 0.0749337332589286 0.9069010416666666 0.12812151227678575 0.9034133184523809 0.1054513113839286 0.0756603422619048
0 0.13160923549107145 0.13378906250000003 0.14032854352678575 0.889462425595238 0.17956542968750006 0.8836495535714285 0.1638706752232143 0.13030133928571433
0 0.1638706752232143 0.06868489583333337 0.18305315290178575 0.9034133184523809 0.2362409319196429 0.8976004464285713 0.2126988002232143 0.06287202380952385
0 0.2249058314732143 0.06752232142857147 0.24408830915178575 0.8952752976190476 0.2972760881696429 0.890625 0.26937430245535715 0.06635974702380956
0 0.2824532645089286 0.07101004464285719 0.3051234654017857 0.8813244047619047 0.3408726283482143 0.8813244047619047 0.3173304966517857 0.07217261904761908
0 0.3338971819196429 0.03264508928571433 0.3495919363839286 0.8929501488095237 0.4080113002232143 0.8848121279761904 0.3844691685267857 0.03264508928571433
0 0.3966761997767857 0.009393601190476239 0.4167306082589286 0.8813244047619047 0.4864850725446429 0.8789992559523809 0.4559674944196429 0.010556175595238143
0 0.4690464564732143 0.16517857142857148 0.4882289341517857 0.8603980654761904 0.5231061662946429 0.8603980654761904 0.5030517578125 0.16285342261904767
0 0.5117710658482143 0.1523902529761905 0.5292096819196429 0.8627232142857143 0.5710623604910714 0.8592354910714285 0.5414167131696429 0.1500651041666667
0 0.5449044363839286 0.11518787202380958 0.5693184988839286 0.8487723214285713 0.5832693917410714 0.841796875 0.5597272600446429 0.11286272321428574
0 0.5640869140625 0.16052827380952384 0.5911167689732143 0.8499348958333334 0.6312255859375 0.8499348958333334 0.6024518694196429 0.1535528273809524
0 0.6137869698660714 0.14425223214285718 0.6373291015625 0.8545851934523809 0.6826695033482143 0.8476097470238094 0.6556396484375 0.14076450892857148
0 0.6608712332589286 0.13960193452380956 0.6870291573660714 0.853422619047619 0.7358572823660714 0.8476097470238094 0.7096993582589286 0.13030133928571433
0 0.7096993582589286 0.05357142857142861 0.7393450055803571 0.8371465773809522 0.7820696149553571 0.8371465773809522 0.7498081752232143 0.050083705357142905
0 0.7559116908482143 0.048921130952380994 0.7881731305803571 0.8336588541666666 0.8256661551339285 0.8348214285714285 0.7934047154017857 0.04543340773809528
0 0.7960205078124999 0.046595982142857185 0.8317696707589285 0.8266834077380952 0.8692626953124999 0.8266834077380952 0.8291538783482143 0.04310825892857147
0 0.8343854631696429 0.04543340773809528 0.8744942801339285 0.8243582589285713 0.9119873046874999 0.8231956845238094 0.8736223493303571 0.04194568452380957
0 0.8788539341517857 0.13495163690476195 0.9137311662946429 0.8092447916666666 0.9285539899553571 0.804594494047619 0.8945486886160715 0.13378906250000003
