0 0.006923130580357206 0.2860863095238096 0.034824916294642905 0.9929315476190476 0.060982840401785754 0.9847935267857143 0.0383126395089286 0.28841145833333337
0 0.033081054687500056 0.10821242559523814 0.06533408204943897 0.9996744791666666 0.13160923549107145 0.9996744791666666 0.1080671037946429 0.11402529761904767
0 0.13422502790178575 0.18610491071428573 0.1412004743303572 0.9987444196428571 0.19874790736607145 0.9975818452380952 0.18305315290178575 0.18843005952380956
0 0.1935163225446429 0.1733165922619048 0.2004898068223202 0.9996744791666666 0.2458321707589286 0.9952566964285713 0.23449707031250006 0.1733165922619048
0 0.24147251674107145 0.1489025297619048 0.2484479631696429 0.9964192708333331 0.2964041573660715 0.9975818452380952 0.2894287109375 0.1523902529761905
0 0.2998918805803572 0.19424293154761907 0.2998918805803572 0.987118675595238 0.3295375279017857 0.987118675595238 0.3304094587053572 0.19424293154761907
0 0.3382568359375 0.19308035714285718 0.3338971819196429 0.98828125 0.3670305524553572 0.9847935267857143 0.3740059988839286 0.19191778273809526
0 0.3783656529017857 0.1535528273809524 0.3696463448660714 0.9847935267857143 0.4080113002232143 0.9789806547619047 0.4106270926339286 0.1512276785714286
0 0.4202183314732143 0.17912946428571433 0.4184744698660714 0.9615420386904762 0.4760219029017857 0.9534040178571428 0.4943324497767857 0.18145461309523814
0 0.4943324497767857 0.21516927083333337 0.4760219029017857 0.9359654017857143 0.5021798270089286 0.9371279761904762 0.5161307198660714 0.21633184523809526
0 0.5318254743303571 0.18029203869047625 0.5117710658482143 0.9522414434523809 0.5440325055803571 0.951078869047619 0.5640869140625 0.18494233630952384
0 0.5728062220982143 0.18959263392857148 0.5483921595982143 0.9406156994047619 0.5876290457589286 0.9359654017857143 0.6111711774553571 0.18959263392857148
0 0.6233782087053571 0.14657738095238096 0.5963483537946429 0.9406156994047619 0.6486642020089286 0.9324776785714285 0.6783098493303571 0.1500651041666667
0 0.6844133649553571 0.1768043154761905 0.6530238560267857 0.9196893601190476 0.6896449497767857 0.9196893601190476 0.7192905970982143 0.18261718750000003
0 0.7192905970982143 0.2233072916666667 0.6905168805803571 0.8964378720238094 0.7035958426339286 0.8964378720238094 0.7314976283482143 0.2221447172619048
0 0.7341134207589286 0.2233072916666667 0.7070835658482143 0.8917875744047619 0.7271379743303571 0.8941127232142856 0.7532958984375 0.2221447172619048
0 0.7576555524553571 0.21865699404761907 0.7306256975446428 0.8917875744047619 0.7532958984375 0.8929501488095237 0.7794538225446429 0.2209821428571429
0 0.7838134765624999 0.18959263392857148 0.7585274832589286 0.8824869791666666 0.7829415457589285 0.8836495535714285 0.8090994698660715 0.19424293154761907
0 0.8064836774553571 0.2744605654761905 0.7846854073660715 0.8592354910714285 0.7968924386160715 0.8580729166666666 0.8230503627232143 0.2709728422619048
0 0.8282819475446429 0.28376116071428575 0.8029959542410715 0.8615606398809522 0.8317696707589285 0.8638857886904762 0.8553118024553571 0.28724888392857145
0 0.8570556640624999 0.28724888392857145 0.8343854631696429 0.8569103422619047 0.8649030412946429 0.8569103422619047 0.8849574497767857 0.2895740327380953
0 0.9163469587053571 0.2895740327380953 0.8989083426339285 0.8836495535714285 0.9215785435267857 0.8813244047619047 0.9442487444196429 0.28724888392857145
0 0.9407610212053571 0.28376116071428575 0.9241943359374999 0.8755115327380952 0.9398890904017857 0.8755115327380952 0.9590715680803571 0.28724888392857145
