0 0.027849469866071508 0.13960193452380956 0.027849469866071508 0.8220331101190476 0.0688302176339286 0.8173828125 0.07057407924107145 0.13611421130952384
0 0.07667759486607145 0.11751302083333337 0.0688302176339286 0.8324962797619047 0.1228899274553572 0.8266834077380952 0.11940220424107145 0.11518787202380958
0 0.13335309709821436 0.029157366071428617 0.1289934430803572 0.829008556547619 0.17433384486607145 0.8243582589285713 0.1725899832589286 0.03380766369047624
0 0.1900285993303572 0.1233258928571429 0.19177246093750006 0.8197079613095237 0.2275216238839286 0.8173828125 0.2188023158482143 0.1233258928571429
0 0.2205461774553572 0.06287202380952385 0.2362409319196429 0.8220331101190476 0.26501464843750006 0.8220331101190476 0.24670410156250006 0.06403459821428575
0 0.25716727120535715 0.040783110119047665 0.2728620256696429 0.8197079613095237 0.3243059430803572 0.816220238095238 0.2946602957589286 0.03845796130952386
0 0.3312813895089286 0.11286272321428574 0.3495919363839286 0.8011067708333334 0.4027797154017857 0.7987816220238094 0.3853410993303572 0.11518787202380958
0 0.4036516462053572 0.02683221726190481 0.4106270926339286 0.8208705357142856 0.4603271484375 0.8150576636904762 0.4446323939732143 0.02683221726190481
0 0.4550955636160714 0.03264508928571433 0.4603271484375 0.816220238095238 0.5047956194196429 0.8138950892857143 0.4891008649553572 0.03264508928571433
0 0.4952043805803572 0.08961123511904767 0.5047956194196429 0.804594494047619 0.5414167131696429 0.8034319196428571 0.5300816127232143 0.09193638392857147
0 0.5440325055803571 0.029157366071428617 0.5675746372767857 0.8150576636904762 0.6155308314732143 0.8092447916666666 0.5919886997767857 0.025669642857142905
0 0.5989641462053571 0.03264508928571433 0.6172746930803571 0.8127325148809522 0.6661028180803571 0.8127325148809522 0.6408168247767857 0.03264508928571433
0 0.6504080636160714 0.039620535714285754 0.6722063337053571 0.8057570684523809 0.7044677734375 0.8069196428571428 0.6835414341517857 0.03380766369047624
0 0.7096993582589286 0.005905877976190524 0.7219063895089286 0.8138950892857143 0.7785818917410715 0.8150576636904762 0.7576829772874695 -1.4802973661668753e-16
0 0.7681187220982143 0.00474330357142862 0.7846854073660715 0.8080822172619047 0.8474644252232143 0.8150576636904762 0.8247942243303571 0.0012555803571429047
0 0.8317696707589285 0.13378906250000003 0.8474644252232143 0.7871558779761904 0.8692626953124999 0.7906436011904762 0.8483363560267857 0.13146391369047625
0 0.8622872488839285 0.1291387648809524 0.8805977957589285 0.7952938988095237 0.9180908203124999 0.7987816220238094 0.8989083426339285 0.13030133928571433
0 0.9172188895089285 0.13146391369047625 0.9276820591517857 0.7906436011904762 0.9730224609374999 0.79296875 0.9520961216517857 0.1233258928571429
