0 0.039184570312500056 0.2570219494047619 0.04616001674107151 0.8882998511904762 0.13073730468750006 0.890625 0.1167864118303572 0.2523716517857143
0 0.13422502790178575 0.25469680059523814 0.1385846819196429 0.8917875744047619 0.2092110770089286 0.8952752976190476 0.2022356305803572 0.2453962053571429
0 0.2031075613839286 0.1547154017857143 0.21618652343750006 0.9034133184523809 0.2667585100446429 0.9069010416666666 0.25891113281250006 0.1512276785714286
0 0.27547781808035715 0.2221447172619048 0.27722167968750006 0.9080636160714285 0.3574393136160715 0.9127139136904762 0.3583112444196429 0.21516927083333337
0 0.3652866908482143 0.08147321428571433 0.3679024832589286 0.9289899553571428 0.5030517578125 0.9441034226190476 0.5117710658482143 0.06054687500000005
0 0.5222342354910714 0.06635974702380956 0.5108991350446429 0.9475911458333334 0.5754220145089286 0.9545665922619047 0.6068115234375 0.061709449404761946
0 0.6102992466517857 0.18377976190476195 0.5946044921875 0.9348028273809522 0.6547677176339286 0.9417782738095237 0.6800537109375 0.18261718750000003
0 0.6896449497767857 0.18029203869047625 0.6669747488839286 0.9429408482142856 0.7227783203125 0.9464285714285713 0.7593994140625 0.17912946428571433
0 0.7733503069196428 0.0989118303571429 0.7384730747767857 0.9603794642857143 0.7960205078124999 0.9661923363095237 0.8326416015624999 0.09077380952380958
0 0.8439767020089285 0.10356212797619051 0.7995082310267857 0.9487537202380952 0.8483363560267857 0.9534040178571428 0.8954206194196429 0.1012369791666667
0 0.9032679966517857 0.11286272321428574 0.8535679408482143 0.939453125 0.9023960658482143 0.9441034226190476 0.9547119140624999 0.10588727678571434
0 0.9677908761160713 0.11518787202380958 0.9111153738839285 0.9406156994047619 0.9625592912946429 0.9452659970238094 0.9974365234374999 0.42094494047619047 0.9983084542410713 0.11402529761904767
