0 0.1507917131696429 0.1721540178571429 0.1595110212053572 0.8197079613095237 0.18305315290178575 0.8220331101190476 0.1717180524553572 0.1756417410714286
0 0.1752057756696429 0.18261718750000003 0.1900285993303572 0.8243582589285713 0.2057233537946429 0.8255208333333334 0.1970040457589286 0.18261718750000003
0 0.1970040457589286 0.18261718750000003 0.21008300781250006 0.8185453869047619 0.22577776227678575 0.8173828125 0.2179303850446429 0.18494233630952384
0 0.21967424665178575 0.1768043154761905 0.22839355468750006 0.8278459821428571 0.25367954799107145 0.8231956845238094 0.24060058593750006 0.1768043154761905
0 0.24408830915178575 0.18261718750000003 0.2545514787946429 0.829008556547619 0.27460588727678575 0.8266834077380952 0.26239885602678575 0.17912946428571433
0 0.2641427176339286 0.18377976190476195 0.2780936104910715 0.829008556547619 0.2981480189732143 0.8255208333333334 0.2859409877232143 0.17912946428571433
0 0.2885567801339286 0.18377976190476195 0.2998918805803572 0.8301711309523809 0.3234340122767857 0.829008556547619 0.3068673270089286 0.18377976190476195
0 0.3086111886160715 0.18377976190476195 0.3251778738839286 0.8324962797619047 0.3417445591517857 0.8278459821428571 0.3251778738839286 0.18843005952380956
0 0.3277936662946429 0.18610491071428573 0.3461042131696429 0.8278459821428571 0.3617989676339286 0.829008556547619 0.3443603515625 0.18377976190476195
0 0.3504638671875 0.18494233630952384 0.3635428292410714 0.8278459821428571 0.3757498604910714 0.8243582589285713 0.3670305524553572 0.18610491071428573
0 0.3705182756696429 0.19191778273809526 0.3766217912946429 0.8255208333333334 0.3984200613839286 0.8255208333333334 0.3870849609375 0.18726748511904767
0 0.3931884765625 0.1988932291666667 0.4001639229910714 0.8115699404761904 0.4114990234375 0.8092447916666666 0.4097551618303572 0.2023809523809524
0 0.4123709542410714 0.1977306547619048 0.4149867466517857 0.8266834077380952 0.4341692243303572 0.8266834077380952 0.4332972935267857 0.19540550595238101
0 0.4367850167410714 0.19308035714285718 0.4367850167410714 0.8243582589285713 0.4550955636160714 0.8208705357142856 0.4585832868303572 0.19308035714285718
0 0.4638148716517857 0.1977306547619048 0.4594552176339286 0.8243582589285713 0.4829973493303572 0.8208705357142856 0.4829973493303572 0.1965680803571429
0 0.4873570033482143 0.20354352678571433 0.4873570033482143 0.8266834077380952 0.5100272042410714 0.8185453869047619 0.5108991350446429 0.20703125000000003
0 0.5309535435267857 0.09542410714285716 0.5170026506696429 0.841796875 0.5710623604910714 0.8394717261904762 0.5797816685267857 0.10007440476190481
0 0.5876290457589286 0.0989118303571429 0.5745500837053571 0.8441220238095237 0.6181466238839286 0.8464471726190476 0.6268659319196429 0.1023995535714286
0 0.6294817243303571 0.10007440476190481 0.6259940011160714 0.8476097470238094 0.6626150948660714 0.8441220238095237 0.6695905412946429 0.1023995535714286
0 0.6748221261160714 0.10588727678571434 0.6634870256696429 0.8452845982142856 0.7044677734375 0.8429594494047619 0.7192905970982143 0.1047247023809524
0 0.7288818359375 0.07449776785714289 0.7044677734375 0.8464471726190476 0.7550397600446428 0.8429594494047619 0.7811976841517857 0.0756603422619048
0 0.7873011997767857 0.1698288690476191 0.7602713448660714 0.8441220238095237 0.7951485770089285 0.8452845982142856 0.8117152622767857 0.1756417410714286
0 0.8195626395089285 0.1756417410714286 0.7934047154017857 0.8487723214285713 0.8247942243303571 0.8476097470238094 0.8439767020089285 0.1744791666666667
0 0.8465924944196429 0.1744791666666667 0.8247942243303571 0.8441220238095237 0.8492082868303571 0.8441220238095237 0.8736223493303571 0.1733165922619048
0 0.8884451729910715 0.08961123511904767 0.8544398716517857 0.8464471726190476 0.8875732421874999 0.8441220238095237 0.9215785435267857 0.09077380952380958
0 0.9372732979910715 0.0756603422619048 0.8954206194196429 0.8464471726190476 0.9520961216517857 0.8441220238095237 0.9895891462053571 0.07798549107142862
