0 0.007795061383928631 0.317475818452381 0.0836530412946429 0.8917875744047619 0.11329868861607145 0.8882998511904762 0.042672293526785754 0.30817522321428575
0 0.0505196707589286 0.3139880952380953 0.11591448102678575 0.8882998511904762 0.1507917131696429 0.8824869791666666 0.08190917968750006 0.30817522321428575
0 0.08888462611607145 0.31166294642857145 0.15602329799107145 0.8755115327380952 0.17694963727678575 0.8708612351190476 0.11242675781250006 0.31050037202380953
0 0.1167864118303572 0.31050037202380953 0.1786934988839286 0.8662109375 0.19264439174107145 0.8627232142857143 0.13422502790178575 0.30817522321428575
0 0.13684082031250006 0.31166294642857145 0.19787597656250006 0.8696986607142856 0.2126988002232143 0.8696986607142856 0.15515136718750006 0.30817522321428575
0 0.15863909040178575 0.3093377976190476 0.2144426618303572 0.8720238095238094 0.2266496930803572 0.865048363095238 0.17433384486607145 0.30701264880952384
0 0.1778215680803572 0.30817522321428575 0.22926548549107145 0.8638857886904762 0.23885672433035715 0.8615606398809522 0.1909005301339286 0.30701264880952384
0 0.18043736049107145 0.22795758928571433 0.24496023995535715 0.890625 0.2667585100446429 0.8871372767857143 0.21705845424107145 0.21749441964285718
0 0.21967424665178575 0.2488839285714286 0.27199009486607145 0.8836495535714285 0.2937883649553572 0.8859747023809522 0.25106375558035715 0.2477213541666667
0 0.2615269252232143 0.25585937500000006 0.3025076729910715 0.8801618303571428 0.3356410435267857 0.8801618303571428 0.2972760881696429 0.25469680059523814
0 0.3016357421875 0.26283482142857145 0.3365129743303572 0.8824869791666666 0.3504638671875 0.8824869791666666 0.3225620814732143 0.2616722470238096
0 0.3251778738839286 0.2500465029761905 0.3600551060267857 0.9417782738095237 0.3975481305803572 0.9371279761904762 0.3696463448660714 0.24307105654761907
0 0.3888288225446429 0.21981956845238101 0.4097551618303572 0.8976004464285713 0.4463762555803572 0.902250744047619 0.4306815011160714 0.2209821428571429
0 0.4332972935267857 0.09658668154761907 0.4481201171875 0.9475911458333334 0.4960763113839286 0.9487537202380952 0.4960763113839286 0.09542410714285716
0 0.5135149274553572 0.10007440476190481 0.5152587890625 0.9464285714285713 0.5466482979910714 0.9417782738095237 0.5475202287946429 0.0989118303571429
0 0.5701904296875 0.09542410714285716 0.5536237444196429 0.951078869047619 0.5806535993303571 0.9475911458333334 0.6120431082589286 0.0989118303571429
0 0.6329694475446429 0.09309895833333337 0.5928606305803571 0.9673549107142856 0.6512799944196429 0.962704613095238 0.6957484654017857 0.08844866071428574
0 0.7070835658482143 0.13378906250000003 0.6617431640625 0.9289899553571428 0.6948765345982143 0.9289899553571428 0.7524239676339286 0.13843936011904767
0 0.7532958984375 0.2209821428571429 0.7053397042410714 0.9371279761904762 0.7515520368303571 0.938290550595238 0.8108433314732143 0.21633184523809526
0 0.8291538783482143 0.18494233630952384 0.7611432756696428 0.9336402529761904 0.7785818917410715 0.9324776785714285 0.8518240792410715 0.18843005952380956
0 0.8596714564732143 0.18843005952380956 0.7846854073660715 0.9348028273809522 0.8029959542410715 0.9359654017857143 0.8858293805803571 0.18843005952380956
0 0.9250662667410715 0.09658668154761907 0.8221784319196429 0.9650297619047619 0.8553118024553571 0.9708426339285713 0.9695347377232143 0.09542410714285716
