0 0.02348981584821433 0.13495163690476195 0.03395298549107151 0.9452659970238094 0.09498814174107145 0.939453125 0.0810372488839286 0.13262648809523814
0 0.10893903459821436 0.20935639880952384 0.1080671037946429 0.9406156994047619 0.19787597656250006 0.9429408482142856 0.18915666852678575 0.20470610119047625
0 0.2004917689732143 0.058221726190476226 0.20136369977678575 0.9580543154761904 0.3408726283482143 0.9696800595238094 0.3312813895089286 0.03613281250000005
0 0.3530796595982143 0.03264508928571433 0.3461042131696429 0.9720052083333334 0.4149867466517857 0.9743303571428571 0.4359130859375 0.03497023809523814
0 0.4577113560267857 0.1547154017857143 0.4385288783482143 0.9638671875 0.5039236886160714 0.9603794642857143 0.5257219587053572 0.1535528273809524
0 0.5353131975446429 0.1547154017857143 0.5074114118303572 0.9615420386904762 0.5797816685267857 0.9615420386904762 0.6059395926339286 0.1535528273809524
0 0.6181466238839286 0.061709449404761946 0.5841413225446429 0.9789806547619047 0.6416887555803571 0.9824683779761904 0.6722063337053571 0.06054687500000005
0 0.6861572265625 0.0756603422619048 0.6486642020089286 0.9603794642857143 0.7009800502232143 0.9650297619047619 0.7367292131696428 0.07217261904761908
0 0.7498081752232143 0.07914806547619051 0.7114432198660714 0.951078869047619 0.7672467912946428 0.9568917410714285 0.7995082310267857 0.07798549107142862
0 0.8169468470982143 0.08612351190476193 0.7698625837053571 0.9557291666666666 0.8247942243303571 0.9615420386904762 0.8596714564732143 0.08612351190476193
0 0.8718784877232143 0.07798549107142862 0.8308977399553571 0.962704613095238 0.8779820033482143 0.9720052083333334 0.9189627511160715 0.07449776785714289
