0 0.02610560825892863 0.1547154017857143 0.03395298549107151 0.9975818452380952 0.0871407645089286 0.9964192708333331 0.0775495256696429 0.15587797619047625
0 0.0836530412946429 0.1547154017857143 0.09062848772321436 0.9940941220238094 0.1385846819196429 0.9975818452380952 0.13422502790178575 0.15936569940476195
0 0.13945661272321436 0.15704055059523814 0.1411951971700605 0.9996744791666669 0.1900285993303572 0.9975818452380952 0.1882847377232143 0.15820312500000003
0 0.1961321149553572 0.11983816964285716 0.1943882533482143 0.9929315476190476 0.26239885602678575 0.9940941220238094 0.26501464843750006 0.1233258928571429
0 0.27547781808035715 0.23377046130952384 0.26937430245535715 0.9940941220238094 0.3051234654017857 0.9964192708333331 0.3068673270089286 0.23493303571428573
0 0.3120989118303572 0.23377046130952384 0.3077392578125 0.9975818452380952 0.3426164899553572 0.9975818452380952 0.3426164899553572 0.23609561011904767
0 0.3469761439732143 0.23377046130952384 0.3443603515625 0.9975818452380952 0.3757498604910714 0.9964192708333331 0.3792375837053572 0.23609561011904767
0 0.3897007533482143 0.13611421130952384 0.3809814453125 0.9940941220238094 0.4193464006696429 0.9964192708333331 0.4271937779017857 0.14192708333333337
0 0.4385288783482143 0.12448846726190481 0.4298095703125 0.9940941220238094 0.4969482421875 0.9964192708333331 0.5074114118303572 0.1268136160714286
0 0.5178745814732143 0.22795758928571433 0.5056675502232143 0.9940941220238094 0.5431605747767857 0.9952566964285713 0.5562395368303571 0.23260788690476195
0 0.5719342912946429 0.16517857142857148 0.5510079520089286 0.9917689732142856 0.5919886997767857 0.9964192708333331 0.6111711774553571 0.1698288690476191
0 0.6225062779017857 0.2244698660714286 0.5963953440774701 0.9996744791666666 0.6233782087053571 0.9996744791666666 0.6486642020089286 0.2267950148809524
0 0.6591273716517857 0.1256510416666667 0.6303536551339286 0.9940941220238094 0.6661028180803571 0.9906063988095237 0.6922607421875 0.13262648809523814
0 0.7001081194196428 0.13146391369047625 0.6809256417410714 0.9859561011904762 0.7114432198660714 0.9824683779761904 0.7306256975446428 0.13262648809523814
0 0.7515520368303571 0.16401599702380956 0.7314976283482143 0.987118675595238 0.7663748604910714 0.9847935267857143 0.7881731305803571 0.16634114583333337
0 0.7864292689732143 0.18610491071428573 0.7759660993303571 0.9580543154761904 0.8012520926339285 0.9568917410714285 0.8090994698660715 0.18843005952380956
0 0.8152029854910715 0.18843005952380956 0.8143310546874999 0.9568917410714285 0.8457205636160715 0.9545665922619047 0.8422328404017857 0.18843005952380956
0 0.8526960100446429 0.18843005952380956 0.8518240792410715 0.9499162946428571 0.8797258649553571 0.9499162946428571 0.8849574497767857 0.18959263392857148
