0 0.10784912109374994 0.13175455729166666 0.13531494140624994 0.13582356770833331 0.18617757161458331 0.8139919704861112 0.16481526692708331 0.8126356336805557
0 0.15159098307291663 0.11140950520833331 0.18922932942708331 0.11412217881944442 0.22585042317708331 0.8058539496527778 0.19431559244791663 0.8031412760416669
0 0.19126383463541663 0.11005316840277775 0.22483317057291663 0.10734049479166664 0.2563680013020833 0.8031412760416669 0.22381591796874994 0.8058539496527778
0 0.23602294921874994 0.2592502170138889 0.2706095377604167 0.2633192274305555 0.2899373372395833 0.8031412760416669 0.2614542643229167 0.8058539496527778
0 0.26654052734374994 0.11140950520833331 0.2899373372395833 0.10462782118055554 0.3163859049479167 0.8099229600694445 0.29095458984374994 0.8112792968750001
0 0.2950236002604167 0.11276584201388888 0.37335205078124994 0.10598415798611109 0.3784383138020833 0.8153483072916669 0.3163859049479167 0.8099229600694445
0 0.3743693033854167 0.10869683159722221 0.41607666015624994 0.10462782118055554 0.4181111653645833 0.8153483072916669 0.3865763346354167 0.8153483072916669
0 0.4140421549479167 0.09920247395833331 0.4638875325520833 0.09784613715277775 0.4598185221354167 0.8194173177083335 0.4181111653645833 0.8194173177083335
0 0.4689737955729167 0.11276584201388888 0.5310262044270833 0.11547851562499999 0.51678466796875 0.8234863281250001 0.46490478515624994 0.8221299913194445
0 0.53814697265625 0.13989257812499997 0.5706990559895833 0.14260525173611108 0.5523885091145833 0.8180609809027778 0.5239054361979167 0.8180609809027778
0 0.5818888346354167 0.09648980034722221 0.6134236653645833 0.09784613715277775 0.5798543294270833 0.8234863281250001 0.5554402669270833 0.8261990017361112
0 0.6032511393229167 0.2063530815972222 0.6469930013020833 0.213134765625 0.6276652018229167 0.7990722656250001 0.5829060872395833 0.8058539496527778
0 0.6469930013020833 0.21042209201388887 0.6927693684895833 0.21177842881944442 0.6612345377604167 0.7977159288194445 0.6215616861979167 0.796359592013889
0 0.6948038736979167 0.19278971354166666 0.73651123046875 0.19957139756944442 0.6927693684895833 0.8261990017361112 0.66021728515625 0.8221299913194445
0 0.7497355143229167 0.10598415798611109 0.7802530924479167 0.10462782118055554 0.72430419921875 0.832980685763889 0.68768310546875 0.8302680121527778
0 0.77313232421875 0.18465169270833334 0.8148396809895835 0.18329535590277776 0.76702880859375 0.8139919704861112 0.72735595703125 0.8139919704861112
0 0.8331502278645835 0.11819118923611109 0.8626505533854167 0.11819118923611109 0.79754638671875 0.8356933593750001 0.76702880859375 0.8302680121527778
0 0.87078857421875 0.09242078993055554 0.92877197265625 0.09648980034722221 0.8504435221354167 0.8438313802083335 0.80059814453125 0.8424750434027778
0 0.9216512044270835 0.12904188368055555 0.95928955078125 0.13039822048611108 0.8819783528645835 0.845187717013889 0.8504435221354167 0.8438313802083335
0 0.95013427734375 0.188720703125 0.9664103190104167 0.18465169270833334 0.8962198893229167 0.8234863281250001 0.88604736328125 0.820773654513889
0 0.96844482421875 0.18058268229166666 0.9948933919270835 0.188720703125 0.91961669921875 0.8221299913194445 0.90130615234375 0.8221299913194445
