0 0.06817626953124994 0.13853624131944442 0.11293538411458331 0.13717990451388887 0.16583251953124994 0.8533257378472223 0.13531494140624994 0.8641764322916669
0 0.10784912109374994 0.13039822048611108 0.15362548828124994 0.13039822048611108 0.20652262369791663 0.8601074218750001 0.16583251953124994 0.8668891059027778
0 0.16278076171874994 0.13989257812499997 0.22991943359374994 0.13989257812499997 0.2655232747395833 0.8655327690972223 0.20855712890624994 0.857394748263889
0 0.23907470703124994 0.164306640625 0.27874755859374994 0.164306640625 0.3011271158854167 0.857394748263889 0.2736612955729167 0.8587510850694445
0 0.27264404296874994 0.12768554687499997 0.3021443684895833 0.12497287326388888 0.3235066731770833 0.8750271267361112 0.3011271158854167 0.8750271267361112
0 0.3163859049479167 0.24026150173611108 0.37335205078124994 0.24161783854166666 0.3804728190104167 0.8356933593750001 0.33673095703124994 0.8397623697916669
0 0.3753865559895833 0.23212348090277776 0.4089558919270833 0.23619249131944442 0.40386962890624994 0.8465440538194445 0.38250732421874994 0.8411187065972223
0 0.40386962890624994 0.22669813368055555 0.4394734700520833 0.22941080729166666 0.4354044596354167 0.869601779513889 0.4079386393229167 0.8709581163194445
0 0.4486287434895833 0.12226019965277775 0.4842325846354167 0.12361653645833331 0.4720255533854167 0.8804524739583335 0.4394734700520833 0.8777398003472223
0 0.4913533528645833 0.2063530815972222 0.53814697265625 0.20906575520833334 0.5188191731770833 0.8614637586805557 0.4781290690104167 0.8655327690972223
0 0.54425048828125 0.1331108940972222 0.57476806640625 0.13175455729166666 0.5422159830729167 0.8858778211805557 0.5178019205729167 0.8899468315972223
0 0.57476806640625 0.10869683159722221 0.64190673828125 0.11005316840277775 0.59918212890625 0.9021538628472223 0.54425048828125 0.9075792100694445
0 0.63580322265625 0.14803059895833331 0.6825968424479167 0.14938693576388887 0.6276652018229167 0.894015842013889 0.6001993815104167 0.8994411892361112
0 0.6795450846354167 0.20499674479166666 0.7049763997395833 0.20906575520833334 0.6561482747395833 0.8777398003472223 0.6307169596354167 0.8750271267361112
0 0.70599365234375 0.20906575520833334 0.7253214518229167 0.20906575520833334 0.6795450846354167 0.8723144531250001 0.6551310221354167 0.8763834635416669
0 0.7283732096354167 0.2307671440972222 0.7527872721354167 0.22669813368055555 0.70294189453125 0.8845214843750001 0.6775105794270833 0.8736707899305557
0 0.7690633138020835 0.15888129340277776 0.8056844075520835 0.15616861979166666 0.7466837565104167 0.8736707899305557 0.7039591471354167 0.8858778211805557
0 0.8321329752604167 0.10191514756944442 0.86468505859375 0.10055881076388888 0.7751668294270835 0.918429904513889 0.7538045247395835 0.9143608940972223
0 0.8606160481770835 0.15074327256944442 0.8941853841145835 0.15481228298611108 0.8077189127604167 0.8980848524305557 0.7873738606770835 0.8967285156250001
0 0.91656494140625 0.09784613715277775 0.96234130859375 0.09648980034722221 0.8595987955729167 0.930636935763889 0.8178914388020835 0.9279242621527778
