0 0.00510660807291663 0.21991644965277776 0.05088297526041663 0.21991644965277776 0.13124593098958331 0.9509819878472223 0.09259033203124994 0.9631890190972223
0 0.09055582682291663 0.21991644965277776 0.12717692057291663 0.21584743923611108 0.19431559244791663 0.8913031684027778 0.16684977213541663 0.8994411892361112
0 0.13226318359374994 0.23890516493055555 0.15260823567708331 0.237548828125 0.21872965494791663 0.9279242621527778 0.19838460286458331 0.9252115885416669
0 0.15362548828124994 0.16159396701388887 0.18210856119791663 0.16159396701388887 0.24517822265624994 0.9374186197916669 0.21974690755208331 0.9360622829861112
0 0.18516031901041663 0.19957139756944442 0.21974690755208331 0.200927734375 0.26959228515624994 0.930636935763889 0.24314371744791669 0.9347059461805557
0 0.22585042317708331 0.19957139756944442 0.2614542643229167 0.200927734375 0.30926513671874994 0.9211425781250001 0.26959228515624994 0.9265679253472223
0 0.26654052734374994 0.22398546006944442 0.3143513997395833 0.22127278645833334 0.3479207356770833 0.9319932725694445 0.30926513671874994 0.9333496093750001
0 0.31536865234374994 0.18329535590277776 0.35198974609374994 0.1819390190972222 0.3774210611979167 0.9347059461805557 0.34893798828124994 0.9319932725694445
0 0.35809326171874994 0.237548828125 0.4089558919270833 0.237548828125 0.4211629231770833 0.9279242621527778 0.37640380859374994 0.9252115885416669
0 0.40692138671874994 0.200927734375 0.4689737955729167 0.19550238715277776 0.4628702799479167 0.9347059461805557 0.4201456705729167 0.9333496093750001
0 0.46795654296874994 0.23483615451388887 0.5178019205729167 0.23619249131944442 0.5035603841145833 0.9360622829861112 0.4628702799479167 0.9374186197916669
0 0.52288818359375 0.20906575520833334 0.5737508138020833 0.20906575520833334 0.5513712565104167 0.9360622829861112 0.5116984049479167 0.9374186197916669
0 0.58087158203125 0.188720703125 0.6378377278645833 0.188720703125 0.59918212890625 0.9333496093750001 0.5513712565104167 0.9347059461805557
0 0.6429239908854167 0.18736436631944442 0.6988728841145833 0.1941460503472222 0.65411376953125 0.9360622829861112 0.6063028971354167 0.9387749565972223
0 0.7049763997395833 0.19685872395833334 0.7538045247395835 0.1941460503472222 0.7049763997395833 0.9347059461805557 0.65716552734375 0.942843967013889
0 0.7660115559895835 0.19007703993055555 0.8260294596354167 0.18600802951388887 0.7588907877604167 0.9414876302083335 0.7100626627604167 0.9414876302083335
0 0.83111572265625 0.18600802951388887 0.9002888997395835 0.18329535590277776 0.81585693359375 0.9496256510416669 0.7599080403645835 0.9469129774305557
0 0.90130615234375 0.176513671875 0.95318603515625 0.17515733506944442 0.8575642903645835 0.9564073350694445 0.8168741861979167 0.9536946614583335
0 0.9511515299479167 0.22262912326388887 0.99591064453125 0.22262912326388887 0.89520263671875 0.9455566406250001 0.8626505533854167 0.955050998263889
