0 0.06817626953124994 0.20228407118055555 0.09767659505208331 0.200927734375 0.06817626953124994 0.9523383246527778 0.03867594401041663 0.9523383246527778
0 0.09564208984374994 0.2714572482638889 0.13734944661458331 0.2714572482638889 0.11598714192708331 0.9536946614583335 0.07224527994791663 0.9509819878472223
0 0.13734944661458331 0.298583984375 0.17905680338541663 0.2999403211805555 0.16583251953124994 0.9577636718750001 0.12107340494791663 0.9577636718750001
0 0.18210856119791663 0.2945149739583333 0.20957438151041663 0.2958713107638889 0.19635009765624994 0.9604763454861112 0.16278076171874994 0.9645453559027778
0 0.21059163411458331 0.2904459635416667 0.2502644856770833 0.2945149739583333 0.23805745442708331 0.9686143663194445 0.19635009765624994 0.9726833767361112
0 0.2614542643229167 0.2660319010416667 0.2919718424479167 0.2701009114583333 0.2736612955729167 0.9740397135416669 0.24212646484374994 0.9726833767361112
0 0.2889200846354167 0.2904459635416667 0.31231689453124994 0.2904459635416667 0.29705810546874994 0.967258029513889 0.27874755859374994 0.9686143663194445
0 0.3143513997395833 0.2958713107638889 0.3570760091145833 0.3012966579861111 0.33673095703124994 0.9713270399305557 0.2990926106770833 0.9767523871527778
0 0.35809326171874994 0.1941460503472222 0.4018351236979167 0.19685872395833334 0.3906453450520833 0.9767523871527778 0.3407999674479167 0.9740397135416669
0 0.40997314453124994 0.31757269965277773 0.4608357747395833 0.3148600260416667 0.4547322591145833 0.9564073350694445 0.4018351236979167 0.9591200086805557
0 0.4577840169270833 0.29315863715277773 0.4903361002604167 0.2945149739583333 0.4750773111979167 0.9686143663194445 0.4577840169270833 0.9659016927083335
0 0.4883015950520833 0.3067220052083333 0.52899169921875 0.30536566840277773 0.5178019205729167 0.9876030815972223 0.4811808268229167 0.9889594184027778
0 0.52899169921875 0.2999403211805555 0.57171630859375 0.2999403211805555 0.56256103515625 0.991672092013889 0.5239054361979167 0.9943847656250001
0 0.5727335611979167 0.298583984375 0.6042683919270833 0.3012966579861111 0.6032511393229167 0.9943847656250001 0.56256103515625 0.991672092013889
0 0.6042683919270833 0.3080783420138889 0.6439412434895833 0.310791015625 0.6439412434895833 0.9957411024305557 0.6042683919270833 0.9957411024305557
0 0.6530965169270833 0.30536566840277773 0.69378662109375 0.30536566840277773 0.69683837890625 0.9943847656250001 0.6492309570312509 0.9996744791666666
0 0.7039591471354167 0.1697319878472222 0.7283732096354167 0.17108832465277776 0.7304073818641742 0.9996744791666666 0.6917521158854167 0.9996744791666666
0 0.7354939778645835 0.2701009114583333 0.7772013346354167 0.26874457465277773 0.7782146385695858 0.9996744791666666 0.7314249674479167 0.9996744791666666
0 0.7904256184895835 0.3392740885416667 0.8107706705729167 0.3433430989583333 0.8229777018229167 0.9631890190972223 0.7955118815104167 0.9618326822916669
0 0.8168741861979167 0.34198676215277773 0.8473917643229167 0.335205078125 0.8534952799479167 0.9659016927083335 0.82806396484375 0.9699707031250001
0 0.8473917643229167 0.3311360677083333 0.87994384765625 0.3338487413194444 0.89215087890625 0.9740397135416669 0.85858154296875 0.9686143663194445
0 0.8901163736979167 0.31757269965277773 0.9206339518229167 0.3148600260416667 0.9389444986979167 0.9726833767361112 0.9094441731770835 0.9726833767361112
0 0.9419962565104167 0.3392740885416667 0.9735310872395835 0.34198676215277773 0.9877726236979167 0.967258029513889 0.9552205403645835 0.9631890190972223
