0 0.028503417968749944 0.13446723090277776 0.10378011067708331 0.13853624131944442 0.15769449869791663 0.881808810763889 0.10276285807291663 0.8845214843750001
0 0.11090087890624994 0.16701931423611108 0.14345296223958331 0.164306640625 0.19228108723958331 0.8790961371527778 0.16684977213541663 0.8831651475694445
0 0.14141845703124994 0.12226019965277775 0.16888427734374994 0.12226019965277775 0.22076416015624994 0.9021538628472223 0.19329833984374994 0.8980848524305557
0 0.20245361328124994 0.23890516493055555 0.25433349609374994 0.24161783854166666 0.27874755859374994 0.8587510850694445 0.23704020182291669 0.8628200954861112
0 0.2533162434895833 0.23890516493055555 0.28179931640624994 0.23890516493055555 0.3041788736979167 0.857394748263889 0.2828165690104167 0.857394748263889
0 0.2868855794270833 0.23347981770833334 0.3143513997395833 0.23212348090277776 0.3326619466145833 0.8885904947916669 0.3021443684895833 0.8885904947916669
0 0.3285929361979167 0.11819118923611109 0.36724853515624994 0.12497287326388888 0.3692830403645833 0.8926595052083335 0.3357137044270833 0.8953721788194445
0 0.38250732421874994 0.20499674479166666 0.4211629231770833 0.21177842881944442 0.4201456705729167 0.8804524739583335 0.3804728190104167 0.8831651475694445
0 0.4231974283854167 0.1331108940972222 0.4506632486979167 0.13446723090277776 0.4394734700520833 0.9102918836805557 0.4181111653645833 0.9035101996527778
0 0.4547322591145833 0.10734049479166664 0.51983642578125 0.11005316840277775 0.49542236328124994 0.9102918836805557 0.4445597330729167 0.9238552517361112
0 0.5178019205729167 0.14803059895833331 0.5645955403645833 0.15888129340277776 0.52593994140625 0.9102918836805557 0.4974568684895833 0.9130045572916669
0 0.56256103515625 0.20770941840277776 0.5879923502604167 0.2063530815972222 0.5523885091145833 0.8885904947916669 0.5310262044270833 0.8899468315972223
0 0.5910441080729167 0.20228407118055555 0.6154581705729167 0.200927734375 0.57781982421875 0.8845214843750001 0.5523885091145833 0.8953721788194445
0 0.61749267578125 0.22805447048611108 0.6459757486979167 0.22669813368055555 0.6012166341145833 0.8913031684027778 0.5849405924479167 0.8872341579861112
0 0.6520792643229167 0.152099609375 0.69683837890625 0.15616861979166666 0.6408894856770833 0.8994411892361112 0.6063028971354167 0.8913031684027778
0 0.7070109049479167 0.10327148437499999 0.7405802408854167 0.09648980034722221 0.6795450846354167 0.9238552517361112 0.6459757486979167 0.9238552517361112
0 0.7436319986979167 0.14396158854166666 0.7782185872395835 0.15481228298611108 0.71209716796875 0.8967285156250001 0.6825968424479167 0.8980848524305557
0 0.79449462890625 0.09513346354166664 0.8412882486979167 0.09377712673611109 0.7558390299479167 0.9482693142361112 0.7131144205729167 0.9401312934027778
0 0.8443400065104167 0.11140950520833331 0.9084269205729167 0.10734049479166664 0.8016153971354167 0.9442003038194445 0.7599080403645835 0.9455566406250001
0 0.8901163736979167 0.2063530815972222 0.9206339518229167 0.21042209201388887 0.8260294596354167 0.918429904513889 0.8077189127604167 0.9170735677083335
0 0.9247029622395835 0.20906575520833334 0.96234130859375 0.213134765625 0.8595987955729167 0.9048665364583335 0.8321329752604167 0.906222873263889
