0 0.012227376302083315 0.335205078125 0.046813964843749944 0.3338487413194444 0.06003824869791663 0.8289116753472223 0.030537923177083315 0.8289116753472223 0.03562418619791663 0.8289116753472223 0.027486165364583315 0.8302680121527778
0 0.045796712239583315 0.3257107204861111 0.07631429036458331 0.32977973090277773 0.09564208984374994 0.832980685763889 0.06003824869791663 0.832980685763889
0 0.08546956380208331 0.2524685329861111 0.12005615234374994 0.24568684895833334 0.13938395182291663 0.857394748263889 0.10479736328124994 0.857394748263889
0 0.12514241536458331 0.2511121961805555 0.16684977213541663 0.2524685329861111 0.19126383463541663 0.8641764322916669 0.13938395182291663 0.8614637586805557
0 0.17905680338541663 0.24839952256944442 0.22381591796874994 0.24839952256944442 0.23805745442708331 0.8655327690972223 0.19329833984374994 0.8655327690972223
0 0.22585042317708331 0.22669813368055555 0.26654052734374994 0.22669813368055555 0.2838338216145833 0.8668891059027778 0.24110921223958331 0.8682454427083335
0 0.27264404296874994 0.2307671440972222 0.32147216796874994 0.22941080729166666 0.3255411783854167 0.8655327690972223 0.2838338216145833 0.869601779513889
0 0.3224894205729167 0.22941080729166666 0.36419677734374994 0.22398546006944442 0.3713175455729167 0.8682454427083335 0.3265584309895833 0.8668891059027778
0 0.36419677734374994 0.2307671440972222 0.4120076497395833 0.22669813368055555 0.4170939127604167 0.8723144531250001 0.3743693033854167 0.869601779513889
0 0.4109903971354167 0.30536566840277773 0.45574951171874994 0.3026529947916667 0.4547322591145833 0.8736707899305557 0.4201456705729167 0.8709581163194445
0 0.4537150065104167 0.22669813368055555 0.4883015950520833 0.225341796875 0.4872843424479167 0.8750271267361112 0.45880126953124994 0.8709581163194445
0 0.48626708984374994 0.21177842881944442 0.5310262044270833 0.20499674479166666 0.53509521484375 0.8885904947916669 0.4913533528645833 0.8845214843750001
0 0.5340779622395833 0.24433051215277776 0.5523885091145833 0.24433051215277776 0.5523885091145833 0.8858778211805557 0.5371297200520833 0.8845214843750001
0 0.5513712565104167 0.237548828125 0.5971476236979167 0.237548828125 0.5981648763020833 0.8736707899305557 0.55340576171875 0.8709581163194445
0 0.5920613606770833 0.2524685329861111 0.6246134440104167 0.2524685329861111 0.6195271809895833 0.8668891059027778 0.6001993815104167 0.8709581163194445
0 0.6195271809895833 0.30536566840277773 0.6622517903645833 0.3080783420138889 0.6581827799479167 0.8682454427083335 0.6225789388020833 0.8668891059027778
0 0.6653035481770833 0.3121473524305555 0.7009073893229167 0.3162163628472222 0.6887003580729167 0.8668891059027778 0.66021728515625 0.869601779513889
0 0.6958211263020833 0.322998046875 0.7314249674479167 0.3270670572916667 0.7192179361979167 0.8587510850694445 0.6887003580729167 0.8587510850694445
0 0.73040771484375 0.32977973090277773 0.7649943033854167 0.32842339409722227 0.7599080403645835 0.8641764322916669 0.7202351888020833 0.8628200954861112
0 0.7649943033854167 0.3257107204861111 0.8016153971354167 0.3257107204861111 0.7894083658854167 0.8628200954861112 0.76092529296875 0.8587510850694445
0 0.7995808919270835 0.3216417100694444 0.8331502278645835 0.3216417100694444 0.8209431966145835 0.8709581163194445 0.7894083658854167 0.8682454427083335
0 0.8331502278645835 0.32842339409722227 0.8687540690104167 0.32842339409722227 0.8545125325520835 0.869601779513889 0.8239949544270835 0.869601779513889
0 0.8748575846354167 0.3202853732638889 0.9369099934895835 0.31757269965277773 0.9185994466145835 0.8899468315972223 0.86468505859375 0.8858778211805557
0 0.9338582356770835 0.3257107204861111 0.9633585611979167 0.3257107204861111 0.94403076171875 0.8736707899305557 0.9185994466145835 0.8709581163194445
0 0.9786173502604167 0.3040093315972222 0.99896240234375 0.3012966579861111 0.9796346028645835 0.8845214843750001 0.9511515299479167 0.8872341579861112
