0 0.24314371744791669 0.04766167534722221 0.3041788736979167 0.044949001736111084 0.3662312825520833 0.991672092013889 0.3102823893229167 0.9930284288194445
0 0.3265584309895833 0.1941460503472222 0.3509724934895833 0.1941460503472222 0.3936971028645833 0.9808213975694445 0.37030029296874994 0.9862467447916669
0 0.3570760091145833 0.23212348090277776 0.4028523763020833 0.2307671440972222 0.4293009440104167 0.9536946614583335 0.3987833658854167 0.9631890190972223
0 0.4079386393229167 0.237548828125 0.4506632486979167 0.23483615451388887 0.4781290690104167 0.9604763454861112 0.44049072265624994 0.9645453559027778
0 0.4567667643229167 0.11276584201388888 0.5218709309895833 0.10191514756944442 0.5340779622395833 0.9577636718750001 0.48321533203124994 0.9604763454861112
0 0.5178019205729167 0.16295030381944442 0.5523885091145833 0.16295030381944442 0.5584920247395833 0.9116482204861112 0.5340779622395833 0.9089355468750001
0 0.5452677408854167 0.22941080729166666 0.5768025716145833 0.22398546006944442 0.5859578450520833 0.918429904513889 0.5584920247395833 0.9170735677083335
0 0.5768025716145833 0.22398546006944442 0.61138916015625 0.22805447048611108 0.60833740234375 0.9102918836805557 0.5879923502604167 0.9116482204861112
0 0.60833740234375 0.22805447048611108 0.6347859700520833 0.22262912326388887 0.63275146484375 0.9035101996527778 0.6012166341145833 0.9116482204861112
0 0.6347859700520833 0.21991644965277776 0.66632080078125 0.22398546006944442 0.6592000325520833 0.9048665364583335 0.62969970703125 0.9102918836805557
0 0.6653035481770833 0.22669813368055555 0.70599365234375 0.22941080729166666 0.69073486328125 0.9143608940972223 0.6530965169270833 0.9075792100694445
0 0.7141316731770833 0.19550238715277776 0.7690633138020835 0.19278971354166666 0.7477010091145835 0.8926595052083335 0.6948038736979167 0.8980848524305557
