0 0.00510660807291663 0.335205078125 0.06919352213541663 0.34063042534722227 0.14141845703124994 0.9862467447916669 0.08546956380208331 0.9984537760416669
0 0.07631429036458331 0.3460557725694444 0.13226318359374994 0.34063042534722227 0.18210856119791663 0.9835340711805557 0.14752197265624994 0.9848904079861112
0 0.12005615234374994 0.26874457465277773 0.16888427734374994 0.2646755642361111 0.21669514973958331 0.9862467447916669 0.17600504557291663 0.9876030815972223
0 0.15769449869791663 0.2782389322916667 0.19940185546874994 0.2714572482638889 0.25128173828124994 0.9876030815972223 0.22279866536458331 0.9876030815972223
0 0.19329833984374994 0.21042209201388887 0.2584025065104167 0.200927734375 0.310185664117673 0.9996744791666666 0.2522989908854167 0.9943847656250001
0 0.2797648111979167 0.3040093315972222 0.32147216796874994 0.2972276475694444 0.3540242513020833 0.9699707031250001 0.3265584309895833 0.9740397135416669
0 0.3051961263020833 0.19007703993055555 0.3560587565104167 0.18736436631944442 0.3835245768229167 0.9876030815972223 0.34912109375000017 0.9996744791666666
0 0.3448689778645833 0.19143337673611108 0.38250732421874994 0.18465169270833334 0.4181111653645833 0.9957411024305557 0.38555908203124994 0.9930284288194445
0 0.3967488606770833 0.18465169270833334 0.45880126953124994 0.17787000868055555 0.47406005859374994 0.9767523871527778 0.42523193359374994 0.9848904079861112
0 0.4598185221354167 0.18465169270833334 0.51068115234375 0.176513671875 0.5279744466145833 0.9835340711805557 0.4781290690104167 0.9835340711805557
0 0.5269571940104167 0.20770941840277776 0.5757853190104167 0.20228407118055555 0.5696818033854167 0.9564073350694445 0.5300089518229167 0.9523383246527778
0 0.57781982421875 0.20228407118055555 0.6286824544270833 0.20228407118055555 0.61138916015625 0.942843967013889 0.5666300455729167 0.9469129774305557
0 0.6307169596354167 0.15481228298611108 0.6592000325520833 0.15481228298611108 0.63580322265625 0.9631890190972223 0.6093546549479167 0.9618326822916669
0 0.6592000325520833 0.2538248697916667 0.72125244140625 0.2578938802083333 0.6836140950520833 0.9292805989583335 0.63275146484375 0.9469129774305557
0 0.7192179361979167 0.18058268229166666 0.7507527669270835 0.18329535590277776 0.70904541015625 0.9252115885416669 0.6866658528645833 0.918429904513889
0 0.75177001953125 0.17787000868055555 0.7802530924479167 0.18058268229166666 0.7344767252604167 0.9170735677083335 0.70904541015625 0.9197862413194445
0 0.78228759765625 0.17244466145833334 0.84637451171875 0.17244466145833334 0.78533935546875 0.918429904513889 0.73345947265625 0.9211425781250001
0 0.84637451171875 0.12361653645833331 0.8789265950520835 0.12226019965277775 0.8178914388020835 0.9374186197916669 0.7843221028645835 0.9414876302083335
0 0.8870646158854167 0.10055881076388888 0.9389444986979167 0.10055881076388888 0.85858154296875 0.9414876302083335 0.8239949544270835 0.9374186197916669
0 0.9328409830729167 0.18058268229166666 0.9480997721354167 0.17787000868055555 0.87689208984375 0.9157172309027778 0.86468505859375 0.9157172309027778
