0 0.01731363932291663 0.24704318576388887 0.051900227864583315 0.24704318576388887 0.058003743489583315 0.8790961371527778 0.030537923177083315 0.8804524739583335
0 0.05393473307291663 0.19278971354166666 0.10784912109374994 0.19685872395833334 0.11293538411458331 0.8804524739583335 0.06309000651041663 0.8777398003472223
0 0.12412516276041663 0.18465169270833334 0.16278076171874994 0.18329535590277776 0.16176350911458331 0.8953721788194445 0.12310791015624994 0.8953721788194445
0 0.16379801432291663 0.15481228298611108 0.19126383463541663 0.16023763020833334 0.18922932942708331 0.894015842013889 0.16481526692708331 0.8994411892361112
0 0.21872965494791663 0.2714572482638889 0.25433349609374994 0.2701009114583333 0.2533162434895833 0.8980848524305557 0.21974690755208331 0.8953721788194445
0 0.2533162434895833 0.2714572482638889 0.2777303059895833 0.2714572482638889 0.2736612955729167 0.8913031684027778 0.2522989908854167 0.894015842013889
0 0.2746785481770833 0.07750108506944442 0.3112996419270833 0.07750108506944442 0.3021443684895833 0.9252115885416669 0.2655232747395833 0.9265679253472223
0 0.3194376627604167 0.2714572482638889 0.3540242513020833 0.274169921875 0.34893798828124994 0.8994411892361112 0.3163859049479167 0.8980848524305557
0 0.3499552408854167 0.2890896267361111 0.3875935872395833 0.286376953125 0.38861083984374994 0.8953721788194445 0.3448689778645833 0.8913031684027778
0 0.3906453450520833 0.2850206163194444 0.4272664388020833 0.29315863715277773 0.4181111653645833 0.8845214843750001 0.3936971028645833 0.881808810763889
0 0.40997314453124994 0.3460557725694444 0.4516805013020833 0.3433430989583333 0.44354248046874994 0.9143608940972223 0.4140421549479167 0.9143608940972223
0 0.4506632486979167 0.19007703993055555 0.5035603841145833 0.18736436631944442 0.4944051106770833 0.9292805989583335 0.4445597330729167 0.9238552517361112
0 0.5066121419270833 0.14667426215277776 0.5462849934895833 0.14396158854166666 0.5330607096354167 0.930636935763889 0.4994913736979167 0.9292805989583335
0 0.5401814778645833 0.1453179253472222 0.57171630859375 0.14667426215277776 0.5554402669270833 0.9333496093750001 0.53509521484375 0.9319932725694445
0 0.5666300455729167 0.18329535590277776 0.6093546549479167 0.18058268229166666 0.59918212890625 0.9333496093750001 0.55645751953125 0.9292805989583335
0 0.6185099283854167 0.1453179253472222 0.6642862955729167 0.14803059895833331 0.64190673828125 0.9333496093750001 0.5951131184895833 0.9333496093750001
0 0.6551310221354167 0.2714572482638889 0.6958211263020833 0.2782389322916667 0.6805623372395833 0.9279242621527778 0.6469930013020833 0.9279242621527778
0 0.7009073893229167 0.2904459635416667 0.7477010091145835 0.2904459635416667 0.7263387044270833 0.930636935763889 0.6805623372395833 0.9252115885416669
0 0.7436319986979167 0.24433051215277776 0.7660115559895835 0.24026150173611108 0.75177001953125 0.9279242621527778 0.7222696940104167 0.9252115885416669
0 0.7833048502604167 0.15074327256944442 0.8331502278645835 0.15074327256944442 0.8117879231770835 0.9414876302083335 0.7588907877604167 0.9414876302083335
0 0.8362019856770835 0.18329535590277776 0.87078857421875 0.18058268229166666 0.8534952799479167 0.9631890190972223 0.8209431966145835 0.9577636718750001
0 0.8941853841145835 0.19550238715277776 0.9430135091145835 0.19685872395833334 0.9145304361979167 0.9292805989583335 0.8667195638020835 0.9238552517361112
0 0.9277547200520835 0.2592502170138889 0.9816691080729167 0.2633192274305555 0.96539306640625 0.930636935763889 0.9185994466145835 0.9252115885416669
