0 0.0020548502604166297 0.2646755642361111 0.045796712239583315 0.2660319010416667 0.09055582682291663 0.9414876302083335 0.049865722656249944 0.9455566406250001
0 0.049865722656249944 0.2673882378472222 0.08852132161458331 0.2701009114583333 0.13429768880208331 0.9279242621527778 0.10683186848958331 0.9252115885416669
0 0.07936604817708331 0.21991644965277776 0.11191813151041663 0.2185601128472222 0.15667724609374994 0.930636935763889 0.13124593098958331 0.930636935763889
0 0.12412516276041663 0.2429741753472222 0.16074625651041663 0.2429741753472222 0.19533284505208331 0.9021538628472223 0.16379801432291663 0.8967285156250001
0 0.16176350911458331 0.17922634548611108 0.20855712890624994 0.176513671875 0.24416097005208331 0.9224989149305557 0.19024658203124994 0.9252115885416669
0 0.21974690755208331 0.17787000868055555 0.2889200846354167 0.17515733506944442 0.30316162109374994 0.9360622829861112 0.24721272786458331 0.9292805989583335
0 0.28179931640624994 0.17787000868055555 0.32452392578124994 0.17515733506944442 0.33367919921874994 0.9292805989583335 0.29400634765624994 0.9279242621527778
0 0.32452392578124994 0.12226019965277775 0.40386962890624994 0.12497287326388888 0.39471435546874994 0.9360622829861112 0.33062744140624994 0.9401312934027778
0 0.40997314453124994 0.2578938802083333 0.4547322591145833 0.2578938802083333 0.4323527018229167 0.9265679253472223 0.3936971028645833 0.930636935763889
0 0.4486287434895833 0.13582356770833331 0.4811808268229167 0.13582356770833331 0.4659220377604167 0.9265679253472223 0.4354044596354167 0.9292805989583335
0 0.4821980794270833 0.24839952256944442 0.51373291015625 0.24839952256944442 0.4974568684895833 0.9211425781250001 0.47100830078124994 0.9224989149305557
0 0.5300089518229167 0.1575249565972222 0.5727335611979167 0.164306640625 0.54425048828125 0.9197862413194445 0.49847412109374994 0.9157172309027778
0 0.5706990559895833 0.225341796875 0.63885498046875 0.23347981770833334 0.5951131184895833 0.9211425781250001 0.5462849934895833 0.9170735677083335
0 0.6398722330729167 0.2551812065972222 0.7039591471354167 0.2592502170138889 0.6530965169270833 0.9130045572916669 0.5940958658854167 0.9089355468750001
0 0.7019246419270833 0.2673882378472222 0.7446492513020835 0.2660319010416667 0.69989013671875 0.8994411892361112 0.6561482747395833 0.9089355468750001
0 0.7568562825520835 0.20499674479166666 0.79144287109375 0.20364040798611108 0.73956298828125 0.9143608940972223 0.7019246419270833 0.9170735677083335
0 0.7955118815104167 0.24839952256944442 0.8565470377604167 0.24839952256944442 0.7873738606770835 0.9224989149305557 0.73651123046875 0.9197862413194445
0 0.8809611002604167 0.14260525173611108 0.9511515299479167 0.14667426215277776 0.8473917643229167 0.9442003038194445 0.7894083658854167 0.9360622829861112
0 0.9247029622395835 0.261962890625 0.9603068033854167 0.25653754340277773 0.8758748372395835 0.9265679253472223 0.8534952799479167 0.9238552517361112
