0 0.00815836588541663 0.16701931423611108 0.039693196614583315 0.17244466145833334 0.04172770182291663 0.9035101996527778 0.018330891927083315 0.9048665364583335
0 0.033589680989583315 0.34198676215277773 0.05088297526041663 0.3392740885416667 0.052917480468749944 0.9048665364583335 0.043762207031249944 0.9048665364583335
0 0.042744954427083315 0.3324924045138889 0.061055501302083315 0.3365614149305556 0.06817626953124994 0.9075792100694445 0.054951985677083315 0.9102918836805557
0 0.06817626953124994 0.2795952690972222 0.10276285807291663 0.2836642795138889 0.10276285807291663 0.9089355468750001 0.06919352213541663 0.9130045572916669
0 0.11598714192708331 0.08699544270833331 0.14548746744791663 0.08970811631944442 0.14447021484374994 0.9347059461805557 0.10683186848958331 0.9401312934027778
0 0.17295328776041663 0.2904459635416667 0.19838460286458331 0.2877332899305555 0.20753987630208331 0.8953721788194445 0.17702229817708331 0.8953721788194445
0 0.20245361328124994 0.3012966579861111 0.24212646484374994 0.2972276475694444 0.24517822265624994 0.9007975260416669 0.20957438151041663 0.8994411892361112
0 0.2624715169270833 0.35283745659722227 0.2980753580729167 0.3460557725694444 0.2960408528645833 0.9116482204861112 0.2624715169270833 0.9075792100694445
0 0.2960408528645833 0.19821506076388887 0.3469034830729167 0.19821506076388887 0.3418172200520833 0.9292805989583335 0.2960408528645833 0.9238552517361112
0 0.3469034830729167 0.15481228298611108 0.3926798502604167 0.15481228298611108 0.37335205078124994 0.9265679253472223 0.3418172200520833 0.930636935763889
0 0.3835245768229167 0.16023763020833334 0.40386962890624994 0.15616861979166666 0.40081787109374994 0.930636935763889 0.3723347981770833 0.9252115885416669
0 0.4089558919270833 0.19278971354166666 0.4506632486979167 0.19957139756944442 0.4394734700520833 0.9333496093750001 0.40081787109374994 0.9347059461805557
0 0.4577840169270833 0.15074327256944442 0.5035603841145833 0.15481228298611108 0.4821980794270833 0.9360622829861112 0.43743896484374994 0.9374186197916669
0 0.49542236328124994 0.2877332899305555 0.5371297200520833 0.2836642795138889 0.5239054361979167 0.9319932725694445 0.4791463216145833 0.9279242621527778
0 0.5361124674479167 0.2999403211805555 0.5849405924479167 0.3012966579861111 0.5706990559895833 0.9224989149305557 0.52288818359375 0.930636935763889
0 0.5849405924479167 0.24568684895833334 0.61444091796875 0.24568684895833334 0.6001993815104167 0.9347059461805557 0.5706990559895833 0.9319932725694445
0 0.6185099283854167 0.15888129340277776 0.6673380533854167 0.15481228298611108 0.65106201171875 0.9374186197916669 0.5940958658854167 0.9347059461805557
0 0.6714070638020833 0.18736436631944442 0.69989013671875 0.18736436631944442 0.68157958984375 0.9523383246527778 0.6530965169270833 0.9523383246527778
0 0.6978556315104167 0.2673882378472222 0.7232869466145833 0.2701009114583333 0.7070109049479167 0.9279242621527778 0.68463134765625 0.9252115885416669
0 0.7232869466145833 0.20228407118055555 0.7751668294270835 0.20364040798611108 0.7558390299479167 0.9252115885416669 0.70599365234375 0.9279242621527778
0 0.7680460611979167 0.2633192274305555 0.8178914388020835 0.2646755642361111 0.8046671549479167 0.9224989149305557 0.7507527669270835 0.9238552517361112
0 0.84332275390625 0.152099609375 0.8962198893229167 0.15074327256944442 0.8697713216145835 0.9618326822916669 0.8239949544270835 0.9591200086805557
0 0.8901163736979167 0.3135036892361111 0.9145304361979167 0.3094346788194444 0.8972371419270835 0.9279242621527778 0.86773681640625 0.9265679253472223
0 0.9145304361979167 0.3121473524305555 0.9369099934895835 0.3135036892361111 0.9175821940104167 0.9333496093750001 0.8992716471354167 0.9333496093750001
0 0.9369099934895835 0.3148600260416667 0.9582722981770835 0.3135036892361111 0.9389444986979167 0.9374186197916669 0.9175821940104167 0.9319932725694445
0 0.9603068033854167 0.3080783420138889 0.9796346028645835 0.3080783420138889 0.9603068033854167 0.9292805989583335 0.94403076171875 0.9292805989583335
