0 0.02341715494791663 0.1819390190972222 0.08140055338541663 0.18058268229166666 0.13938395182291663 0.9442003038194445 0.08343505859374994 0.9523383246527778
0 0.09360758463541663 0.17380099826388887 0.15565999348958331 0.17515733506944442 0.18414306640624994 0.9360622829861112 0.13938395182291663 0.942843967013889
0 0.14345296223958331 0.055799696180555546 0.19635009765624994 0.050374348958333315 0.23500569661458331 0.979465060763889 0.19126383463541663 0.9848904079861112
0 0.20143636067708331 0.04087999131944443 0.25128173828124994 0.039523654513888874 0.28485107421874994 0.991672092013889 0.23907470703124994 0.9889594184027778
0 0.2858683268229167 0.176513671875 0.3357137044270833 0.17922634548611108 0.3479207356770833 0.9482693142361112 0.3021443684895833 0.9536946614583335
0 0.3540242513020833 0.03138563368055554 0.41607666015624994 0.02460394965277776 0.40081787109374994 0.9699707031250001 0.36724853515624994 0.9645453559027778
0 0.41607666015624994 0.030029296874999986 0.4791463216145833 0.028672960069444423 0.4720255533854167 0.9713270399305557 0.4048868815104167 0.967258029513889
0 0.48626708984374994 0.1453179253472222 0.5635782877604167 0.14260525173611108 0.5361124674479167 0.9930284288194445 0.4720255533854167 0.9930284288194445
0 0.58697509765625 0.030029296874999986 0.63580322265625 0.03409830729166665 0.60223388671875 0.9496256510416669 0.5635782877604167 0.9509819878472223
0 0.62664794921875 0.13039822048611108 0.67242431640625 0.13446723090277776 0.64495849609375 0.9740397135416669 0.6042683919270833 0.9659016927083335
0 0.6795450846354167 0.12768554687499997 0.7263387044270833 0.12768554687499997 0.7131144205729167 0.9659016927083335 0.66326904296875 0.967258029513889
0 0.73040771484375 0.1331108940972222 0.7782185872395835 0.12768554687499997 0.7477010091145835 0.9686143663194445 0.71209716796875 0.9631890190972223
0 0.7741495768229167 0.12632921006944442 0.82501220703125 0.11819118923611109 0.80364990234375 0.955050998263889 0.75787353515625 0.9496256510416669
0 0.8270467122395835 0.11005316840277775 0.8718058268229167 0.10055881076388888 0.8392537434895835 0.9442003038194445 0.8117879231770835 0.9442003038194445
0 0.8606160481770835 0.04223632812499998 0.9277547200520835 0.02596028645833332 0.90130615234375 0.9157172309027778 0.8443400065104167 0.9238552517361112
