0 0.062072753906249944 0.14803059895833331 0.11903889973958331 0.1453179253472222 0.11802164713541663 0.9265679253472223 0.06614176432291663 0.9279242621527778
0 0.12310791015624994 0.14667426215277776 0.18210856119791663 0.1453179253472222 0.18007405598958331 0.9252115885416669 0.12819417317708331 0.9238552517361112
0 0.19329833984374994 0.2429741753472222 0.22788492838541669 0.24026150173611108 0.23297119140624994 0.9035101996527778 0.20041910807291663 0.9021538628472223
0 0.22890218098958331 0.237548828125 0.25738525390624994 0.24026150173611108 0.2594197591145833 0.9021538628472223 0.24212646484374994 0.9035101996527778
0 0.24822998046874994 0.09377712673611109 0.3072306315104167 0.09513346354166664 0.3082478841145833 0.9319932725694445 0.2563680013020833 0.9292805989583335
0 0.31536865234374994 0.09106445312499999 0.3692830403645833 0.09377712673611109 0.37030029296874994 0.9265679253472223 0.3143513997395833 0.930636935763889
0 0.3723347981770833 0.17515733506944442 0.42218017578124994 0.17515733506944442 0.4262491861979167 0.918429904513889 0.3743693033854167 0.9265679253472223
0 0.4272664388020833 0.176513671875 0.48626708984374994 0.176513671875 0.4811808268229167 0.9130045572916669 0.4272664388020833 0.918429904513889
0 0.4791463216145833 0.22805447048611108 0.51068115234375 0.22262912326388887 0.5055948893229167 0.9157172309027778 0.48626708984374994 0.9197862413194445
0 0.5086466471354167 0.21449110243055555 0.5340779622395833 0.213134765625 0.53204345703125 0.9252115885416669 0.50457763671875 0.9265679253472223
0 0.53814697265625 0.12904188368055555 0.5910441080729167 0.12632921006944442 0.5818888346354167 0.9333496093750001 0.5340779622395833 0.930636935763889
0 0.5879923502604167 0.13446723090277776 0.63580322265625 0.12090386284722221 0.6307169596354167 0.9414876302083335 0.5829060872395833 0.930636935763889
0 0.6368204752604167 0.15616861979166666 0.6866658528645833 0.1575249565972222 0.69073486328125 0.9401312934027778 0.6378377278645833 0.9374186197916669
0 0.6917521158854167 0.16023763020833334 0.7415974934895835 0.15888129340277776 0.7405802408854167 0.9401312934027778 0.6897176106770833 0.942843967013889
0 0.7385457356770835 0.14396158854166666 0.7904256184895835 0.14396158854166666 0.7934773763020835 0.9442003038194445 0.7446492513020835 0.9455566406250001
0 0.7955118815104167 0.15345594618055555 0.8473917643229167 0.14803059895833331 0.8504435221354167 0.9469129774305557 0.8026326497395835 0.9442003038194445
0 0.8484090169270835 0.17380099826388887 0.87689208984375 0.17244466145833334 0.8779093424479167 0.9319932725694445 0.85247802734375 0.9333496093750001
0 0.87384033203125 0.17380099826388887 0.9033406575520835 0.17244466145833334 0.9084269205729167 0.9360622829861112 0.87689208984375 0.9333496093750001
0 0.9033406575520835 0.17380099826388887 0.92266845703125 0.17108832465277776 0.9358927408854167 0.9387749565972223 0.9063924153645835 0.9414876302083335
0 0.92572021484375 0.14803059895833331 0.96234130859375 0.14667426215277776 0.98370361328125 0.9374186197916669 0.9399617513020835 0.9401312934027778
