0 0.08241780598958331 0.14260525173611108 0.12005615234374994 0.14667426215277776 0.17295328776041663 0.8112792968750001 0.13429768880208331 0.7990722656250001
0 0.12819417317708331 0.14260525173611108 0.17295328776041663 0.13989257812499997 0.20957438151041663 0.8099229600694445 0.17295328776041663 0.8072102864583335
0 0.17193603515624994 0.13446723090277776 0.22585042317708331 0.13446723090277776 0.2563680013020833 0.8180609809027778 0.21262613932291663 0.8153483072916669
0 0.23704020182291669 0.15616861979166666 0.2889200846354167 0.15345594618055555 0.3102823893229167 0.8126356336805557 0.2624715169270833 0.8072102864583335
0 0.2899373372395833 0.15616861979166666 0.32147216796874994 0.15616861979166666 0.3357137044270833 0.8153483072916669 0.3143513997395833 0.8126356336805557
0 0.3143513997395833 0.14938693576388887 0.3448689778645833 0.15345594618055555 0.3621622721354167 0.8139919704861112 0.3357137044270833 0.8153483072916669
0 0.3469034830729167 0.14938693576388887 0.37945556640624994 0.15074327256944442 0.3896280924479167 0.8139919704861112 0.36724853515624994 0.8126356336805557
0 0.3804728190104167 0.14938693576388887 0.4028523763020833 0.14803059895833331 0.41302490234374994 0.8167046440972223 0.38861083984374994 0.8112792968750001
0 0.4059041341145833 0.14803059895833331 0.43133544921874994 0.14803059895833331 0.44049072265624994 0.8126356336805557 0.4140421549479167 0.8126356336805557
0 0.43133544921874994 0.14396158854166666 0.46795654296874994 0.14803059895833331 0.46795654296874994 0.8194173177083335 0.44354248046874994 0.8139919704861112
0 0.47100830078124994 0.14803059895833331 0.4933878580729167 0.14667426215277776 0.4944051106770833 0.820773654513889 0.4720255533854167 0.8234863281250001
0 0.49847412109374994 0.14396158854166666 0.52593994140625 0.14667426215277776 0.5218709309895833 0.8234863281250001 0.4933878580729167 0.820773654513889
0 0.5269571940104167 0.14260525173611108 0.5523885091145833 0.14396158854166666 0.54730224609375 0.8221299913194445 0.51373291015625 0.8194173177083335
0 0.5544230143229167 0.14396158854166666 0.5818888346354167 0.14396158854166666 0.57781982421875 0.8139919704861112 0.5483194986979167 0.8194173177083335
0 0.58697509765625 0.14260525173611108 0.62054443359375 0.1453179253472222 0.60528564453125 0.8139919704861112 0.5829060872395833 0.8126356336805557
0 0.6215616861979167 0.13989257812499997 0.64190673828125 0.13717990451388887 0.63275146484375 0.8167046440972223 0.6073201497395833 0.8221299913194445
0 0.6408894856770833 0.1331108940972222 0.6714070638020833 0.13582356770833331 0.6551310221354167 0.8234863281250001 0.6286824544270833 0.8221299913194445
0 0.6825968424479167 0.036810980902777755 0.7314249674479167 0.039523654513888874 0.70904541015625 0.8411187065972223 0.6642862955729167 0.8397623697916669
0 0.74261474609375 0.0354546440972222 0.79144287109375 0.03409830729166665 0.7588907877604167 0.8343370225694445 0.7161661783854167 0.8302680121527778
0 0.8026326497395835 0.12904188368055555 0.83416748046875 0.12904188368055555 0.8016153971354167 0.8167046440972223 0.7802530924479167 0.8167046440972223
0 0.83111572265625 0.13446723090277776 0.8514607747395835 0.13175455729166666 0.8260294596354167 0.8153483072916669 0.7985636393229167 0.8099229600694445
0 0.86773681640625 0.07885742187499999 0.9053751627604167 0.07885742187499999 0.86163330078125 0.8343370225694445 0.8331502278645835 0.8316243489583335
0 0.90130615234375 0.04223632812499998 0.9328409830729167 0.04223632812499998 0.8911336263020835 0.8370496961805557 0.8626505533854167 0.8370496961805557
