0 0.05424647177419355 0.14140204973118278 0.09362399193548386 0.144552251344086 0.21963205645161293 0.8491473454301075 0.18419228830645162 0.8543976814516129
0 0.11961315524193548 0.24640877016129029 0.1676537298387097 0.25270917338709675 0.255859375 0.8512474798387096 0.22278225806451613 0.8543976814516129
0 0.16686617943548387 0.17185399865591397 0.22593245967741937 0.1739541330645161 0.2991746471774194 0.8501974126344085 0.26373487903225806 0.8522975470430106
0 0.23932081653225806 0.2821110551075268 0.29681199596774194 0.2884114583333333 0.3519405241935484 0.8890498991935484 0.30705015120967744 0.8932501680107526
0 0.3165007560483871 0.2432585685483871 0.353515625 0.25060903897849457 0.38580519153225806 0.8512474798387096 0.3629662298387097 0.8533476142473119
0 0.35824092741935487 0.24535870295698922 0.3928931451612903 0.24745883736559138 0.41888230846774194 0.8512474798387096 0.3889553931451613 0.8533476142473119
0 0.3991935483870968 0.25585937499999994 0.42912046370967744 0.2590095766129032 0.43935861895161293 0.8501974126344085 0.4212449596774194 0.8533476142473119
0 0.4385710685483871 0.23800823252688172 0.47794858870967744 0.2432585685483871 0.4771610383064517 0.829196068548387 0.4417212701612903 0.8344464045698925
0 0.4810987903225807 0.14770245295698922 0.5378024193548386 0.14980258736559138 0.5149634576612903 0.8585979502688171 0.47952368951612906 0.8596480174731184
0 0.5433152721774193 0.31151293682795694 0.5803301411290323 0.3104628696236559 0.552765877016129 0.883799563172043 0.5204763104838709 0.884849630376344
0 0.5897807459677419 0.1529527889784946 0.6378213205645161 0.15190272177419353 0.5803301411290323 0.8543976814516129 0.552765877016129 0.8522975470430106
0 0.6323084677419355 0.21700688844086016 0.658297631048387 0.21595682123655913 0.6047442036290323 0.842846942204301 0.5834803427419355 0.8386466733870966
0 0.6606602822580645 0.2495589717741935 0.7150012600806451 0.2516591061827957 0.6472719254032258 0.8323462701612904 0.6086819556451613 0.8333963373655914
0 0.7323273689516129 0.17605426747311825 0.7709173387096774 0.17500420026881716 0.6771988407258064 0.856497815860215 0.650422127016129 0.8575478830645161
0 0.7677671370967741 0.25270917338709675 0.8102948588709677 0.2548093077956989 0.7150012600806451 0.8459971438172044 0.6803490423387096 0.8438970094086021
0 0.8118699596774194 0.2537592405913978 0.8449470766129031 0.2548093077956989 0.7402028729838709 0.8354964717741935 0.7150012600806451 0.8386466733870966
0 0.8504599294354839 0.24535870295698922 0.8866872479838709 0.2548093077956989 0.7709173387096774 0.8312962029569891 0.7433530745967741 0.827095934139785
0 0.8835370463709677 0.24535870295698922 0.9252772177419355 0.25060903897849457 0.7961189516129031 0.8228956653225806 0.7748550907258064 0.8165952620967741
