0 0.26924773185483875 0.12145077284946233 0.31807585685483875 0.12460097446236557 0.32280115927419356 0.9447034610215054 0.27239793346774194 0.9447034610215054
0 0.3298891129032258 0.12670110887096772 0.3779296875 0.1319514448924731 0.3763545866935484 0.9384030577956989 0.3267389112903226 0.9436533938172044
0 0.3881678427419355 0.1991557459677419 0.4180947580645161 0.20125588037634404 0.4173072076612903 0.9457535282258065 0.38265498991935487 0.940503192204301
0 0.4236076108870968 0.19285534274193547 0.45432207661290325 0.19285534274193547 0.4527469758064516 0.9436533938172044 0.4212449596774194 0.9468035954301075
0 0.4582598286290323 0.21910702284946235 0.4810987903225807 0.21805695564516125 0.4771610383064517 0.9415532594086021 0.45353452620967744 0.940503192204301
0 0.48188634072580644 0.21490675403225803 0.503937752016129 0.21490675403225803 0.5 0.9489037298387096 0.4787361391129032 0.9468035954301075
0 0.507875504032258 0.19600554435483866 0.5370148689516129 0.1949554771505376 0.5330771169354839 0.9562542002688171 0.503937752016129 0.9510038642473119
0 0.5354397681451613 0.29681199596774194 0.5685168850806451 0.29891213037634407 0.5630040322580645 0.9583543346774194 0.536227318548387 0.9573042674731184
0 0.5740297379032258 0.25795950940860213 0.6008064516129031 0.26215977822580644 0.59765625 0.9646547379032259 0.5732421875 0.9646547379032259
0 0.6039566532258064 0.25690944220430106 0.6275831653225806 0.2590095766129032 0.6252205141129031 0.9699050739247311 0.5952935987903225 0.9699050739247311
0 0.6346711189516129 0.2590095766129032 0.6622353830645161 0.2600596438172043 0.6598727318548386 0.9699050739247311 0.6307333669354839 0.9699050739247311
0 0.6653855846774193 0.25795950940860213 0.6929498487903225 0.26215977822580644 0.6866494455645161 0.966754872311828 0.6645980342741935 0.967804939516129
0 0.6953125 0.2590095766129032 0.723664314516129 0.2611097110215053 0.7173639112903225 0.9625546034946236 0.6874369959677419 0.96885500672043
0 0.7307522681451613 0.25690944220430106 0.7535912298387096 0.2590095766129032 0.7496534778225806 0.9657048051075269 0.723664314516129 0.9657048051075269
0 0.7606791834677419 0.25795950940860213 0.7835181451612903 0.2653099798387097 0.7819430443548386 0.9646547379032259 0.7535912298387096 0.96885500672043
