0 0.09126134072580645 0.15085265456989244 0.14638986895161288 0.14770245295698922 0.22120715725806456 0.8890498991935484 0.18576738911290325 0.897450436827957
0 0.1471774193548387 0.14980258736559138 0.18813004032258063 0.14665238575268816 0.26294732862903225 0.883799563172043 0.22593245967741937 0.8858996975806451
0 0.20230594758064518 0.24535870295698922 0.24010836693548387 0.2432585685483871 0.3023248487903226 0.8900999663978495 0.2660975302419355 0.8827494959677419
0 0.24562121975806456 0.17290406586021503 0.29366179435483875 0.17500420026881716 0.3409148185483871 0.8806493615591399 0.3046875 0.884849630376344
0 0.29838709677419356 0.2600596438172043 0.3543031754032258 0.2611097110215053 0.3936806955645161 0.9153015793010751 0.3448525705645161 0.9184517809139785
0 0.3747794858870968 0.23800823252688172 0.40628150201612906 0.23905829973118276 0.43069556451612906 0.8879998319892474 0.4086441532258065 0.8932501680107526
0 0.40943170362903225 0.23485803091397847 0.44014616935483875 0.23800823252688172 0.4606224798387097 0.8943002352150536 0.4354208669354839 0.8879998319892474
0 0.4456590221774194 0.23905829973118276 0.47164818548387094 0.23905829973118276 0.48424899193548393 0.8911500336021505 0.4621975806451613 0.8900999663978495
0 0.4803112399193548 0.23695816532258063 0.5204763104838709 0.23905829973118276 0.5204763104838709 0.8732988911290321 0.4889742943548387 0.8722488239247311
0 0.5196887600806451 0.13405157930107522 0.5740297379032258 0.13825184811827954 0.5630040322580645 0.9006006384408601 0.5259891633064516 0.897450436827957
0 0.5724546370967741 0.2810609879032258 0.6189201108870968 0.27896085349462363 0.6000189012096774 0.9174017137096774 0.5716670866935484 0.9163516465053764
0 0.6173450100806451 0.1435021841397849 0.6598727318548386 0.1403519825268817 0.6315209173387096 0.8879998319892474 0.6023815524193548 0.8879998319892474
0 0.658297631048387 0.20440608198924728 0.6834992439516129 0.20545614919354838 0.6527847782258064 0.8795992943548386 0.6346711189516129 0.8764490927419355
0 0.6913747479838709 0.23590809811827954 0.7402028729838709 0.23800823252688172 0.6984627016129031 0.8785492271505376 0.654359879032258 0.8774991599462365
0 0.7496534778225806 0.1571530577956989 0.7874558971774194 0.1571530577956989 0.7291771673387096 0.8879998319892474 0.7047631048387096 0.884849630376344
0 0.7874558971774194 0.23695816532258063 0.8339213709677419 0.23275789650537634 0.7701297883064516 0.883799563172043 0.7386277721774194 0.8858996975806451
0 0.8378591229838709 0.23380796370967738 0.8669984879032258 0.23590809811827954 0.7976940524193548 0.8785492271505376 0.7740675403225806 0.8743489583333334
0 0.8693611391129031 0.23590809811827954 0.9048009072580645 0.23380796370967738 0.8315587197580645 0.87119875672043 0.7976940524193548 0.8753990255376344
0 0.9063760080645161 0.23170782930107525 0.9449659778225806 0.23275789650537634 0.8646358366935484 0.8617481518817204 0.8315587197580645 0.8627982190860215
