0 0.005418346774193547 0.1571530577956989 0.10149949596774192 0.15610299059139782 0.17631678427419356 0.8732988911290321 0.0731476814516129 0.8827494959677419
0 0.11173765120967742 0.10674983198924727 0.1715914818548387 0.10779989919354836 0.23459551411290325 0.8774991599462365 0.17631678427419356 0.8806493615591399
0 0.17946698588709675 0.10674983198924727 0.24483366935483875 0.10674983198924727 0.29838709677419356 0.8785492271505376 0.2408959173387097 0.8785492271505376
0 0.24719632056451613 0.11095010080645158 0.28814894153225806 0.11515036962365588 0.33146421370967744 0.8795992943548386 0.29838709677419356 0.8785492271505376
0 0.2897240423387097 0.14770245295698922 0.32280115927419356 0.14770245295698922 0.353515625 0.8743489583333334 0.33146421370967744 0.883799563172043
0 0.3291015625 0.21805695564516125 0.35824092741935487 0.2201570900537634 0.38186743951612906 0.8827494959677419 0.35666582661290325 0.8806493615591399
0 0.3590284778225807 0.12460097446236557 0.3968308971774194 0.12355090725806449 0.422820060483871 0.8795992943548386 0.3842300907258065 0.8774991599462365
0 0.398405997983871 0.05214633736559136 0.5086630544354839 0.05109627016129029 0.5133883568548386 0.8911500336021505 0.4243951612903226 0.8879998319892474
0 0.5252016129032258 0.07419774865591394 0.5551285282258064 0.0804981518817204 0.5456779233870968 0.9006006384408601 0.5212638608870968 0.8964003696236559
0 0.5535534274193548 0.21385668682795697 0.5952935987903225 0.21595682123655913 0.581117691532258 0.8932501680107526 0.5441028225806451 0.8911500336021505
0 0.6039566532258064 0.1393019153225806 0.6512096774193548 0.13825184811827954 0.6307333669354839 0.8922001008064516 0.5842678931451613 0.8943002352150536
0 0.6559349798387096 0.12985131048387094 0.6890120967741935 0.12880124327956985 0.6575100806451613 0.898500504032258 0.6291582661290323 0.898500504032258
0 0.6850743447580645 0.186554939516129 0.7339024697580645 0.1855048723118279 0.703188004032258 0.855447748655914 0.6575100806451613 0.8617481518817204
0 0.748078377016129 0.18130460349462363 0.8039944556451613 0.1781544018817204 0.7575289818548386 0.8596480174731184 0.707125756048387 0.8575478830645161
0 0.8142326108870968 0.13510164650537632 0.8614856350806451 0.13825184811827954 0.8032069052419355 0.8648983534946236 0.7630418346774194 0.8638482862903225
0 0.853610131048387 0.21490675403225803 0.8953503024193548 0.21385668682795697 0.8441595262096774 0.8659484206989246 0.8039944556451613 0.8659484206989246
0 0.9252772177419355 0.10779989919354836 0.9685924899193548 0.1099000336021505 0.8937752016129031 0.884849630376344 0.8559727822580645 0.884849630376344
