0 0.026682207661290328 0.339864751344086 0.1432396673387097 0.3451150873655913 0.255859375 0.8806493615591399 0.1715914818548387 0.8890498991935484
0 0.1479649697580645 0.3020623319892473 0.22041960685483875 0.29681199596774194 0.3141381048387097 0.8795992943548386 0.2668850806451613 0.8869497647849461
0 0.22356980846774194 0.3031123991935484 0.28499873991935487 0.3020623319892473 0.3645413306451613 0.8795992943548386 0.3157132056451613 0.884849630376344
0 0.29287424395161293 0.29681199596774194 0.3306766633064516 0.29681199596774194 0.3928931451612903 0.87119875672043 0.3637537802419355 0.8764490927419355
0 0.3377646169354839 0.3356644825268817 0.3732043850806452 0.33671454973118276 0.41494455645161293 0.8753990255376344 0.39210559475806456 0.8764490927419355
0 0.3779296875 0.395518313172043 0.4039188508064516 0.39656838037634407 0.44093371975806456 0.8732988911290321 0.4180947580645161 0.8753990255376344
0 0.4039188508064516 0.3094128024193548 0.4488092237903226 0.31151293682795694 0.46928553427419356 0.8753990255376344 0.4417212701612903 0.8732988911290321
0 0.451171875 0.2495589717741935 0.5630040322580645 0.25060903897849457 0.548828125 0.8827494959677419 0.47322328629032256 0.8827494959677419
0 0.5795425907258064 0.2884114583333333 0.6110446068548386 0.2894615255376344 0.5708795362903225 0.8922001008064516 0.5472530241935484 0.8911500336021505
0 0.601594002016129 0.4028687836021505 0.6417590725806451 0.40811911962365593 0.6031691028225806 0.8858996975806451 0.5724546370967741 0.8806493615591399
0 0.6527847782258064 0.339864751344086 0.7024004536290323 0.3440650201612903 0.6417590725806451 0.8858996975806451 0.6039566532258064 0.8858996975806451
0 0.7024004536290323 0.34301495295698925 0.7346900201612903 0.3440650201612903 0.6653855846774193 0.8922001008064516 0.6409715221774193 0.8869497647849461
0 0.7354775705645161 0.3556157594086021 0.7732799899193548 0.35036542338709675 0.7047631048387096 0.841796875 0.6693233366935484 0.8543976814516129
0 0.7795803931451613 0.34826528897849457 0.8354964717741935 0.3419648857526882 0.7496534778225806 0.8354964717741935 0.7118510584677419 0.8449470766129031
0 0.8567603326612903 0.30416246639784944 0.8961378528225806 0.3052125336021505 0.7850932459677419 0.8459971438172044 0.7528036794354839 0.8470472110215054
0 0.8866872479838709 0.3776671706989247 0.9205519153225806 0.37871723790322576 0.8173828125 0.842846942204301 0.7921811995967741 0.842846942204301
0 0.9670173891129032 0.3073126680107527 0.999755859375 0.3063426392622461 0.8551852318548386 0.870148689516129 0.829196068548387 0.869098622311828
