0 0.09204889112903226 0.08259828629032255 0.12670110887096775 0.08259828629032255 0.1479649697580645 0.8449470766129031 0.1085874495967742 0.8438970094086021
0 0.1337890625 0.08154821908602149 0.17080393145161288 0.0846984206989247 0.19128024193548387 0.8375966061827956 0.15347782258064518 0.8375966061827956
0 0.17789188508064518 0.16870379704301072 0.21096900201612906 0.16765372983870966 0.2322328629032258 0.8375966061827956 0.1960055443548387 0.8375966061827956
0 0.2180569556451613 0.1056997647849462 0.2660975302419355 0.10674983198924727 0.2747605846774194 0.8375966061827956 0.23774571572580644 0.8396967405913979
0 0.26294732862903225 0.16870379704301072 0.3165007560483871 0.1666036626344086 0.325163810483871 0.8522975470430106 0.2747605846774194 0.855447748655914
0 0.33303931451612906 0.16030325940860213 0.36611643145161293 0.1645035282258064 0.36769153225806456 0.842846942204301 0.3440650201612903 0.842846942204301
0 0.36690398185483875 0.1571530577956989 0.3968308971774194 0.15820312499999997 0.40234375 0.841796875 0.37005418346774194 0.8470472110215054
0 0.3991935483870968 0.16240339381720426 0.4236076108870968 0.16240339381720426 0.4259702620967742 0.8438970094086021 0.40234375 0.8438970094086021
0 0.4322706653225807 0.1655535954301075 0.4621975806451613 0.16345346102150535 0.46771043346774194 0.8354964717741935 0.4322706653225807 0.8333963373655914
0 0.46928553427419356 0.0678973454301075 0.5165385584677419 0.07104754704301071 0.5086630544354839 0.8480972782258065 0.46771043346774194 0.8470472110215054
0 0.5126008064516129 0.18340473790322578 0.548828125 0.18340473790322578 0.5456779233870968 0.8606980846774194 0.5110257056451613 0.8617481518817204
0 0.5543409778225806 0.07629788306451611 0.5929309475806451 0.07734795026881718 0.5834803427419355 0.8470472110215054 0.5448903729838709 0.8470472110215054
0 0.5905682963709677 0.13300151209677416 0.6149823588709677 0.1361517137096774 0.6063193044354839 0.8396967405913979 0.585055443548387 0.8365465389784946
0 0.6157699092741935 0.16135332661290322 0.6677482358870968 0.15925319220430104 0.654359879032258 0.8365465389784946 0.6110446068548386 0.8365465389784946
0 0.6685357862903225 0.0846984206989247 0.7016129032258064 0.08574848790322577 0.6921622983870968 0.8438970094086021 0.6590851814516129 0.8449470766129031
0 0.7102759576612903 0.15610299059139782 0.7488659274193548 0.15820312499999997 0.7331149193548386 0.8470472110215054 0.6984627016129031 0.8459971438172044
0 0.7504410282258064 0.1571530577956989 0.776430191532258 0.16030325940860213 0.7630418346774194 0.8344464045698925 0.7307522681451613 0.8396967405913979
0 0.7772177419354839 0.16240339381720426 0.8110824092741935 0.16135332661290322 0.796906502016129 0.8365465389784946 0.7630418346774194 0.8333963373655914
0 0.8150201612903225 0.16345346102150535 0.845734627016129 0.1645035282258064 0.8299836189516129 0.8249957997311829 0.7945438508064516 0.829196068548387
0 0.8606980846774194 0.04059559811827954 0.9118888608870968 0.047946068548387066 0.8914125504032258 0.8312962029569891 0.8449470766129031 0.8344464045698925
