0 0.016444052419354836 0.12985131048387094 0.049521169354838704 0.12460097446236557 0.044795866935483875 0.9877562163978495 0.019594254032258063 0.9940566196236559
0 0.047946068548387094 0.014343918010752655 0.08181073588709677 0.015393985215053729 0.08338583669354839 0.9930065524193549 0.04558341733870967 0.9940566196236559
0 0.09204889112903226 0.05109627016129029 0.16371597782258063 0.05739667338709673 0.15584047379032256 0.9930065524193549 0.0841733870967742 0.995106686827957
0 0.17946698588709675 0.16870379704301072 0.21569430443548387 0.1655535954301075 0.20466859879032256 0.9835559475806451 0.1723790322580645 0.982505880376344
0 0.21333165322580644 0.06579721102150533 0.2660975302419355 0.06684727822580643 0.25979712701612906 0.9909064180107526 0.20309349798387094 0.9898563508064516
0 0.2802734375 0.18445480510752685 0.3133505544354839 0.18340473790322578 0.30862525201612906 0.9510038642473119 0.2747605846774194 0.9499537970430106
0 0.3157132056451613 0.1697538642473118 0.3487903225806452 0.1739541330645161 0.3377646169354839 0.9594044018817204 0.30941280241935487 0.9562542002688171
0 0.34564012096774194 0.25585937499999994 0.36060357862903225 0.2548093077956989 0.3590284778225807 0.9856560819892474 0.3377646169354839 0.981455813172043
0 0.3629662298387097 0.02484459005376341 0.39446824596774194 0.02169438844086018 0.3897429435483871 0.9909064180107526 0.35824092741935487 0.9940566196236559
0 0.40706905241935487 0.05844674059139782 0.4519594254032258 0.06264700940860211 0.44408392137096775 0.9762054771505376 0.3991935483870968 0.9751554099462365
0 0.451171875 0.06579721102150533 0.4992124495967742 0.06894741263440857 0.4866116431451613 0.9615045362903225 0.44093371975806456 0.96885500672043
0 0.5015751008064516 0.1907552083333333 0.5291393649193548 0.19390540994623653 0.5181136592741935 0.9321026545698925 0.4850365423387097 0.9373529905913979
0 0.5385899697580645 0.08679855510752686 0.5708795362903225 0.08679855510752686 0.5559160786290323 0.966754872311828 0.5212638608870968 0.9720052083333334
0 0.5653666834677419 0.047946068548387066 0.6275831653225806 0.05319640456989244 0.6102570564516129 0.9615045362903225 0.5551285282258064 0.967804939516129
0 0.6315209173387096 0.022744455645161258 0.6929498487903225 0.02484459005376341 0.678773941532258 0.967804939516129 0.6110446068548386 0.9699050739247311
0 0.6945249495967741 0.02484459005376341 0.7354775705645161 0.02484459005376341 0.7189390120967741 0.9646547379032259 0.6795614919354839 0.967804939516129
0 0.7472908266129031 0.06684727822580643 0.8024193548387096 0.07314768145161288 0.7835181451612903 0.9741053427419355 0.727602066532258 0.9856560819892474
0 0.8032069052419355 0.025894657258064484 0.8819619455645161 0.03429519489247308 0.8614856350806451 0.96885500672043 0.7898185483870968 0.96885500672043
0 0.8803868447580645 0.05109627016129029 0.9150390625 0.05319640456989244 0.894562752016129 0.9478536626344085 0.8630607358870968 0.9520539314516129
0 0.9307900705645161 0.04059559811827954 0.9693800403225805 0.03954553091397846 0.9449659778225806 0.9657048051075269 0.9040133568548386 0.9615045362903225
0 0.9709551411290323 0.06684727822580643 0.999755859375 0.07291058733022071 0.98828125 0.9384030577956989 0.9528414818548386 0.939453125
