0 0.03928301411290322 0.07419774865591394 0.10228704637096774 0.07419774865591394 0.16272424768518517 0.9925009645061729 0.10847077546296298 0.9937065972222222
0 0.11027922453703708 0.0412567515432099 0.14463975694444448 0.0412567515432099 0.19798900462962965 0.9949122299382717 0.16905381944444448 0.9925009645061729
0 0.1554904513888889 0.11962287808641976 0.22692418981481483 0.12444540895061729 0.2667100694444445 0.9949122299382717 0.19979745370370372 0.9937065972222222
0 0.24410445601851855 0.33301986882716045 0.3101128472222222 0.3354311342592593 0.32548326945011596 0.9996744791666666 0.27123119212962965 0.9973234953703703
0 0.3019748263888889 0.030406057098765465 0.40776909722222227 0.032817322530864224 0.40776909722222227 0.9949122299382717 0.3263888888888889 0.9973234953703703
0 0.4177155671296296 0.11600597993827162 0.4647352430555555 0.12203414351851853 0.4620301872265031 0.9996744791666666 0.41500289351851855 0.9937065972222222
0 0.47558593749999994 0.12926793981481485 0.5198929398148149 0.14132426697530864 0.4963831018518518 0.9985291280864197 0.4656394675925926 0.9937065972222222
0 0.5162760416666667 0.22089602623456792 0.5605830439814815 0.21848476080246915 0.5388816550925927 0.9961178626543209 0.49999999999999994 0.9925009645061729
0 0.5813802083333334 0.005087770061728429 0.6356336805555556 0.006293402777777808 0.5913266782407408 0.9912953317901234 0.5424985532407408 0.9985291280864197
0 0.6293041087962963 0.17869888117283952 0.6898871527777778 0.17749324845679015 0.6446759259259259 0.9973234953703703 0.5958478009259259 0.9973234953703703
0 0.6772280092592593 0.33301986882716045 0.7034505208333334 0.3366367669753087 0.6663773148148149 0.9949122299382717 0.6473885995370371 0.9912953317901234
0 0.7070674189814815 0.230541087962963 0.744140625 0.2353636188271605 0.7034505208333334 0.9912953317901234 0.669994212962963 0.9876784336419752
0 0.7486617476851852 0.22451292438271606 0.8137659143518519 0.22692418981481485 0.7766927083333334 0.9949122299382717 0.7061631944444445 0.9852671682098765
0 0.8182870370370371 0.22330729166666666 0.8698278356481481 0.2221016589506173 0.8182870370370371 0.9611545138888888 0.7830222800925927 0.9599488811728395
0 0.9023799189814815 0.0629581404320988 0.9493995949074073 0.0617525077160494 0.8746420498077904 0.9996744791666666 0.8336588541666667 0.9985291280864197
0 0.9457826967592592 0.07983699845679015 0.9828559027777778 0.07983699845679015 0.9070054298920157 0.9996744791666666 0.8743489583333334 0.9937065972222222
