0 0.04813058035714285 0.1710844494047619 0.0777762276785714 0.16759672619047616 0.10131835937499994 0.9604724702380952 0.07690429687499994 0.962797619047619
0 0.08475167410714285 0.16875930059523805 0.11352539062499994 0.169921875 0.1292201450892857 0.9651227678571428 0.10393415178571425 0.9651227678571428
0 0.1178850446428571 0.1431826636904762 0.15624999999999994 0.14434523809523808 0.1632254464285714 0.9686104910714285 0.13357979910714285 0.9674479166666665
0 0.1579938616071428 0.15945870535714282 0.1972307477678571 0.15829613095238093 0.20159040178571425 0.9709356398809522 0.16758510044642855 0.9709356398809522
0 0.19810267857142855 0.15597098214285712 0.2303641183035714 0.15597098214285712 0.2399553571428571 0.9686104910714285 0.20159040178571425 0.9686104910714285
0 0.25303431919642855 0.08156622023809523 0.333251953125 0.08040364583333333 0.3280203683035714 0.9767485119047619 0.25913783482142855 0.974423363095238
0 0.3498186383928571 0.026925223214285712 0.4091099330357142 0.022274925595238092 0.3934151785714285 0.9779110863095237 0.3315080915178571 0.974423363095238
0 0.4422433035714285 0.045526413690476185 0.5207170758928571 0.04785156249999999 0.4666573660714285 0.9779110863095237 0.4064941406249999 0.9779110863095237
0 0.5233328683035714 0.06877790178571427 0.5538504464285714 0.06877790178571427 0.5050223214285714 0.9732607886904762 0.4727608816964285 0.9732607886904762
0 0.5739048549107142 0.16527157738095236 0.6201171874999999 0.169921875 0.5660574776785714 0.9790736607142856 0.5181012834821428 0.9767485119047619
0 0.6340680803571428 0.15597098214285712 0.6724330357142856 0.16410900297619047 0.6079101562499999 0.9825613839285713 0.5712890624999999 0.9755859374999999
0 0.6776646205357142 0.16294642857142858 0.6994628906249999 0.16643415178571427 0.6349400111607142 0.9779110863095237 0.6105259486607142 0.9825613839285713
0 0.7090541294642856 0.15829613095238093 0.7360839843749999 0.16178385416666666 0.6715611049107142 0.9790736607142856 0.6384277343749999 0.9767485119047619
0 0.7543945312499999 0.11063058035714285 0.8154296875 0.11411830357142856 0.797119140625 0.9779110863095237 0.7465471540178571 0.9790736607142856
0 0.821533203125 0.14085751488095236 0.850306919642857 0.14202008928571427 0.831996372767857 0.974423363095238 0.801478794642857 0.9767485119047619
0 0.868617466517857 0.13155691964285712 0.899135044642857 0.13039434523809523 0.882568359375 0.987211681547619 0.850306919642857 0.9906994047619047
