0 0.050308719758064516 0.12985131048387094 0.0857484879032258 0.12985131048387094 0.10071194556451614 0.855447748655914 0.06605972782258064 0.8606980846774194
0 0.09913684475806452 0.17290406586021503 0.11803805443548386 0.16765372983870966 0.14560231854838712 0.8638482862903225 0.1085874495967742 0.8606980846774194
0 0.11646295362903226 0.11410030241935482 0.1574155745967742 0.11200016801075267 0.18655493951612906 0.87119875672043 0.14560231854838712 0.8743489583333334
0 0.1967930947580645 0.16240339381720426 0.2464087701612903 0.16030325940860213 0.2511340725806452 0.8743489583333334 0.19994329637096775 0.8743489583333334
0 0.24877142137096775 0.0594968077956989 0.30783770161290325 0.050046202956989215 0.31098790322580644 0.8943002352150536 0.2527091733870968 0.8890498991935484
0 0.31256300403225806 0.03114499327956986 0.38107988911290325 0.03114499327956986 0.38107988911290325 0.9058509744623655 0.31256300403225806 0.9016507056451614
0 0.38501764112903225 0.1014994959677419 0.4464465725806452 0.10044942876344083 0.44408392137096775 0.911101310483871 0.3889553931451613 0.9037508400537634
0 0.45353452620967744 0.10884996639784944 0.4968497983870968 0.10464969758064513 0.48976184475806456 0.9027007728494624 0.4488092237903226 0.9058509744623655
0 0.5007875504032258 0.09414902553763438 0.5551285282258064 0.09204889112903224 0.552765877016129 0.9100512432795699 0.4905493951612903 0.911101310483871
0 0.5637915826612903 0.12880124327956985 0.5905682963709677 0.12880124327956985 0.585055443548387 0.9132014448924731 0.552765877016129 0.911101310483871
0 0.5897807459677419 0.20440608198924728 0.6323084677419355 0.20440608198924728 0.6244329637096774 0.9048009072580645 0.5866305443548386 0.9079511088709676
0 0.6362462197580645 0.1991557459677419 0.6740486391129031 0.200205813172043 0.6669606854838709 0.912151377688172 0.6275831653225806 0.911101310483871
0 0.6795614919354839 0.12775117607526879 0.7307522681451613 0.12460097446236557 0.7213016633064516 0.9174017137096774 0.6716859879032258 0.9153015793010751
0 0.7346900201612903 0.13090137768817203 0.7756426411290323 0.12880124327956985 0.7591040826612903 0.9174017137096774 0.7228767641129031 0.9163516465053764
0 0.7756426411290323 0.13825184811827954 0.8134450604838709 0.1393019153225806 0.7992691532258064 0.911101310483871 0.7630418346774194 0.9132014448924731
0 0.8228956653225806 0.08679855510752686 0.8669984879032258 0.0846984206989247 0.8504599294354839 0.9321026545698925 0.8039944556451613 0.9226520497311829
0 0.8669984879032258 0.12145077284946233 0.9063760080645161 0.12250084005376342 0.8874747983870968 0.9163516465053764 0.8512474798387096 0.911101310483871
0 0.9134639616935484 0.1739541330645161 0.9701675907258065 0.17500420026881716 0.9465410786290323 0.9237021169354839 0.8937752016129031 0.9205519153225806
