0 0.0014805947580645157 0.09834929435483869 0.027469758064516125 0.10044942876344083 0.09362399193548386 0.7924437163978495 0.06369707661290322 0.7934937836021505
0 0.029044858870967735 0.10464969758064513 0.05660912298387097 0.10464969758064513 0.11803805443548386 0.7903435819892474 0.09283644153225808 0.7924437163978495
0 0.07708543346774194 0.200205813172043 0.12748865927419356 0.19390540994623653 0.17552923387096775 0.7840431787634409 0.12906376008064518 0.7850932459677419
0 0.13693926411290325 0.18025453629032254 0.17474168346774194 0.18235467069892472 0.2164818548387097 0.787193380376344 0.18419228830645162 0.7924437163978495
0 0.1676537298387097 0.09414902553763438 0.1960055443548387 0.09729922715053761 0.24955897177419356 0.8092447916666666 0.2219947076612903 0.8123949932795699
0 0.227507560483871 0.20335601478494622 0.2716103830645161 0.2065062163978494 0.3133505544354839 0.7966439852150536 0.27397303427419356 0.8039944556451614
0 0.2802734375 0.2065062163978494 0.3149256552419355 0.20545614919354838 0.3480027721774194 0.7955939180107526 0.31728830645161293 0.7955939180107526
0 0.3196509576612903 0.20545614919354838 0.3519405241935484 0.2086063508064516 0.38265498991935487 0.8071446572580645 0.3480027721774194 0.8102948588709676
0 0.3511529737903226 0.17605426747311825 0.40943170362903225 0.17605426747311825 0.4362084173387097 0.8165952620967741 0.38501764112903225 0.814495127688172
0 0.4078566028225807 0.12880124327956985 0.4464465725806452 0.1319514448924731 0.4724357358870968 0.8249957997311829 0.4362084173387097 0.829196068548387
0 0.4566847278225807 0.17185399865591397 0.503937752016129 0.17500420026881716 0.5102381552419355 0.8165952620967741 0.47558593750000006 0.8165952620967741
0 0.5023626512096774 0.07944808467741933 0.5409526209677419 0.07839801747311825 0.5472530241935484 0.8449470766129031 0.5133883568548386 0.8522975470430106
0 0.5480405745967741 0.06999747983870964 0.5882056451612903 0.07104754704301071 0.5882056451612903 0.8533476142473119 0.5519783266129031 0.8512474798387096
0 0.5921433971774193 0.2075562836021505 0.6134072580645161 0.20545614919354838 0.609469506048387 0.8522975470430106 0.5897807459677419 0.8501974126344085
0 0.6197076612903225 0.06999747983870964 0.6858618951612903 0.06999747983870964 0.6708984375 0.8648983534946236 0.6181325604838709 0.8669984879032259
0 0.6882245463709677 0.1855048723118279 0.7291771673387096 0.1907552083333333 0.7094884072580645 0.8596480174731184 0.6708984375 0.8585979502688171
0 0.7331149193548386 0.08259828629032255 0.8095073084677419 0.07839801747311825 0.7756426411290323 0.8743489583333334 0.7102759576612903 0.8669984879032259
0 0.8158077116935484 0.07524781586021502 0.878024193548387 0.07314768145161288 0.8307711693548386 0.8869497647849461 0.7787928427419355 0.8911500336021505
0 0.8725113407258064 0.19180527553763438 0.9126764112903225 0.1907552083333333 0.8732988911290323 0.8617481518817204 0.8299836189516129 0.8585979502688171
0 0.9197643649193548 0.1855048723118279 0.9575667842741935 0.186554939516129 0.9048009072580645 0.8627982190860215 0.8756615423387096 0.8617481518817204
