0 0.0742885044642857 0.2210751488095238 0.1178850446428571 0.2199125744047619 0.1850237165178571 0.8686290922619047 0.14927455357142855 0.8686290922619047
0 0.1239885602678571 0.2013113839285714 0.1841517857142857 0.2013113839285714 0.2399553571428571 0.8663039434523809 0.1946149553571428 0.8686290922619047
0 0.1911272321428571 0.2199125744047619 0.2242606026785714 0.2234002976190476 0.2783203125 0.8686290922619047 0.2373395647321428 0.8697916666666665
0 0.2251325334821428 0.20363653273809523 0.27483258928571425 0.2001488095238095 0.3166852678571428 0.8790922619047619 0.27483258928571425 0.8814174107142856
0 0.284423828125 0.11063058035714285 0.3594098772321428 0.11411830357142856 0.3733607700892857 0.8942057291666665 0.3201729910714285 0.8907180059523809
0 0.3655133928571428 0.11528087797619047 0.4396275111607142 0.11411830357142856 0.4431152343749999 0.9232700892857143 0.3855678013392857 0.9128069196428571
0 0.4500906808035714 0.11411830357142856 0.5224609374999999 0.11644345238095237 0.5076381138392857 0.9081566220238094 0.4527064732142857 0.9058314732142856
0 0.5294363839285714 0.16062127976190474 0.5826241629464285 0.15945870535714282 0.5616978236607142 0.8872302827380952 0.5224609374999999 0.8860677083333331
0 0.5878557477678571 0.16178385416666666 0.6506347656249999 0.16294642857142858 0.6140136718749999 0.8907180059523809 0.5608258928571428 0.8883928571428571
0 0.6549944196428571 0.16410900297619047 0.7195172991071428 0.16410900297619047 0.6689453124999999 0.9000186011904762 0.6201171874999999 0.8965308779761904
0 0.7282366071428571 0.1245814732142857 0.7779366629464284 0.1234188988095238 0.7073102678571428 0.9267578124999999 0.6724330357142856 0.9232700892857143
0 0.7639857700892856 0.2466517857142857 0.8040945870535714 0.24200148809523805 0.7413155691964285 0.8930431547619047 0.7177734374999999 0.8849051339285713
0 0.8084542410714284 0.23967633928571427 0.8607700892857142 0.23735119047619047 0.791015625 0.889555431547619 0.7570103236607142 0.8883928571428571
0 0.8851841517857142 0.17805989583333334 0.9383719308035714 0.17922247023809523 0.8372279575892856 0.9128069196428571 0.7997349330357142 0.901181175595238
0 0.9488351004464284 0.13969494047619047 0.9915597098214284 0.13736979166666666 0.8712332589285714 0.925595238095238 0.838099888392857 0.9244326636904762
