0 0.050746372767857095 0.08272879464285714 0.036795479910714246 0.9325706845238094 0.09521484374999994 0.9314081101190476 0.0987025669642857 0.07924107142857141
0 0.010637555803571397 0.24200148809523805 0.0010463169642856984 0.8942057291666665 0.04551478794642855 0.8953683035714285 0.04813058035714285 0.23735119047619047
0 0.3489467075892857 0.17922247023809523 0.3227887834821428 0.9581473214285713 0.357666015625 0.9569847470238094 0.3855678013392857 0.18271019345238093
0 0.8180454799107142 0.06180245535714285 0.776123046875 0.9996744791666666 0.8668736049107142 0.998837425595238 0.9218052455357142 0.05831473214285713
0 0.9322684151785714 0.16062127976190474 0.8877999441964284 0.9953497023809522 0.9575544084821428 0.9941871279761904 0.9976632254464284 0.16527157738095236
0 0.7535226004464285 0.06645275297619047 0.7116699218749999 0.9976748511904762 0.7648577008928571 0.9953497023809522 0.8101981026785714 0.06529017857142856
0 0.6872558593749999 0.06994047619047618 0.64208984375 0.9993489583333334 0.7012067522321428 0.998837425595238 0.7413155691964285 0.06761532738095237
0 0.6175013950892856 0.06412760416666666 0.5826241629464285 0.998837425595238 0.6401715959821428 0.9976748511904762 0.6706891741071428 0.06645275297619047
0 0.5407714843749999 0.16527157738095236 0.5050223214285714 0.9755859374999999 0.5407714843749999 0.9825613839285713 0.5782645089285714 0.16294642857142858
0 0.5817522321428571 0.1768973214285714 0.5425153459821428 0.9732607886904762 0.5756487165178571 0.9732607886904762 0.6105259486607142 0.17922247023809523
0 0.4832240513392857 0.16643415178571427 0.4553222656249999 0.9674479166666665 0.5058942522321428 0.974423363095238 0.5337960379464285 0.16178385416666666
0 0.4248046874999999 0.16527157738095236 0.3960309709821428 0.9697730654761904 0.4544503348214285 0.9732607886904762 0.4762486049107142 0.169921875
0 0.3951590401785714 0.18852306547619047 0.3620256696428571 0.9534970238095237 0.3942871093749999 0.9453590029761904 0.4256766183035714 0.18736049107142858
0 0.27134486607142855 0.08737909226190475 0.2486746651785714 0.9662853422619047 0.3114536830357142 0.9686104910714285 0.3367396763392857 0.08621651785714285
0 0.2373395647321428 0.08505394345238095 0.2155412946428571 0.9674479166666665 0.24780273437499994 0.9709356398809522 0.2669852120535714 0.08389136904761903
0 0.20159040178571425 0.13039434523809523 0.22949218749999994 0.13271949404761904 0.2120535714285714 0.9558221726190476 0.17979213169642855 0.950009300595238
0 0.1545061383928571 0.169921875 0.1998465401785714 0.1722470238095238 0.1754324776785714 0.938383556547619 0.13793945312499994 0.9337332589285713
0 0.11003766741071425 0.1548084077380952 0.1484026227678571 0.15945870535714282 0.13357979910714285 0.9314081101190476 0.0987025669642857 0.9337332589285713
