0 0.012381417410714274 0.20596168154761904 0.052490234375 0.20479910714285712 0.12224469866071425 0.8570033482142856 0.08562360491071425 0.8593284970238094
0 0.0559779575892857 0.20596168154761904 0.0987025669642857 0.20479910714285712 0.1658412388392857 0.8477027529761904 0.13183593749999994 0.8465401785714285
0 0.09172712053571425 0.09086681547619047 0.14578683035714285 0.08970424107142856 0.2146693638392857 0.8581659226190476 0.1702008928571428 0.8581659226190476
0 0.16496930803571425 0.1954985119047619 0.21030970982142855 0.2013113839285714 0.2582659040178571 0.8639787946428571 0.2242606026785714 0.8593284970238094
0 0.21030970982142855 0.1001674107142857 0.25041852678571425 0.0990048363095238 0.3018624441964285 0.865141369047619 0.26611328124999994 0.8663039434523809
0 0.26524135044642855 0.12923177083333331 0.3297642299107142 0.1269066220238095 0.3611537388392857 0.865141369047619 0.3079659598214285 0.8628162202380952
0 0.3376116071428571 0.2234002976190476 0.3812081473214285 0.2222377232142857 0.4021344866071428 0.8639787946428571 0.3611537388392857 0.865141369047619
0 0.3855678013392857 0.2013113839285714 0.4466029575892857 0.20363653273809523 0.4579380580357142 0.8581659226190476 0.4108537946428571 0.8604910714285713
0 0.4561941964285714 0.2257254464285714 0.4910714285714285 0.22805059523809523 0.4919433593749999 0.8686290922619047 0.4622977120535714 0.8628162202380952
0 0.4980468749999999 0.20479910714285712 0.5416434151785714 0.20596168154761904 0.5355398995535714 0.8663039434523809 0.4963030133928571 0.8721168154761904
0 0.5538504464285714 0.11993117559523808 0.6445312499999999 0.1245814732142857 0.6018066406249999 0.8907180059523809 0.5442592075892856 0.8825799851190476
0 0.6515066964285714 0.11993117559523808 0.7203892299107142 0.1222563244047619 0.6680733816964285 0.9116443452380952 0.6140136718749999 0.9046688988095237
0 0.7247488839285713 0.12806919642857142 0.797119140625 0.12923177083333331 0.7308523995535713 0.8965308779761904 0.6698172433035714 0.8953683035714285
0 0.7945033482142856 0.1710844494047619 0.83984375 0.1722470238095238 0.7700892857142856 0.8779296874999999 0.7360839843749999 0.8744419642857143
0 0.845947265625 0.1722470238095238 0.9078543526785714 0.1734095982142857 0.8232770647321428 0.8732793898809522 0.7770647321428571 0.8732793898809522
0 0.9165736607142856 0.1757347470238095 0.9802246093749998 0.1768973214285714 0.8799525669642856 0.8872302827380952 0.8311244419642856 0.8837425595238094
