0 0.0559779575892857 0.16178385416666666 0.11352539062499994 0.15713355654761904 0.2251325334821428 0.938383556547619 0.18589564732142855 0.9407087053571428
0 0.1082938058035714 0.11295572916666664 0.1475306919642857 0.10830543154761903 0.2669852120535714 0.9593098958333331 0.22862025669642855 0.9604724702380952
0 0.2059500558035714 0.23270089285714282 0.2547781808035714 0.23270089285714282 0.3280203683035714 0.9128069196428571 0.29052734375 0.9174572172619047
0 0.26000976562499994 0.23037574404761904 0.3114536830357142 0.2268880208333333 0.3672572544642857 0.9186197916666665 0.3306361607142857 0.9209449404761904
0 0.3062220982142857 0.1548084077380952 0.3559221540178571 0.15364583333333331 0.4091099330357142 0.9360584077380952 0.3690011160714285 0.9372209821428571
0 0.3611537388392857 0.1501581101190476 0.3890555245535714 0.1501581101190476 0.4404994419642857 0.950009300595238 0.4108537946428571 0.9523344494047619
0 0.3916713169642857 0.10132998511904762 0.4361397879464285 0.10132998511904762 0.4727608816964285 0.9720982142857143 0.4396275111607142 0.9755859374999999
0 0.4518345424107142 0.23851376488095236 0.4884556361607142 0.23967633928571427 0.5111258370535714 0.9662853422619047 0.4771205357142857 0.9686104910714285
0 0.4893275669642857 0.14085751488095236 0.5521065848214285 0.1466703869047619 0.5538504464285714 0.9662853422619047 0.5137416294642857 0.9697730654761904
0 0.5555943080357142 0.14550781249999997 0.6297084263392856 0.1466703869047619 0.6140136718749999 0.913969494047619 0.5616978236607142 0.9104817708333331
0 0.6331961495535714 0.1513206845238095 0.6794084821428571 0.1431826636904762 0.6541224888392856 0.9290829613095237 0.6122698102678571 0.9232700892857143
0 0.6881277901785714 0.19317336309523805 0.7448032924107142 0.1966610863095238 0.7029506138392856 0.9325706845238094 0.6610979352678571 0.9314081101190476
0 0.7657296316964285 0.13155691964285712 0.8363560267857142 0.13620721726190474 0.7604980468749999 0.9918619791666665 0.7038225446428571 0.9953497023809522
0 0.838099888392857 0.13155691964285712 0.8677455357142856 0.12806919642857142 0.7814243861607142 0.9779110863095237 0.7604980468749999 0.9755859374999999
0 0.8598981584821428 0.22805059523809523 0.8860560825892856 0.23502604166666663 0.8023507254464284 0.9616350446428571 0.784912109375 0.9674479166666665
0 0.888671875 0.23153831845238093 0.9104701450892856 0.22921316964285712 0.8224051339285714 0.974423363095238 0.80322265625 0.9720982142857143
0 0.931396484375 0.1501581101190476 0.9610421316964284 0.15248325892857142 0.85205078125 0.9825613839285713 0.825892857142857 0.9779110863095237
0 0.966273716517857 0.1478329613095238 0.9863281249999998 0.14550781249999997 0.8712332589285714 0.9709356398809522 0.856410435267857 0.9662853422619047
