0 0.07018400493421056 0.3171086896929825 0.17426500822368424 0.8876267817982457 0.20831620065789475 0.8833436129385966 0.10423519736842107 0.3008326480263159
0 0.11772717927631582 0.3093989857456141 0.21859580592105265 0.8824869791666669 0.255859375 0.8739206414473686 0.1588456003289474 0.2922663103070176
0 0.15434827302631582 0.2502912554824562 0.2500770970394737 0.8773471765350878 0.2847707648026316 0.8756339089912282 0.18390213815789475 0.236585115131579
0 0.19032689144736842 0.236585115131579 0.2834858141447369 0.8842002467105264 0.29633532072368424 0.8799170778508772 0.2051038240131579 0.2297320449561404
0 0.20253392269736842 0.13721559758771937 0.3001901726973684 0.9287452028508772 0.3348838404605264 0.9167523300438597 0.23851254111842107 0.13807223135964916
0 0.24300986842105265 0.1423554002192983 0.33873869243421056 0.9227487664473686 0.3637952302631579 0.9193222313596493 0.2809159128289474 0.14149876644736847
0 0.26935135690789475 0.010433799342105319 0.3650801809210526 0.9878529331140352 0.42097553453947373 0.988709566885965 0.3323139391447369 0.007007264254386019
0 0.34002364309210525 0.014716968201754438 0.4261153371710526 0.9775733278508772 0.4884354440789474 0.9672937225877195 0.4031990935240667 0.0 0.3470908717105264 0.012147066885964966
0 0.43061266447368424 0.26142749451754393 0.4884354440789474 0.8953364857456142 0.5199167351973684 0.8859135142543861 0.46723375822368424 0.2639973958333334
0 0.4556692023026316 0.06097519188596496 0.531481291118421 0.9690069901315791 0.5674599095394737 0.9621539199561404 0.49743009868421056 0.05583538925438602 0.44731702302631576 0.05754865679824567
0 0.5096371299342106 0.05326548793859654 0.568102384868421 0.978429961622807 0.5963712993421053 0.9690069901315791 0.5443307976973684 0.044699150219298295
0 0.5526829769736843 0.23487184758771937 0.604723478618421 0.9638671875000001 0.6439144736842106 0.9570141173245615 0.6156455592105263 0.23915501644736847
0 0.6227127878289473 0.06525836074561409 0.6477693256578947 0.9707202576754387 0.6921001233552633 0.9724335252192984 0.6651161595394737 0.05412212171052636
0 0.676038240131579 0.06354509320175443 0.690172697368421 0.9707202576754387 0.7325760690789473 0.9612972861842106 0.7120168585526316 0.05754865679824567
0 0.7203690378289473 0.34109443530701755 0.7255088404605263 0.9338850054824562 0.7531352796052633 0.9338850054824562 0.7518503289473684 0.334241365131579
0 0.7537777549342106 0.19974986293859656 0.749280427631579 0.9313151041666669 0.773694490131579 0.929601836622807 0.785901521381579 0.19889322916666674
0 0.787828947368421 0.2014631304824562 0.7762643914473684 0.929601836622807 0.8109580592105263 0.9278885690789475 0.8205951891447367 0.20574629934210534
0 0.8173828125 0.2494346217105264 0.8032483552631577 0.9210354989035089 0.810315583881579 0.9218921326754387 0.8276624177631577 0.9150390625000001 0.8443667763157894 0.23829838267543868
0 0.85400390625 0.251147889254386 0.826377467105263 0.9261753015350878 0.8501490542763157 0.9218921326754387 0.885485197368421 0.25457442434210537
0 0.8938373766447367 0.17747738486842113 0.8572162828947367 0.9338850054824562 0.9143965871710527 0.9347416392543861 0.956799958881579 0.17062431469298253
