0 0.04320004111842107 0.17576411732456146 0.13700143914473684 0.9321717379385966 0.19032689144736842 0.925318667763158 0.08431846217105265 0.16462787828947373
0 0.11772717927631582 0.2117427357456141 0.18968441611842107 0.8987630208333335 0.2507195723684211 0.8979063870614036 0.18197471217105265 0.22116570723684217
0 0.19482421875 0.21773917214912286 0.25971422697368424 0.8927665844298246 0.2995476973684211 0.8927665844298246 0.2520045230263158 0.2280187774122808
0 0.2539319490131579 0.2014631304824562 0.30725740131578944 0.8927665844298246 0.3650801809210526 0.9021895559210528 0.33295641447368424 0.21431263706140358
0 0.34387849506578944 0.20660293311403513 0.36700760690789475 0.906472724780702 0.43061266447368424 0.9081859923245615 0.41455078125000006 0.19974986293859656
0 0.4274002878289474 0.21773917214912286 0.43767989309210525 0.8833436129385966 0.4787983141447369 0.8876267817982457 0.4691611842105264 0.20917283442982462
0 0.4749434621710526 0.21002946820175447 0.47301603618421056 0.8996196546052633 0.5205592105263157 0.8953364857456142 0.5237715871710527 0.2083162006578948
0 0.5244140625 0.20917283442982462 0.5186317845394737 0.8936232182017544 0.562962582236842 0.8944798519736844 0.5732421875 0.21431263706140358
0 0.583521792763158 0.036132812500000056 0.5597502055921053 0.9184655975877195 0.6137181332236843 0.9227487664473686 0.6419870476973684 0.04726905153508778
0 0.6644736842105263 0.044699150219298295 0.6182154605263157 0.9116125274122808 0.661903782894737 0.9210354989035089 0.714586759868421 0.05155222039473689
0 0.746068050986842 0.05840529057017549 0.6599763569078947 0.9098992598684211 0.7133018092105263 0.9116125274122808 0.7942537006578947 0.05155222039473689
0 0.7993935032894737 0.044699150219298295 0.7158717105263157 0.9158956962719299 0.7550627055921053 0.9133257949561404 0.8430818256578947 0.04983895285087725 0.8064607319078947 0.042129248903508824
0 0.855931332236842 0.04898231907894742 0.7479954769736843 0.9098992598684211 0.789756373355263 0.9056160910087719 0.895764802631579 0.04983895285087725
