0 0.005405970982142849 0.23967633928571427 0.014125279017857123 0.9453590029761904 0.0629534040178571 0.9476841517857143 0.05161830357142855 0.23618861607142858
0 0.055106026785714246 0.1978236607142857 0.10916573660714285 0.1966610863095238 0.1178850446428571 0.9465215773809522 0.06992885044642855 0.9488467261904762
0 0.11614118303571425 0.19433593749999997 0.12137276785714285 0.9511718749999999 0.16496930803571425 0.9511718749999999 0.16148158482142855 0.19201078869047616
0 0.16496930803571425 0.16294642857142858 0.1632254464285714 0.9651227678571428 0.2094377790178571 0.962797619047619 0.19810267857142855 0.16062127976190474
0 0.2216448102678571 0.18271019345238093 0.21728515624999994 0.9395461309523809 0.2556501116071428 0.9348958333333331 0.25041852678571425 0.18038504464285712
0 0.2669852120535714 0.2478143601190476 0.3131975446428571 0.2478143601190476 0.3105817522321428 0.9314081101190476 0.27570452008928564 0.925595238095238
0 0.3114536830357142 0.25362723214285715 0.3559221540178571 0.25362723214285715 0.3550502232142857 0.9174572172619047 0.3184291294642857 0.9232700892857143
0 0.3602818080357142 0.30478050595238093 0.3960309709821428 0.30594308035714285 0.3942871093749999 0.9232700892857143 0.3602818080357142 0.9244326636904762
0 0.3960309709821428 0.0978422619047619 0.4535784040178571 0.09319196428571429 0.4518345424107142 0.9581473214285713 0.3951590401785714 0.9604724702380952
0 0.4605538504464285 0.1768973214285714 0.4989188058035714 0.1745721726190476 0.4928152901785714 0.9581473214285713 0.4588099888392857 0.9569847470238094
0 0.5032784598214285 0.18852306547619047 0.5634416852678571 0.18852306547619047 0.5486188616071428 0.9558221726190476 0.5006626674107142 0.9569847470238094
0 0.5643136160714285 0.1478329613095238 0.5582101004464285 0.9732607886904762 0.5922154017857142 0.9686104910714285 0.6009347098214285 0.1478329613095238
0 0.6140136718749999 0.11411830357142856 0.6471470424107142 0.11528087797619047 0.6297084263392856 0.9697730654761904 0.5922154017857142 0.974423363095238
0 0.6541224888392856 0.11179315476190475 0.7203892299107142 0.11295572916666664 0.6924874441964285 0.962797619047619 0.6375558035714285 0.9686104910714285
0 0.7212611607142856 0.2024739583333333 0.7500348772321428 0.20596168154761904 0.7273646763392856 0.9569847470238094 0.7012067522321428 0.9569847470238094
0 0.7535226004464285 0.21293712797619047 0.7770647321428571 0.20944940476190474 0.7526506696428571 0.9395461309523809 0.7334681919642856 0.9453590029761904
0 0.791015625 0.18503534226190474 0.8389718191964284 0.19084821428571427 0.8189174107142856 0.9546595982142856 0.7709612165178571 0.9558221726190476
0 0.8476911272321428 0.18736049107142858 0.894775390625 0.19084821428571427 0.874720982142857 0.9558221726190476 0.825892857142857 0.9581473214285713
0 0.9017508370535714 0.1954985119047619 0.9366280691964284 0.1966610863095238 0.9122140066964284 0.9616350446428571 0.8816964285714284 0.9616350446428571
0 0.9409877232142856 0.20479910714285712 0.9575544084821428 0.20828683035714282 0.9366280691964284 0.9488467261904762 0.9148297991071428 0.9488467261904762
