0 0.034847861842105254 0.06097519188596496 0.15370579769736842 0.8704941063596493 0.18390213815789475 0.8644976699561404 0.057976973684210564 0.05155222039473689
0 0.062474300986842146 0.06525836074561409 0.18839946546052633 0.8704941063596493 0.21795333059210525 0.861927768640351 0.08688836348684215 0.05754865679824567
0 0.10102282072368424 0.061831825657894794 0.22566303453947367 0.8670675712719299 0.24365234375 0.861927768640351 0.11901212993421056 0.05583538925438602
0 0.13892886513157898 0.09609717653508777 0.2635690789473684 0.8387986567982457 0.2969777960526316 0.8370853892543861 0.17747738486842107 0.08153440241228076 0.13314658717105265 0.10123697916666673
0 0.1928967927631579 0.08838747258771935 0.30468750000000006 0.8336588541666669 0.34130859375000006 0.8293756853070177 0.23016036184210525 0.08410430372807022
0 0.25778680098684215 0.18861362390350886 0.3586554276315789 0.8439384594298246 0.39848889802631576 0.8353721217105264 0.2892680921052632 0.17490748355263164
0 0.2995476973684211 0.18861362390350886 0.4094109786184211 0.8379420230263159 0.44538959703947373 0.8353721217105264 0.33552631578947373 0.17833401864035095
0 0.3226768092105264 0.09095737390350883 0.45952405427631576 0.8730640076754387 0.4723735608552632 0.8713507401315791 0.3528731496710526 0.07725123355263164
0 0.3586554276315789 0.08581757127192989 0.4787983141447369 0.8636410361842106 0.5089946546052633 0.861927768640351 0.3849969161184211 0.07896450109649128
0 0.39013671875000006 0.08496093750000006 0.5128495065789473 0.8747772752192984 0.5411184210526316 0.8722073739035089 0.42547286184210525 0.07125479714912286
0 0.43061266447368424 0.08410430372807022 0.546900699013158 0.8747772752192984 0.5700298108552633 0.8730640076754387 0.4614514802631579 0.07810786732456144
0 0.47301603618421056 0.09095737390350883 0.5706722861842106 0.8507915296052633 0.6233552631578947 0.8336588541666669 0.527626439144737 0.07725123355263164
0 0.5456157483552633 0.09095737390350883 0.6381321957236843 0.8644976699561404 0.6953125 0.8533614309210528 0.607935855263158 0.07468133223684216
0 0.6304224917763157 0.038702713815789526 0.6991673519736843 0.8782038103070177 0.7345034950657894 0.8756339089912282 0.6625462582236843 0.041272615131579
0 0.6708984375 0.046412417763157944 0.7383583470394737 0.880773711622807 0.773694490131579 0.8610711348684211 0.7017372532894737 0.042129248903508824
0 0.705592105263158 0.04298588267543865 0.7711245888157894 0.8610711348684211 0.8013209292763157 0.8585012335526317 0.7415707236842106 0.03356291118421058
0 0.7518503289473684 0.05326548793859654 0.8032483552631577 0.8516481633771931 0.836657072368421 0.8567879660087719 0.7846165707236841 0.044699150219298295
0 0.800035978618421 0.1809039199561404 0.8475791529605263 0.861927768640351 0.8655684621710527 0.8610711348684211 0.8289473684210527 0.1663411458333334
0 0.836657072368421 0.18176055372807023 0.8777754934210527 0.857644599780702 0.9156815378289473 0.8490782620614036 0.8758480674342104 0.17405084978070182
0 0.8951223273026316 0.08753083881578953 0.9233912417763157 0.8747772752192984 0.9632247121710527 0.8799170778508772 0.9388106496710527 0.06782826206140356
0 0.946520353618421 0.07982113486842111 0.969006990131579 0.8901966831140352 0.999755859375 0.8809929399391336 0.978001644736842 0.06268845942982461
