0 0.029065583881578982 0.07810786732456144 0.21602590460526316 0.8550746984649124 0.24108244243421056 0.8482216282894738 0.06440172697368424 0.05754865679824567
0 0.09973787006578949 0.19461006030701763 0.24686472039473684 0.8482216282894738 0.2854132401315789 0.8439384594298246 0.12864925986842107 0.19632332785087725
0 0.12672183388157898 0.10380688048245619 0.2969777960526316 0.8782038103070177 0.3284590871710526 0.8747772752192984 0.15434827302631582 0.09095737390350883
0 0.1684827302631579 0.10038034539473689 0.3393811677631579 0.8876267817982457 0.37214740953947373 0.8747772752192984 0.20638877467105265 0.09095737390350883
0 0.2218081825657895 0.12265282346491234 0.3747173108552632 0.8773471765350878 0.40234375000000006 0.8739206414473686 0.24686472039473684 0.10380688048245619
0 0.2500770970394737 0.11408648574561409 0.4004163240131579 0.8747772752192984 0.4344675164473684 0.8687808388157895 0.2854132401315789 0.10295024671052637
0 0.29248046875000006 0.08753083881578953 0.4312551398026316 0.8773471765350878 0.4640213815789474 0.8713507401315791 0.32074938322368424 0.08410430372807022
0 0.34387849506578944 0.09438390899122812 0.4710886101973684 0.8704941063596493 0.49614514802631576 0.8713507401315791 0.37407483552631576 0.08410430372807022
0 0.3933490953947369 0.10209361293859655 0.501927425986842 0.8653543037280702 0.5475431743421053 0.861927768640351 0.4505293996710526 0.08496093750000006
0 0.46980365953947373 0.08924410635964918 0.5552528782894737 0.8799170778508772 0.613075657894737 0.8773471765350878 0.5244140625 0.07725123355263164
0 0.534693667763158 0.0481256853070176 0.611790707236842 0.8782038103070177 0.636204769736842 0.8739206414473686 0.5603926809210527 0.04041598135964918
0 0.5693873355263157 0.04041598135964918 0.6407020970394737 0.8859135142543861 0.6599763569078947 0.8833436129385966 0.595728824013158 0.02927974232456146
0 0.613075657894737 0.042129248903508824 0.6599763569078947 0.8816303453947368 0.712659333881579 0.8773471765350878 0.661903782894737 0.027566474780701806
0 0.685032894736842 0.036132812500000056 0.7139442845394737 0.8730640076754387 0.7550627055921053 0.8739206414473686 0.7345034950657894 0.02927974232456146
0 0.765342310855263 0.038702713815789526 0.7608449835526316 0.8799170778508772 0.8096731085526316 0.8756339089912282 0.8160978618421053 0.030993009868421104
0 0.8424393503289473 0.027566474780701806 0.8096731085526316 0.8816303453947368 0.8617136101973684 0.8833436129385966 0.899619654605263 0.030993009868421104
