0 0.10194463315217392 0.166694972826087 0.09982167119565219 0.8743489583333334 0.13697350543478262 0.8771795742753623 0.14652683423913046 0.15961843297101455
0 0.14652683423913046 0.13555819746376815 0.13697350543478262 0.8955785778985508 0.17094089673913046 0.8998245018115942 0.1836786684782609 0.1426347373188406
0 0.2049082880434783 0.23604506340579712 0.19217051630434787 0.9083163496376812 0.23781419836956522 0.9083163496376812 0.24736752717391305 0.23887567934782608
0 0.2505519701086957 0.15678781702898553 0.2431216032608696 0.9153928894927535 0.26965862771739135 0.9139775815217391 0.27602751358695654 0.15961843297101455
0 0.2749660326086957 0.163864356884058 0.26965862771739135 0.9182235054347826 0.2930112092391304 0.9182235054347826 0.30362601902173914 0.15961843297101455
0 0.30362601902173914 0.17377151268115942 0.3651919157608695 0.1780174365942029 0.353515625 0.922469429347826 0.2961956521739131 0.9182235054347826
0 0.3683763586956521 0.2417062952898551 0.40340523097826086 0.24595221920289856 0.39172894021739124 0.919638813405797 0.35776154891304346 0.9238847373188405
0 0.40658967391304346 0.15112658514492758 0.3991593070652174 0.9267153532608696 0.4564792798913043 0.9323765851449276 0.46178668478260865 0.14405004528985513
0 0.46497112771739124 0.16811028079710147 0.5382133152173912 0.16527966485507248 0.5233525815217391 0.9323765851449276 0.4575407608695652 0.922469429347826
0 0.5350288722826086 0.15678781702898553 0.5180451766304348 0.9521908967391304 0.5849184782608695 0.9578521286231884 0.6061480978260869 0.15254189311594207
0 0.6061480978260869 0.16103374094202902 0.5838569972826086 0.9734205163043478 0.6358695652173912 0.9776664402173912 0.6677139945652174 0.16103374094202902
0 0.662406589673913 0.24029098731884058 0.646484375 0.9649286684782609 0.6846976902173912 0.9705899003623188 0.7069887907608695 0.23887567934782608
0 0.7091117527173912 0.2657665307971015 0.6836362092391304 0.9804970561594203 0.7218495244565217 0.9875735960144927 0.744140625 0.264351222826087
0 0.7462635869565217 0.23179913949275363 0.7260954483695652 0.9918195199275361 0.7781080163043478 0.9988960597826088 0.8025220788043479 0.23321444746376815
0 0.8035835597826086 0.2374603713768116 0.7823539402173912 0.9988960597826088 0.8279976222826086 0.9974807518115942 0.8587805706521738 0.23179913949275363
0 0.8630264945652173 0.1850939764492754 0.8290591032608696 0.9904042119565216 0.887660435267857 0.9996744791666666 0.9235309103260869 0.18933990036231885
0 0.9298997961956521 0.1836786684782609 0.8949587991116763 0.9996744791666666 0.9564368206521738 0.9988960597826088 0.987219769021739 0.18792459239130435
