0 0.04674762228260873 0.25161345108695654 -6.938893903907228e-18 0.24890344399810968 0.0 0.9323765851449276 0.04037873641304349 0.9281306612318841
0 0.049932065217391325 0.17094089673913046 0.043563179347826136 0.9295459692028986 0.07116168478260873 0.9309612771739131 0.07540760869565219 0.17377151268115942
0 0.07434612771739132 0.17660212862318844 0.0722231657608696 0.9323765851449276 0.09239130434782614 0.933791893115942 0.09876019021739132 0.17518682065217395
0 0.10088315217391305 0.1836786684782609 0.0966372282608696 0.933791893115942 0.15714164402173916 0.9352072010869565 0.16351052989130435 0.1836786684782609
0 0.166694972826087 0.2572746829710145 0.2049082880434783 0.2601052989130435 0.19853940217391305 0.9352072010869565 0.1624490489130435 0.9352072010869565
0 0.20066236413043478 0.16527966485507248 0.20703125000000003 0.939453125 0.2654127038043479 0.9380378170289855 0.2611667798913043 0.166694972826087
0 0.2643512228260869 0.18226336050724637 0.2707201086956522 0.922469429347826 0.32167119565217395 0.9323765851449276 0.3206097146739131 0.1794327445652174
0 0.3195482336956521 0.17235620471014493 0.3938519021739131 0.16527966485507248 0.38005264945652173 0.9578521286231884 0.3174252717391304 0.945114356884058
0 0.39491338315217395 0.17660212862318844 0.4416185461956521 0.17518682065217395 0.43737262228260865 0.9705899003623188 0.3832370923913043 0.9649286684782609
0 0.45329483695652173 0.2501981431159421 0.44374150815217395 0.9550215126811593 0.4819548233695652 0.9606827445652174 0.49150815217391297 0.2501981431159421
0 0.4904466711956521 0.26859714673913043 0.5233525815217391 0.2657665307971015 0.5116762907608695 0.9804970561594203 0.47770889945652173 0.9776664402173912
0 0.5244140625 0.2431216032608696 0.5191066576086957 0.9833276721014492 0.5658118206521738 0.9861582880434782 0.5700577445652174 0.24029098731884058
0 0.5753651494565217 0.24736752717391305 0.5721807065217391 0.9804970561594203 0.6157014266304348 0.9819123641304347 0.6241932744565217 0.2417062952898551
0 0.629500679347826 0.2006623641304348 0.6188858695652174 0.9790817481884058 0.6719599184782609 0.9847429800724637 0.6793902853260869 0.2006623641304348
0 0.6910665760869565 0.20349298007246377 0.6762058423913043 0.9861582880434782 0.7314028532608695 0.9932348278985508 0.7398947010869565 0.20349298007246377
0 0.7558169157608695 0.163864356884058 0.7347814261061059 0.9996744791666666 0.7812924592391304 0.9996744791666666 0.7940302309782608 0.15961843297101455
0 0.79296875 0.18226336050724637 0.8205672554347825 0.1836786684782609 0.8110139266304348 0.9861582880434782 0.7791694972826086 0.9833276721014492
0 0.8248131793478259 0.26293591485507245 0.8736413043478259 0.261520606884058 0.8587805706521738 0.9790817481884058 0.8131368885869565 0.9776664402173912
0 0.8768257472826086 0.2601052989130435 0.8640879755434783 0.9804970561594203 0.9065472146739131 0.9819123641304347 0.9235309103260869 0.258689990942029
0 0.9235309103260869 0.3209635416666667 0.9107931385869565 0.9861582880434782 0.9553753396739131 0.9875735960144927 0.9702360733695652 0.3209635416666667
