0 0.007221422697368446 0.1809039199561404 0.013646175986842146 0.9313151041666669 0.057334498355263164 0.9441646107456142 0.05540707236842107 0.19632332785087725
0 0.0611893503289474 0.2006064967105264 0.061831825657894746 0.955300849780702 0.11322985197368424 0.9493044133771931 0.10744757401315791 0.2014631304824562
0 0.12736430921052633 0.2699938322368422 0.1318616365131579 0.9493044133771931 0.14792351973684215 0.9484477796052633 0.1588456003289474 0.25286115679824567
0 0.16205797697368424 0.2896964089912281 0.1607730263157895 0.9424513432017544 0.1851870888157895 0.9458778782894738 0.1826171875 0.28198670504385975 0.15756064967105265 0.2974061129385966
0 0.18904194078947367 0.25286115679824567 0.1928967927631579 0.9604406524122808 0.22437808388157898 0.9672937225877195 0.22566303453947367 0.25885759320175444
0 0.23658511513157898 0.26571066337719307 0.23979749177631582 0.9484477796052633 0.2796309621710526 0.9578707510964913 0.2738486842105264 0.2717070997807018
0 0.2918379934210526 0.23315858004385973 0.29376541940789475 0.9578707510964913 0.32524671052631576 0.9604406524122808 0.3284590871710526 0.22716214364035095
0 0.34259354440789475 0.22716214364035095 0.34002364309210525 0.9724335252192984 0.37921463815789475 0.9767166940789475 0.39013671875000006 0.2151692708333334
0 0.39977384868421056 0.18176055372807023 0.39399157072368424 0.978429961622807 0.4248303865131579 0.9861396655701755 0.4286852384868421 0.1809039199561404
0 0.4530993009868421 0.19974986293859656 0.4396073190789474 0.9415947094298246 0.46980365953947373 0.9407380756578948 0.47815583881578944 0.20317639802631585
0 0.48907791940789475 0.2785601699561404 0.4826531661184211 0.9390248081140352 0.5231291118421053 0.9407380756578948 0.5212016858552633 0.2682805646929825
0 0.53662109375 0.2845566063596492 0.529553865131579 0.9313151041666669 0.5706722861842106 0.9313151041666669 0.5732421875 0.28626987390350883
0 0.5841642680921053 0.3350979989035088 0.5758120888157894 0.9373115405701755 0.6137181332236843 0.9304584703947368 0.623997738486842 0.32910156250000006
0 0.6310649671052633 0.12522272478070182 0.6195004111842106 0.9561574835526317 0.668971011513158 0.9672937225877195 0.690172697368421 0.13378906250000006
0 0.6953125 0.19974986293859656 0.6908151726973684 0.9844263980263159 0.7165141858552633 0.9844263980263159 0.735145970394737 0.19632332785087725
0 0.7447831003289473 0.21002946820175447 0.7306486430921053 0.9767166940789475 0.775621916118421 0.974146792763158 0.7903988486842104 0.2083162006578948
0 0.8083881578947367 0.17747738486842113 0.7871864720394737 0.9861396655701755 0.8296942459909539 0.9996744791666666 0.8462942023026316 0.15948807565789477
0 0.862998560855263 0.13807223135964916 0.836740613263523 0.9996744791666666 0.8694233141447367 0.9996744791666666 0.8970497532894737 0.12693599232456146
0 0.9176089638157894 0.12607935855263164 0.8880550986842104 0.988709566885965 0.939453125 0.9921361019736844 0.972861842105263 0.1423554002192983
