0 0.0001541940789473728 0.07810786732456144 0.016858552631578982 0.9955626370614036 0.034847861842105254 0.9972759046052633 0.016858552631578982 0.07382469846491234
0 0.032920435855263164 0.08067776864035092 0.04641241776315791 0.9972759046052633 0.06568667763157898 0.9955626370614036 0.04384251644736842 0.07468133223684216
0 0.047697368421052655 0.14064213267543865 0.06821157371039538 0.9996744791666666 0.08881578947368424 0.9989891721491229 0.07403885690789475 0.13293242872807023
0 0.07917865953947373 0.14663856907894743 0.09459806743421056 0.9861396655701755 0.11644222861842107 0.993849369517544 0.10552014802631582 0.14149876644736847
0 0.09845291940789475 0.07725123355263164 0.11836965460526316 0.9964192708333335 0.14021381578947367 0.9947060032894738 0.12607935855263158 0.06868489583333338
0 0.14985094572368424 0.1355023300438597 0.1710526315789474 0.9955626370614036 0.19996402138157898 0.9929927357456142 0.1832596628289474 0.12693599232456146
0 0.13121916118421056 0.08496093750000006 0.14792351973684215 0.9869962993421053 0.16947642543859648 0.9996744791666666 0.15242084703947367 0.08496093750000006
0 0.21281352796052633 0.05754865679824567 0.22887541118421056 0.9964192708333335 0.2687088815789474 0.9929927357456142 0.2520045230263158 0.05412212171052636
0 0.2442948190789474 0.04726905153508778 0.27248260303575644 0.9996744791666666 0.29376541940789475 0.9996744791666666 0.2635690789473684 0.03955934758771935 0.24879214638157898 0.05412212171052636
0 0.2796309621710526 0.07125479714912286 0.2931229440789474 0.9981325383771931 0.3098273026315789 0.9964192708333335 0.2982627467105264 0.06525836074561409
0 0.2976202713815789 0.07296806469298252 0.311752115964588 0.9996744791666666 0.33167146381578944 0.9996744791666666 0.3149671052631579 0.06697162828947374
0 0.519274259868421 0.1209395559210527 0.5314789115801657 0.9996744791666666 0.5758120888157894 0.9981325383771931 0.5674599095394737 0.12950589364035092
0 0.576454564144737 0.08753083881578953 0.58544921875 0.9929927357456142 0.6284950657894737 0.9972759046052633 0.6220703125 0.0832476699561404
0 0.616930509868421 0.138928865131579 0.6284950657894737 0.9895662006578948 0.6766807154605263 0.9835697642543861 0.6625462582236843 0.12950589364035092
0 0.6670435855263157 0.17833401864035095 0.6798930921052633 0.9690069901315791 0.7261513157894737 0.9655804550438597 0.7068770559210527 0.17062431469298253
0 0.7190840871710527 0.16976768092105268 0.724866365131579 0.9630105537280702 0.7627724095394737 0.9638671875000001 0.7524928042763157 0.15863144188596498
0 0.7621299342105263 0.17833401864035095 0.759560032894737 0.9681503563596493 0.7871864720394737 0.9647238212719299 0.7794767680921053 0.17490748355263164
0 0.7865439967105263 0.10038034539473689 0.8013209292763157 0.9630105537280702 0.822522615131579 0.9570141173245615 0.8045333059210527 0.090100740131579
0 0.8090306332236841 0.2117427357456141 0.824450041118421 0.9475911458333335 0.8411543996710527 0.9484477796052633 0.838584498355263 0.2125993695175439
0 0.841796875 0.2117427357456141 0.8405119243421053 0.9510176809210528 0.8777754934210527 0.9424513432017544 0.8719932154605263 0.2151692708333334
