0 0.04320004111842107 0.2040330317982457 0.021355879934210564 0.9775733278508772 0.06440172697368424 0.9818564967105264 0.08046361019736842 0.2083162006578948
0 0.07982113486842107 0.20917283442982462 0.06632915296052633 0.974146792763158 0.09202816611842107 0.9672937225877195 0.10102282072368424 0.20574629934210534
0 0.10487767269736842 0.20317639802631585 0.09459806743421056 0.9818564967105264 0.11901212993421056 0.9758600603070177 0.13250411184210525 0.2083162006578948
0 0.1363589638157895 0.013003700657894792 0.12607935855263158 0.9698636239035089 0.2096011513157895 0.9724335252192984 0.21599874029749538 1.4802973661668753e-16
0 0.21859580592105265 0.12950589364035092 0.2076737253289474 0.9818564967105264 0.24557976973684215 0.9767166940789475 0.2539319490131579 0.12522272478070182
0 0.2616416529605263 0.11751302083333338 0.2417249177631579 0.9921361019736844 0.2854132401315789 0.9921361019736844 0.3149671052631579 0.1217961896929825
0 0.33038651315789475 0.15177837171052636 0.30340254934210525 0.9664370888157895 0.3483758223684211 0.9732901589912282 0.36315275493421056 0.14663856907894743
0 0.3702199835526316 0.13635896381578952 0.3528731496710526 0.9878529331140352 0.3907791940789474 0.9827131304824562 0.4081260279605264 0.13807223135964916
0 0.4563116776315789 0.09181400767543864 0.4299701891447369 0.9895662006578948 0.4910053453947369 0.988709566885965 0.503212376644737 0.10123697916666673
0 0.5128495065789473 0.08924410635964918 0.48650801809210525 0.9895662006578948 0.5372635690789473 0.9981325383771931 0.568102384868421 0.08239103618421058
0 0.571314761513158 0.09095737390350883 0.5424088215483779 0.9996744791666666 0.59765625 0.9964192708333335 0.6368472450657894 0.08753083881578953
0 0.6400596217105263 0.10038034539473689 0.600868626644737 0.9844263980263159 0.6593338815789473 0.988709566885965 0.6921001233552633 0.0969538103070176
0 0.6959549753289473 0.09781044407894741 0.663831208881579 0.988709566885965 0.705592105263158 0.9929927357456142 0.7402857730263157 0.09352727521929831
0 0.7396432976973684 0.10123697916666673 0.6991673519736843 0.9878529331140352 0.7409282483552633 0.9912794682017544 0.773694490131579 0.09352727521929831
0 0.7833316200657894 0.09866707785087725 0.7499229029605263 0.9758600603070177 0.8090306332236841 0.9801432291666669 0.8475791529605263 0.0969538103070176
0 0.8604286595394737 0.09267064144736847 0.8180252878289473 0.9827131304824562 0.8919099506578947 0.9989891721491229 0.9253186677631577 0.09609717653508777
0 0.9336708470394737 0.0832476699561404 0.8931949013157894 0.9792865953947368 0.9561574835526316 0.9929927357456142 0.9985608552631577 0.09181400767543864
