0 0.012780230978260892 0.255859375 0.018087635869565244 0.9153928894927535 0.03931725543478262 0.9139775815217391 0.03507133152173916 0.25161345108695654
0 0.0340098505434783 0.253028759057971 0.043563179347826136 0.9125622735507246 0.06479279891304349 0.9097316576086957 0.055239470108695704 0.253028759057971
0 0.0584239130434783 0.24878283514492758 0.06797724184782614 0.9125622735507246 0.08708389945652176 0.9125622735507246 0.07540760869565219 0.25161345108695654
0 0.07540760869565219 0.25444406702898553 0.09876019021739132 0.2501981431159421 0.11043648097826089 0.9153928894927535 0.08389945652173916 0.9168081974637681
0 0.117866847826087 0.23038383152173914 0.12848165760869565 0.9083163496376812 0.17412533967391305 0.9069010416666666 0.16138756793478262 0.22755321557971017
0 0.18155570652173916 0.23604506340579712 0.18898607336956522 0.8941632699275363 0.22401494565217392 0.8927479619565216 0.21233865489130435 0.2374603713768116
0 0.2112771739130435 0.2218919836956522 0.22083050271739132 0.9139775815217391 0.25161345108695654 0.919638813405797 0.2431216032608696 0.22330729166666666
0 0.24418308423913046 0.21340013586956522 0.24949048913043478 0.922469429347826 0.28239639945652173 0.9210541213768115 0.27815047554347827 0.21340013586956522
0 0.27602751358695654 0.26859714673913043 0.3015030570652174 0.2657665307971015 0.29725713315217395 0.9281306612318841 0.2834578804347826 0.9295459692028986
0 0.3015030570652174 0.1256510416666667 0.30044157608695654 0.9366225090579711 0.3471467391304348 0.9352072010869565 0.34608525815217395 0.12706634963768118
0 0.3503311820652174 0.16527966485507248 0.3864215353260869 0.16952558876811596 0.3842985733695652 0.9366225090579711 0.3471467391304348 0.939453125
0 0.38536005434782605 0.16527966485507248 0.3842985733695652 0.9436990489130435 0.4299422554347826 0.945114356884058 0.4352496603260869 0.16527966485507248
0 0.43418817934782605 0.19641644021739132 0.4883237092391304 0.19641644021739132 0.4755859375 0.9507755887681159 0.42781929347826086 0.945114356884058
0 0.4904466711956521 0.16103374094202902 0.4851392663043478 0.9536062047101449 0.5275985054347826 0.9536062047101449 0.5339673913043478 0.15395720108695657
0 0.540336277173913 0.09309895833333337 0.5339673913043478 0.9507755887681159 0.5774881114130435 0.9592674365942028 0.5902258831521738 0.0874377264492754
0 0.589164402173913 0.16952558876811596 0.6252547554347826 0.16952558876811596 0.613578464673913 0.933791893115942 0.5796110733695652 0.9323765851449276
0 0.6241932744565217 0.2855808423913044 0.7048658288043478 0.28133491847826086 0.6846976902173912 0.9153928894927535 0.613578464673913 0.9069010416666666
0 0.7133576766304347 0.19075520833333334 0.6889436141304347 0.925300045289855 0.7335258152173912 0.9309612771739131 0.7558169157608695 0.19500113224637683
0 0.7558169157608695 0.2148154438405797 0.7982761548913042 0.21198482789855075 0.7738620923913043 0.922469429347826 0.7335258152173912 0.9153928894927535
0 0.7961531929347825 0.2431216032608696 0.8279976222826086 0.2431216032608696 0.8035835597826086 0.9267153532608696 0.775985054347826 0.9238847373188405
0 0.8301205842391304 0.13838881340579715 0.8067680027173914 0.9536062047101449 0.840735394021739 0.9592674365942028 0.8725798233695652 0.13272758152173916
0 0.8630264945652173 0.3096410778985507 0.8959324048913042 0.30822576992753625 0.8736413043478259 0.9550215126811593 0.841796875 0.9507755887681159
0 0.9065472146739131 0.2006623641304348 0.8778872282608696 0.9493602807971014 0.9150390625 0.9578521286231884 0.9405146059782608 0.19641644021739132
0 0.9362686820652173 0.22472259963768118 0.9649286684782608 0.22330729166666666 0.939453125 0.9493602807971014 0.9182235054347825 0.9422837409420289
0 0.9744819972826086 0.1454653532608696 0.9415760869565217 0.9578521286231884 0.9988960597826086 0.9663439764492754 0.9978345788043479 0.1454653532608696
