0 0.01490319293478265 0.13697350543478265 0.01914911684782611 0.9606827445652174 0.06479279891304349 0.9606827445652174 0.0584239130434783 0.13697350543478265
0 0.06373131793478262 0.1850939764492754 0.10194463315217392 0.18650928442028988 0.10300611413043478 0.9620980525362319 0.069038722826087 0.9620980525362319
0 0.10300611413043478 0.1836786684782609 0.10406759510869565 0.9635133605072465 0.1486497961956522 0.9635133605072465 0.15183423913043478 0.18650928442028988
0 0.15289572010869565 0.21764605978260873 0.15183423913043478 0.9606827445652174 0.1974779211956522 0.9620980525362319 0.20278532608695657 0.21764605978260873
0 0.20384680706521743 0.17660212862318844 0.20703125000000003 0.9649286684782609 0.25161345108695654 0.9649286684782609 0.2526749320652174 0.17518682065217395
0 0.25798233695652173 0.11857450181159424 0.25479789402173914 0.9592674365942028 0.30256453804347827 0.9592674365942028 0.30681046195652173 0.11715919384057975
0 0.3195482336956521 0.19358582427536233 0.31211786684782605 0.945114356884058 0.3407778532608695 0.9436990489130435 0.3503311820652174 0.19358582427536233
0 0.3630689538043478 0.30539515398550726 0.4331266983695652 0.2997339221014493 0.4214504076086957 0.9238847373188405 0.36094599184782605 0.9168081974637681
0 0.43737262228260865 0.21340013586956522 0.4235733695652174 0.9281306612318841 0.46497112771739124 0.9323765851449276 0.47770889945652173 0.2148154438405797
0 0.48301630434782605 0.23462975543478262 0.4724014945652174 0.919638813405797 0.5084918478260869 0.925300045289855 0.5180451766304348 0.24029098731884058
0 0.5222911005434783 0.2657665307971015 0.5106148097826086 0.919638813405797 0.5307829483695652 0.9210541213768115 0.5467051630434783 0.2714277626811594
0 0.5456436820652174 0.166694972826087 0.5275985054347826 0.9536062047101449 0.5583814538043478 0.9479449728260869 0.5743036684782609 0.16527966485507248
0 0.5753651494565217 0.3280400815217392 0.6082710597826086 0.3237941576086956 0.5881029211956521 0.9422837409420289 0.5605044157608695 0.9366225090579711
0 0.6093325407608695 0.22330729166666666 0.646484375 0.2204766757246377 0.629500679347826 0.9408684329710145 0.5934103260869565 0.9436990489130435
0 0.6443614130434783 0.25161345108695654 0.6634680706521738 0.253028759057971 0.6496688179347826 0.9408684329710145 0.6305621603260869 0.9408684329710145
0 0.6698369565217391 0.17518682065217395 0.6507302989130435 0.9536062047101449 0.7006199048913043 0.9521908967391304 0.7165421195652174 0.17660212862318844
0 0.7250339673913043 0.06620810688405801 0.6974354619565217 0.9691745923913043 0.7473250679347826 0.9720052083333334 0.7653702445652174 0.06620810688405801
0 0.7653702445652174 0.10159080615942033 0.8173828125 0.10017549818840583 0.79296875 0.9550215126811593 0.744140625 0.9564368206521738
0 0.8195057744565217 0.13980412137681164 0.8545346467391304 0.13555819746376815 0.8333050271739131 0.9620980525362319 0.7950917119565217 0.9564368206521738
0 0.8534731657608696 0.16811028079710147 0.8853175951086956 0.16103374094202902 0.865149456521739 0.9550215126811593 0.8386124320652173 0.9521908967391304
0 0.8842561141304348 0.1978317481884058 0.9076086956521738 0.19641644021739132 0.8991168478260869 0.945114356884058 0.8683338994565217 0.9479449728260869
0 0.913977581521739 0.19358582427536233 0.9415760869565217 0.18933990036231885 0.9309612771739131 0.9620980525362319 0.9012398097826086 0.9578521286231884
