0 0.10744757401315791 0.18176055372807023 0.12415193256578949 0.9895662006578948 0.14920847039473684 0.9895662006578948 0.1344315378289474 0.18433045504385973
0 0.14920847039473684 0.18861362390350886 0.14728104440789475 0.9964192708333335 0.1684827302631579 0.9921361019736844 0.16527035361842107 0.1911835252192983
0 0.1607730263157895 0.09438390899122812 0.17296621216172522 0.9996744791666666 0.20831620065789475 0.9955626370614036 0.19932154605263158 0.090100740131579
0 0.20574629934210525 0.08581757127192989 0.21088610197368424 0.9904228344298246 0.2507195723684211 0.9929927357456142 0.24043996710526316 0.090100740131579
0 0.24300986842105265 0.004437362938596547 0.2507195723684211 0.9852830317982457 0.26806640625000006 0.9895662006578948 0.2565300127190142 -1.4802973661668753e-16
0 0.2629266036184211 0.00872053179824567 0.2687088815789474 0.9989891721491229 0.2834858141447369 0.9972759046052633 0.2783460115131579 0.003580729166666721
0 0.2976202713815789 0.06525836074561409 0.30340254934210525 0.993849369517544 0.33552631578947373 0.9972759046052633 0.3239617598684211 0.06525836074561409
0 0.3580129523026316 0.001010827850877247 0.35608552631578944 0.9972759046052633 0.3894942434210526 0.9964192708333335 0.37214740953947373 0.006150630482456196
0 0.37792968750000006 0.006150630482456196 0.3849969161184211 0.9947060032894738 0.40234375000000006 0.9947060032894738 0.4029862253289474 0.0027240953947368965
0 0.4029862253289474 0.07039816337719303 0.4081260279605264 0.9895662006578948 0.4370374177631579 0.9947060032894738 0.43896484375000006 0.06440172697368426
0 0.44153474506578944 0.004437362938596547 0.4408922697368421 0.993849369517544 0.46980365953947373 0.9921361019736844 0.4614514802631579 0.010433799342105319
0 0.4691611842105264 0.006150630482456196 0.4685187088815789 0.9955626370614036 0.5089946546052633 0.9964192708333335 0.5160618832236843 0.0018674616228070717
0 0.5179893092105263 0.007863898026315843 0.5134919819078947 0.9912794682017544 0.5359786184210527 0.9947060032894738 0.539833470394737 0.007007264254386019
0 0.5578227796052633 0.007007264254386019 0.5584652549342106 0.9964192708333335 0.5767758018092104 0.9996744791666666 0.5745271381578947 0.003580729166666721
0 0.588661595394737 0.004437362938596547 0.5783925967750148 0.9996744791666665 0.607935855263158 0.9964192708333335 0.6124331825657894 0.004437362938596547
0 0.627210115131579 0.00529399671052637 0.6143606085526316 0.9964192708333335 0.644556949013158 0.9947060032894738 0.649696751644737 0.0027240953947368965
0 0.6554790296052633 0.007007264254386019 0.648411800986842 0.9878529331140352 0.6739020096628286 0.9996744791666666 0.685032894736842 0.004437362938596547
0 0.6959549753289473 0.007863898026315843 0.6837479440789473 0.9964192708333335 0.709446957236842 0.9921361019736844 0.7197265625 0.007007264254386019
0 0.7505653782894737 0.20917283442982462 0.749280427631579 0.9947060032894738 0.7838823132048862 0.9996744791666666 0.7814041940789473 0.19889322916666674
0 0.8006784539473684 0.06097519188596496 0.7891160083467392 0.9996744791666666 0.8424393503289473 0.9996744791666666 0.8514340049342104 0.05754865679824567
0 0.855931332236842 0.00872053179824567 0.8456535039149569 0.9996744791666666 0.8983347039473684 0.9981325383771931 0.8964072779605263 0.009577165570175492
0 0.9041169819078947 0.0866742050438597 0.897692228618421 0.9869962993421053 0.9355982730263157 0.988709566885965 0.9426655016447367 0.07296806469298252
0 0.953587582236842 0.11151658442982461 0.9381681743421053 0.9904228344298246 0.9869962993421053 0.9981325383771931 0.9947060032894737 0.12607935855263164
