0 0.0001541940789473728 0.19461006030701763 0.0001541940789473728 0.8927665844298246 0.05090974506578949 0.896193119517544 0.05283717105263158 0.187756990131579
0 0.06632915296052633 0.24857798793859656 0.061831825657894746 0.8936232182017544 0.1100174753289474 0.8901966831140352 0.11451480263157898 0.24086828399122814
0 0.11387232730263158 0.20317639802631585 0.1100174753289474 0.8833436129385966 0.13957134046052633 0.8842002467105264 0.14149876644736842 0.19717996162280707
0 0.14149876644736842 0.14835183662280707 0.14021381578947367 0.8970497532894738 0.1684827302631579 0.896193119517544 0.1729800575657895 0.14321203399122812
0 0.18004728618421056 0.14835183662280707 0.16976768092105265 0.9030461896929826 0.21281352796052633 0.9021895559210528 0.21088610197368424 0.14321203399122812
0 0.21859580592105265 0.17233758223684217 0.21088610197368424 0.8901966831140352 0.23530016447368424 0.8876267817982457 0.24943462171052633 0.1629146107456141
0 0.24236739309210525 0.14149876644736847 0.2417249177631579 0.8859135142543861 0.2879831414473684 0.8979063870614036 0.2847707648026316 0.14835183662280707
0 0.29376541940789475 0.15520490679824567 0.28412828947368424 0.9056160910087719 0.3078998766447369 0.8996196546052633 0.3213918585526316 0.1569181743421053
0 0.3297440378289474 0.22630550986842113 0.3136821546052632 0.9124691611842106 0.34966077302631576 0.9124691611842106 0.3541581003289474 0.22202234100877202
0 0.3554430509868421 0.05926192434210532 0.3490182976973684 0.9167523300438597 0.3702199835526316 0.9124691611842106 0.37664473684210525 0.061831825657894794
0 0.3920641447368421 0.16891104714912286 0.3760022615131579 0.9176089638157895 0.4177631578947369 0.9176089638157895 0.42547286184210525 0.1569181743421053
0 0.4261153371710526 0.16120134320175444 0.4100534539473684 0.9141824287280702 0.4556692023026316 0.9167523300438597 0.4530993009868421 0.1663411458333334
0 0.4627364309210526 0.138928865131579 0.4447471217105264 0.9090426260964913 0.4922902960526316 0.9167523300438597 0.5006424753289473 0.12607935855263164
0 0.4993575246710526 0.12522272478070182 0.4929327713815789 0.9141824287280702 0.527626439144737 0.9193222313596493 0.5340511924342106 0.13635896381578952
0 0.5501130756578947 0.12950589364035092 0.526341488486842 0.9218921326754387 0.5655324835526316 0.9304584703947368 0.5848067434210527 0.1355023300438597 0.550755550986842 0.11922628837719303
0 0.5841642680921053 0.11751302083333338 0.5668174342105263 0.9407380756578948 0.5982987253289473 0.9330283717105264 0.6175729851973684 0.12350945723684216
0 0.623997738486842 0.10894668311403514 0.5982987253289473 0.9373115405701755 0.6477693256578947 0.9424513432017544 0.6580489309210527 0.10552014802631583
0 0.663831208881579 0.10380688048245619 0.6503392269736843 0.9355982730263159 0.6869603207236843 0.9321717379385966 0.6991673519736843 0.1072334155701755
0 0.7049496299342106 0.23058867872807023 0.6798930921052633 0.9330283717105264 0.700452302631579 0.929601836622807 0.7222964638157894 0.2357284813596492
0 0.7287212171052633 0.23058867872807023 0.7062345805921053 0.9218921326754387 0.746068050986842 0.9090426260964913 0.759560032894737 0.24258155153508779
0 0.7602025082236843 0.2288754111842106 0.733861019736842 0.9330283717105264 0.7659847861842104 0.9373115405701755 0.7852590460526316 0.2288754111842106
0 0.8038908305921053 0.06011855811403514 0.7724095394736841 0.9433079769736844 0.8450092516447367 0.9604406524122808 0.862998560855263 0.0549787554824562
0 0.8719932154605263 0.16034470942982462 0.8514340049342104 0.9407380756578948 0.880345394736842 0.9475911458333335 0.9086143092105263 0.16719777960526325
0 0.9150390625 0.14835183662280707 0.8861276726973684 0.9475911458333335 0.9426655016447367 0.9535875822368421 0.9555150082236841 0.1492084703947369
0 0.9593698601973684 0.16548451206140355 0.9388106496710527 0.9338850054824562 0.9677220394736841 0.939881441885965 0.997275904605263 0.16462787828947373
