0 0.018087635869565244 0.30256453804347827 0.0340098505434783 0.30256453804347827 0.10406759510869565 0.8460427989130435 0.08602241847826089 0.8460427989130435
0 0.0340098505434783 0.2997339221014493 0.06373131793478262 0.3011492300724638 0.12848165760869565 0.8389662590579711 0.10300611413043478 0.8403815670289855
0 0.052055027173913054 0.1978317481884058 0.12848165760869565 0.8304744112318841 0.16351052989130435 0.8333050271739131 0.09026834239130435 0.1978317481884058
0 0.08496093750000003 0.18650928442028988 0.166694972826087 0.841796875 0.19217051630434787 0.8432121829710145 0.11362092391304349 0.18650928442028988
0 0.13909646739130435 0.356346240942029 0.1560801630434783 0.35493093297101447 0.20172384510869565 0.8488734148550724 0.19004755434782608 0.8488734148550724
0 0.15289572010869565 0.2799196105072464 0.20278532608695657 0.8502887228260869 0.23144531250000003 0.8488734148550724 0.18261718750000003 0.2799196105072464
0 0.17943274456521743 0.22896852355072464 0.23356827445652176 0.8573652626811593 0.2802734375 0.8545346467391304 0.2271993885869565 0.22613790760869568
0 0.23038383152173916 0.19358582427536233 0.2834578804347826 0.8573652626811593 0.3163637907608695 0.8559499547101449 0.27602751358695654 0.18933990036231885
0 0.2834578804347826 0.22330729166666666 0.3163637907608695 0.8531193387681159 0.3567000679347826 0.8573652626811593 0.3195482336956521 0.22330729166666666
0 0.3206097146739131 0.20349298007246377 0.35457710597826086 0.8601958786231884 0.37686820652173914 0.8601958786231884 0.34608525815217395 0.2006623641304348
0 0.34608525815217395 0.18792459239130435 0.37686820652173914 0.8686877264492754 0.41295855978260865 0.8771795742753623 0.38536005434782605 0.19075520833333334
0 0.38536005434782605 0.163864356884058 0.4150815217391304 0.8800101902173912 0.4575407608695652 0.8800101902173912 0.4299422554347826 0.16103374094202902
0 0.45011039402173914 0.2997339221014493 0.46815557065217395 0.8531193387681159 0.5063688858695652 0.8545346467391304 0.4968155570652174 0.30256453804347827
0 0.49787703804347827 0.18226336050724637 0.5031844429347826 0.8842561141304347 0.5222911005434783 0.8842561141304347 0.515922214673913 0.1850939764492754
0 0.5191066576086957 0.1836786684782609 0.5254755434782609 0.9054857336956522 0.5520125679347826 0.8969938858695653 0.5435207201086957 0.1808480525362319
0 0.5477666440217391 0.24878283514492758 0.5541355298913043 0.9069010416666666 0.5743036684782609 0.9054857336956522 0.5732421875 0.2501981431159421
0 0.5753651494565217 0.2884114583333333 0.605086616847826 0.28982676630434784 0.6040251358695652 0.8941632699275363 0.5764266304347826 0.8941632699275363
0 0.6199473505434783 0.14405004528985513 0.6040251358695652 0.9139775815217391 0.662406589673913 0.9168081974637681 0.6815132472826086 0.14405004528985513
0 0.6762058423913043 0.2827502264492754 0.7229110054347826 0.2785043025362319 0.7059273097826086 0.8658571105072465 0.662406589673913 0.8658571105072465
0 0.727156929347826 0.19358582427536233 0.7122961956521738 0.9040704257246377 0.7430791440217391 0.9026551177536232 0.7611243206521738 0.19358582427536233
0 0.7706776494565217 0.19641644021739132 0.7420176630434783 0.9111469655797101 0.7685546875 0.9111469655797101 0.8003991168478259 0.19075520833333334
0 0.8014605978260869 0.24878283514492758 0.8195057744565217 0.24736752717391305 0.7855383831521738 0.8927479619565216 0.7706776494565217 0.8913326539855072
0 0.8396739130434783 0.14121942934782614 0.7950917119565217 0.922469429347826 0.8428583559782608 0.9295459692028986 0.8863790760869565 0.13414288949275366
0 0.8885020380434783 0.19217051630434787 0.9235309103260869 0.19075520833333334 0.8736413043478259 0.922469429347826 0.8428583559782608 0.919638813405797
0 0.9330842391304348 0.17660212862318844 0.8768257472826086 0.9309612771739131 0.9033627717391304 0.933791893115942 0.9606827445652173 0.17518682065217395
0 0.962805706521739 0.19500113224637683 0.9988960597826086 0.19217051630434787 0.9585597826086956 0.9352072010869565 0.9054857336956521 0.9309612771739131
