0 0.060546875 0.13807223135964916 0.045127467105263164 0.974146792763158 0.08817331414473684 0.9767166940789475 0.10166529605263158 0.12008292214912286
0 0.10295024671052633 0.13036252741228074 0.08046361019736842 0.9921361019736844 0.13571648848684215 0.9844263980263159 0.1466385690789474 0.13293242872807023
0 0.17041015625 0.1526350054824562 0.15434827302631582 0.9604406524122808 0.19996402138157898 0.9612972861842106 0.21795333059210525 0.14578193530701758
0 0.2173108552631579 0.14835183662280707 0.19418174342105265 0.9638671875000001 0.23465768914473684 0.9724335252192984 0.2507195723684211 0.138928865131579
0 0.2661389802631579 0.061831825657894794 0.23787006578947367 0.9707202576754387 0.27449115953947373 0.9664370888157895 0.2956928453947369 0.07725123355263164
0 0.30211759868421056 0.11751302083333338 0.27192125822368424 0.9621539199561404 0.3284590871710526 0.9681503563596493 0.3554430509868421 0.11237321820175444
0 0.34966077302631576 0.10552014802631583 0.3323139391447369 0.9672937225877195 0.3869243421052632 0.9792865953947368 0.39977384868421056 0.10894668311403514
0 0.4151932565789474 0.10980331688596497 0.3907791940789474 0.9792865953947368 0.43896484375000006 0.9775733278508772 0.46594880756578944 0.11237321820175444
0 0.47430098684210525 0.10894668311403514 0.44860197368421056 0.9544442160087719 0.49871504934210525 0.9630105537280702 0.5231291118421053 0.10552014802631583
0 0.5308388157894737 0.11579975328947373 0.5025699013157894 0.9535875822368421 0.5404759457236843 0.9570141173245615 0.5616776315789473 0.11237321820175444
0 0.5738846628289473 0.11065995065789479 0.546900699013158 0.9433079769736844 0.5822368421052633 0.9518743146929826 0.6105057565789473 0.11494311951754392
0 0.6233552631578947 0.11665638706140356 0.587376644736842 0.9458778782894738 0.6509817023026316 0.9484477796052633 0.6747532894736843 0.11579975328947373
0 0.6824629934210527 0.1072334155701755 0.6458418996710527 0.9535875822368421 0.717799136513158 0.9638671875000001 0.754420230263158 0.10637678179824567
0 0.7627724095394737 0.10466351425438603 0.724866365131579 0.9510176809210528 0.7891138980263157 0.9527309484649124 0.8128854851973684 0.10466351425438603
0 0.8148129111842104 0.10295024671052637 0.7833316200657894 0.9664370888157895 0.8495065789473684 0.9638671875000001 0.8719932154605263 0.09781044407894741
0 0.8719932154605263 0.11065995065789479 0.848864103618421 0.9518743146929826 0.8809878700657894 0.9518743146929826 0.9176089638157894 0.10552014802631583
0 0.9182514391447367 0.10894668311403514 0.885485197368421 0.9501610471491229 0.9214638157894737 0.9458778782894738 0.960654810855263 0.11922628837719303
