0 0.03259919819078949 0.13036252741228074 0.1312293852513313 0.9996744791666666 0.21249229029605263 0.9878529331140352 0.12061831825657895 0.138928865131579
0 0.1443899054276316 0.22202234100877202 0.22534179687500003 0.9912794682017544 0.25296823601973684 0.9869962993421053 0.18422337582236845 0.23144531250000008
0 0.18229594983552636 0.14492530153508779 0.2561806126644737 0.978429961622807 0.2947291324013158 0.9612972861842106 0.23048159950657895 0.13293242872807023
0 0.25296823601973684 0.2400116502192983 0.31014854029605265 0.9921361019736844 0.35062448601973684 0.9827131304824562 0.3024388363486842 0.2323019462719299
0 0.305651212993421 0.24600808662280707 0.3519094366776315 0.9844263980263159 0.38210577713815785 0.9835697642543861 0.34419973273026316 0.2288754111842106
0 0.34548468338815785 0.2117427357456141 0.3898154810855263 0.9775733278508772 0.4270790501644737 0.974146792763158 0.37953587582236836 0.2014631304824562
0 0.389173005756579 0.24857798793859656 0.4302914268092105 0.9690069901315791 0.4637001439144737 0.9655804550438597 0.43350380345394735 0.2537177905701755
0 0.4424984580592105 0.20660293311403513 0.4656275699013158 0.9621539199561404 0.5016061883223684 0.9647238212719299 0.46755499588815785 0.20488966557017552
0 0.4739797491776315 0.17062431469298253 0.4983938116776315 0.9698636239035089 0.5266627261513158 0.9630105537280702 0.5041760896381579 0.17062431469298253
0 0.5080309416118421 0.2006064967105264 0.5266627261513158 0.9501610471491229 0.5613563939144737 0.9493044133771931 0.5581440172697368 0.2006064967105264
0 0.5607139185855263 0.20917283442982462 0.5697085731907895 0.9441646107456142 0.610826994243421 0.9390248081140352 0.6044022409539473 0.20660293311403513
0 0.6101845189144737 0.21002946820175447 0.6133968955592105 0.9270319353070177 0.6390959087171052 0.9347416392543861 0.6429507606907895 0.20574629934210534
0 0.6448781866776315 0.1911835252192983 0.6416658100328947 0.9287452028508772 0.6802143297697368 0.925318667763158 0.6885665090460527 0.19974986293859656
0 0.6975611636513158 0.20231976425438603 0.6853541324013158 0.9141824287280702 0.7496016652960527 0.9193222313596493 0.7598812705592105 0.21859580592105268
0 0.769518400493421 0.20660293311403513 0.752171566611842 0.9270319353070177 0.7971448396381579 0.9158956962719299 0.8247712787828948 0.19889322916666674
0 0.8549676192434211 0.11922628837719303 0.8144916735197368 0.9193222313596493 0.8691020764802632 0.9141824287280702 0.9140753495065789 0.12693599232456146
