0 0.10391395970394737 0.14064213267543865 0.16430664062500003 0.925318667763158 0.2336939761513158 0.9330283717105264 0.20414011101973686 0.1286492598684211
0 0.2169896175986842 0.24086828399122814 0.2414036800986842 0.9330283717105264 0.2818796258223685 0.9330283717105264 0.23883377878289477 0.2323019462719299
0 0.2536107113486842 0.2811300712719299 0.2838070518092105 0.929601836622807 0.3191431949013158 0.929601836622807 0.29408665707236836 0.27770353618421056
0 0.317858244243421 0.2502912554824562 0.3397024054276315 0.9081859923245615 0.3743960731907895 0.9073293585526317 0.3641164679276315 0.251147889254386
0 0.3679713199013158 0.275990268640351 0.37375359786184215 0.9193222313596493 0.401380037006579 0.9167523300438597 0.4007375616776315 0.27256373355263164
0 0.4007375616776315 0.24857798793859656 0.4167994449013158 0.9381681743421053 0.46627004523026316 0.925318667763158 0.45920281661184215 0.25628769188596495
0 0.46048776726973684 0.2125993695175439 0.4598452919407895 0.9347416392543861 0.5041760896381579 0.9373115405701755 0.5176680715460527 0.23144531250000008
0 0.5202379728618421 0.31025561951754393 0.506103515625 0.9150390625000001 0.5215229235197368 0.9218921326754387 0.537584806743421 0.3171086896929825
0 0.5382272820723684 0.31539542214912286 0.5292326274671052 0.9415947094298246 0.5504343133223684 0.9407380756578948 0.5613563939144737 0.31539542214912286
0 0.5684236225328947 0.3222484923245615 0.5510767886513158 0.9338850054824562 0.5703510485197368 0.9364549067982457 0.5909102590460527 0.31539542214912286
0 0.5947651110197368 0.25286115679824567 0.5697085731907895 0.945021244517544 0.6198216488486842 0.9501610471491229 0.6538728412828947 0.25286115679824567
0 0.6506604646381579 0.2520045230263159 0.6249614514802632 0.9510176809210528 0.6641524465460527 0.9475911458333335 0.6885665090460527 0.2639973958333334
0 0.6994885896381579 0.2734203673245615 0.6744320518092105 0.9535875822368421 0.6982036389802632 0.9535875822368421 0.7386795847039473 0.2742770010964913
0 0.7418919613486842 0.3333847313596492 0.6988461143092105 0.9493044133771931 0.7386795847039473 0.9518743146929826 0.774658203125 0.34109443530701755
0 0.7900776110197368 0.299976014254386 0.7470317639802632 0.9801432291666669 0.7913625616776315 0.9707202576754387 0.8408331620065789 0.30425918311403516
0 0.8825940583881579 0.30682908442982465 0.8215589021381579 0.9698636239035089 0.8626773231907895 0.9724335252192984 0.9269248560855262 0.30340254934210537
0 0.9365619860197368 0.2982627467105264 0.8684596011513158 0.9844263980263159 0.9018683182565789 0.9818564967105264 0.9763954564144736 0.2982627467105264
