0 0.009470086348684237 0.30768571820175444 0.08206979851973686 0.925318667763158 0.12061831825657895 0.9321717379385966 0.057655736019736864 0.3008326480263159
0 0.08785207648026319 0.2734203673245615 0.13475277549342105 0.8987630208333335 0.1733012952302632 0.9098992598684211 0.12640059621710528 0.2717070997807018
0 0.1610942639802632 0.2785601699561404 0.19900030838815794 0.9133257949561404 0.254895662006579 0.9244620339912282 0.20157020970394737 0.27256373355263164
0 0.21441971628289477 0.24857798793859656 0.256823087993421 0.9184655975877195 0.2972990337171052 0.9124691611842106 0.2716000205592105 0.24857798793859656
0 0.2805946751644737 0.3436643366228071 0.293444181743421 0.9030461896929826 0.31978567023026316 0.9021895559210528 0.2972990337171052 0.3419510690789474
0 0.298583984375 0.3453776041666667 0.3165732935855263 0.9236054002192984 0.3326351768092105 0.9236054002192984 0.315930818256579 0.3445209703947369
0 0.317858244243421 0.35051740679824567 0.33456260279605265 0.9227487664473686 0.3621890419407895 0.9150390625000001 0.34676963404605265 0.3445209703947369 0.310791015625 0.3436643366228071
0 0.3416298314144737 0.2811300712719299 0.359619140625 0.9278885690789475 0.4058773643092105 0.9287452028508772 0.39302785773026316 0.2639973958333334
0 0.39688270970394735 0.29055304276315796 0.40651983963815785 0.9390248081140352 0.44185598273026316 0.9415947094298246 0.43221885279605265 0.27256373355263164
0 0.4424984580592105 0.299976014254386 0.44442588404605265 0.9347416392543861 0.4733372738486842 0.9373115405701755 0.46627004523026316 0.2914096765350878
0 0.4791195518092105 0.35651384320175444 0.4669125205592105 0.9347416392543861 0.5086734169407895 0.9441646107456142 0.518310546875 0.3659368146929825
0 0.5247353001644737 0.32396175986842113 0.5106008429276315 0.945021244517544 0.556859066611842 0.9424513432017544 0.5729209498355263 0.32139185855263164
0 0.5761333264802632 0.3231051260964913 0.561998869243421 0.9244620339912282 0.5857704564144737 0.9236054002192984 0.5909102590460527 0.32653166118421056
0 0.6050447162828947 0.33252809758771934 0.5870554070723684 0.9373115405701755 0.6307437294407895 0.939881441885965 0.647448087993421 0.334241365131579
0 0.6519454152960527 0.3171086896929825 0.6320286800986842 0.9424513432017544 0.6609400699013158 0.9433079769736844 0.689208984375 0.3188219572368422
0 0.7007735402960527 0.28369997258771934 0.6609400699013158 0.9647238212719299 0.7001310649671052 0.9647238212719299 0.743176912006579 0.29654947916666674
0 0.7650210731907895 0.22116570723684217 0.7020584909539473 0.9895662006578948 0.720690275493421 0.9929927357456142 0.781725431743421 0.22202234100877202
0 0.7920050370065789 0.21345600328947376 0.7232601768092105 0.9964192708333335 0.738037109375 0.9955626370614036 0.8042120682565789 0.22116570723684217
0 0.8042120682565789 0.2879831414473685 0.7463892886513158 0.9750034265350878 0.7733732524671052 0.9775733278508772 0.8241288034539475 0.2956928453947369
0 0.8305535567434211 0.3582271107456141 0.7740157277960527 0.9827131304824562 0.7958598889802632 0.9861396655701755 0.8568950452302632 0.3590837445175439
0 0.8710295024671052 0.3376679002192983 0.8016421669407895 0.9775733278508772 0.8466154399671052 0.9912794682017544 0.9160027754934211 0.33167146381578955
0 0.9346345600328948 0.30511581688596495 0.8639622738486842 0.9964192708333335 0.9282098067434211 0.9989891721491229 0.999755859375 0.39164268092105314
