0 0.09106445312500003 0.18861362390350886 0.16751901726973686 0.8953364857456142 0.2073524876644737 0.9004762883771931 0.1321828741776316 0.17405084978070182
0 0.15209960937500003 0.2639973958333334 0.20606753700657895 0.8884834155701755 0.23754882812500003 0.8867701480263159 0.1733012952302632 0.2597142269736843
0 0.1733012952302632 0.25628769188596495 0.23883377878289477 0.8987630208333335 0.27224249588815796 0.8884834155701755 0.20799496299342105 0.24686472039473692
0 0.2073524876644737 0.1500651041666667 0.2728849712171053 0.9013329221491229 0.3133609169407895 0.891053316885965 0.24268863075657895 0.14321203399122812
0 0.2523257606907895 0.18176055372807023 0.31978567023026316 0.9030461896929826 0.342272306743421 0.8850568804824562 0.2825221011513158 0.18261718750000008
0 0.293444181743421 0.19717996162280707 0.340344880756579 0.8893400493421053 0.38596062911184215 0.8893400493421053 0.335205078125 0.1869003563596492
0 0.342272306743421 0.18947025767543868 0.3949552837171052 0.880773711622807 0.44571083470394735 0.8687808388157895 0.4000950863486842 0.17405084978070182
0 0.4630576685855263 0.0763945997807018 0.476549650493421 0.9004762883771931 0.567138671875 0.9081859923245615 0.537584806743421 0.0763945997807018
0 0.5697085731907895 0.08153440241228076 0.5709935238486842 0.9184655975877195 0.6429507606907895 0.9141824287280702 0.6345985814144737 0.07468133223684216
0 0.654515316611842 0.0695415296052632 0.6429507606907895 0.8816303453947368 0.706555818256579 0.9124691611842106 0.725830078125 0.07039816337719303
0 0.725830078125 0.15520490679824567 0.706555818256579 0.8901966831140352 0.7296849300986842 0.8901966831140352 0.7534565172697368 0.13464569627192988
0 0.7727307771381579 0.06011855811403514 0.7348247327302632 0.9141824287280702 0.7810829564144737 0.9141824287280702 0.8215589021381579 0.06268845942982461
0 0.8189890008223685 0.17233758223684217 0.7778705797697368 0.8876267817982457 0.8067819695723685 0.8850568804824562 0.8459729646381579 0.17405084978070182
0 0.8485428659539475 0.17833401864035095 0.8048545435855262 0.8713507401315791 0.8401906866776315 0.8790604440789475 0.8915887129934211 0.15948807565789477
0 0.8960860402960525 0.14835183662280707 0.8434030633223685 0.8730640076754387 0.8652472245065789 0.8730640076754387 0.9282098067434211 0.14492530153508779
0 0.9333496093749999 0.1911835252192983 0.8671746504934211 0.8850568804824562 0.9089355468749999 0.880773711622807 0.9706131784539475 0.18861362390350886
