0 0.009470086348684237 0.09438390899122812 0.006900185032894746 0.9835697642543861 0.05572831003289477 0.9921361019736844 0.05187345805921054 0.10209361293859655
0 0.05894068667763161 0.2785601699561404 0.07436009457236845 0.9921361019736844 0.11162366365131579 0.9929927357456142 0.09620425575657895 0.28369997258771934
0 0.12640059621710528 0.2811300712719299 0.1385037378394457 0.9996744791666666 0.16494911595394737 0.9996744791666666 0.1559544613486842 0.2682805646929825
0 0.1803685238486842 0.012147066885964966 0.1855083264802632 0.9989891721491229 0.18982576069078916 0.9996744791666666 0.22277189555921054 0.993849369517544 0.21249229029605263 0.01728686951754391
0 0.23690635279605263 0.1423554002192983 0.23112407483552636 0.993849369517544 0.2910394883693606 0.9996744791666666 0.2889468544407895 0.138928865131579
0 0.30051141036184215 0.1492084703947369 0.2947291324013158 0.9929927357456142 0.335205078125 0.9972759046052633 0.3339201274671052 0.14492530153508779
0 0.34548468338815785 0.18861362390350886 0.342272306743421 0.9981325383771931 0.39174290707236836 0.9955626370614036 0.38724557976973684 0.19889322916666674
0 0.39559775904605265 0.13978549890350883 0.3923860223169821 0.9996744791666666 0.42386667351973684 0.9996744791666666 0.4245091488486842 0.14492530153508779
0 0.47012489720394735 0.16205797697368426 0.46883994654605265 0.993849369517544 0.5240928248355263 0.9955626370614036 0.5240928248355263 0.1637712445175439
0 0.5401547080592105 0.15777480811403513 0.5485068873355263 0.9955626370614036 0.605687191611842 0.9955626370614036 0.593480160361842 0.14406866776315794
0 0.605687191611842 0.16034470942982462 0.6076146175986842 0.9929927357456142 0.6551577919407895 0.9964192708333335 0.6506604646381579 0.1663411458333334
0 0.6564427425986842 0.1869003563596492 0.6590126439144737 0.9972759046052633 0.7093827097039468 0.9996744791666666 0.6853541324013158 0.2006064967105264
0 0.6924213610197368 0.1355023300438597 0.714110721061697 0.9996744791666666 0.7534565172697368 0.9996744791666666 0.7303274054276315 0.1286492598684211
0 0.738037109375 0.13721559758771937 0.752171566611842 0.9989891721491229 0.7997147409539475 0.9989891721491229 0.7855802837171052 0.1423554002192983
0 0.7920050370065789 0.13807223135964916 0.795207225737279 0.9996744791666666 0.8389057360197368 0.9981325383771931 0.8266987047697368 0.14406866776315794
0 0.8318385074013158 0.19546669407894746 0.845241970486111 0.9996744791666666 0.8768117804276315 0.9996744791666666 0.8658896998355262 0.19889322916666674
0 0.8825940583881579 0.19546669407894746 0.8941586143092105 0.9955626370614036 0.9269248560855262 0.9972759046052633 0.9205001027960525 0.19289679276315796
