0 0.009595788043478298 0.09876019021739135 0.117866847826087 0.9762511322463768 0.09876019021739132 0.9776664402173912 4.2459239130460125e-05 0.17094089673913046
0 0.07116168478260873 0.9479449728260869 0.09557574728260873 0.9479449728260869 0.0011039402173913249 0.18650928442028988 0.0021654211956521896 0.451171875
0 0.013841711956521757 0.10017549818840583 0.04037873641304349 0.09592957427536236 0.1454653532608696 0.9720052083333334 0.11998980978260873 0.9734205163043478
0 0.06054687500000003 0.18226336050724637 0.14440387228260873 0.9422837409420289 0.18261718750000003 0.9436990489130435 0.10619055706521743 0.18933990036231885
0 0.10300611413043478 0.2657665307971015 0.1804942255434783 0.9606827445652174 0.20703125000000003 0.9550215126811593 0.13909646739130435 0.258689990942029
0 0.13697350543478262 0.22755321557971017 0.2080927309782609 0.9479449728260869 0.2611667798913043 0.9422837409420289 0.2049082880434783 0.2190613677536232
0 0.20596976902173916 0.19358582427536233 0.2675356657608696 0.9705899003623188 0.3354704483695652 0.9649286684782609 0.29407269021739124 0.1978317481884058
0 0.30681046195652173 0.2218919836956522 0.3450237771739131 0.9748358242753623 0.3970363451086957 0.9663439764492754 0.3747452445652174 0.21764605978260873
0 0.3906674592391304 0.1794327445652174 0.40446671195652173 0.9507755887681159 0.44374150815217395 0.9521908967391304 0.44268002717391297 0.18226336050724637
0 0.451171875 0.1992470561594203 0.4479874320652174 0.9168081974637681 0.4724014945652174 0.9139775815217391 0.48301630434782605 0.2020776721014493
0 0.48301630434782605 0.255859375 0.4724014945652174 0.9139775815217391 0.4936311141304348 0.9139775815217391 0.5084918478260869 0.26293591485507245
0 0.5084918478260869 0.261520606884058 0.5350288722826086 0.261520606884058 0.5127377717391304 0.8913326539855072 0.4936311141304348 0.8927479619565216
0 0.5350288722826086 0.2204766757246377 0.5137992527173912 0.9139775815217391 0.5329059103260869 0.9153928894927535 0.5594429347826086 0.22755321557971017
0 0.556258491847826 0.2969033061594203 0.6008406929347826 0.2969033061594203 0.5679347826086957 0.9139775815217391 0.5339673913043478 0.9125622735507246
0 0.6125169836956521 0.1836786684782609 0.5700577445652174 0.9550215126811593 0.6061480978260869 0.9507755887681159 0.6592221467391304 0.18650928442028988
0 0.6517917798913043 0.2954879981884058 0.7059273097826086 0.3011492300724638 0.6475458559782609 0.9323765851449276 0.6082710597826086 0.9366225090579711
0 0.751570991847826 0.00818048007246381 0.662406589673913 0.9889889039855072 0.7536939538043478 0.9946501358695653 0.890625 0.006765172101449317
0 0.8598420516304348 0.17235620471014493 0.8874405570652173 0.17377151268115942 0.7791694972826086 0.9776664402173912 0.7558169157608695 0.9734205163043478
0 0.8916864809782608 0.18226336050724637 0.9277768342391304 0.18226336050724637 0.8099524456521738 0.9691745923913043 0.7791694972826086 0.9635133605072465
