0 0.04609118009868421 0.1869003563596492 0.08849455180921054 0.9201788651315791 0.13282534950657895 0.9116125274122808 0.09234940378289477 0.19546669407894746
0 0.10262900904605263 0.2014631304824562 0.1366802014802632 0.9167523300438597 0.18936317845394737 0.9218921326754387 0.16302168996710528 0.2040330317982457
0 0.1733012952302632 0.2006064967105264 0.19900030838815794 0.9021895559210528 0.25296823601973684 0.9116125274122808 0.2317665501644737 0.20231976425438603
0 0.24718595805921054 0.17576411732456146 0.26389031661184215 0.906472724780702 0.29922645970394735 0.9013329221491229 0.2850920024671053 0.16805441337719307
0 0.2972990337171052 0.17062431469298253 0.3082211143092105 0.9090426260964913 0.352551912006579 0.910755893640351 0.3339201274671052 0.16891104714912286
0 0.3397024054276315 0.21688253837719307 0.3538368626644737 0.9039028234649124 0.3827482524671052 0.9056160910087719 0.37246864720394735 0.2108861019736843
0 0.38339072779605265 0.16805441337719307 0.3885305304276315 0.9013329221491229 0.4424984580592105 0.9090426260964913 0.438001130756579 0.17405084978070182
0 0.4508506373355263 0.17747738486842113 0.44571083470394735 0.896193119517544 0.49453895970394735 0.9047594572368421 0.5016061883223684 0.1766207510964913
0 0.5099583675986842 0.09609717653508777 0.4983938116776315 0.910755893640351 0.5459369860197368 0.9218921326754387 0.560071443256579 0.09781044407894741
0 0.5735634251644737 0.09524054276315795 0.5485068873355263 0.9321717379385966 0.5973350123355263 0.9244620339912282 0.6275313527960527 0.09609717653508777
0 0.6223915501644737 0.19717996162280707 0.6018323396381579 0.9270319353070177 0.645520662006579 0.9244620339912282 0.6615825452302632 0.2151692708333334
0 0.6686497738486842 0.21002946820175447 0.6410233347039473 0.9227487664473686 0.6859966077302632 0.9218921326754387 0.706555818256579 0.21431263706140358
0 0.7303274054276315 0.014716968201754438 0.6853541324013158 0.9630105537280702 0.7296849300986842 0.9715768914473686 0.7740157277960527 0.01643023574561409
0 0.7900776110197368 0.00529399671052637 0.7348247327302632 0.9750034265350878 0.7727307771381579 0.9750034265350878 0.8363358347039475 0.00872053179824567
0 0.8646047491776315 0.18947025767543868 0.8061394942434211 0.9176089638157895 0.8485428659539475 0.910755893640351 0.9179302014802632 0.19204015899122814
0 0.9282098067434211 0.15777480811403513 0.8498278166118421 0.910755893640351 0.8793816817434211 0.9081859923245615 0.9635459498355262 0.15177837171052636
0 0.9763954564144736 0.15177837171052636 0.8748843544407895 0.9098992598684211 0.9166452508223685 0.9176089638157895 0.999755859375 0.2157860471491233
