0 0.012682462993421073 0.2125993695175439 0.06600791529605263 0.9912794682017544 0.12254574424342105 0.9972759046052633 0.08335474917763161 0.1911835252192983
0 0.08913702713815794 0.21345600328947376 0.12640059621710528 0.9989891721491229 0.17844109786184212 0.9964192708333335 0.1463173314144737 0.20574629934210534
0 0.15145713404605263 0.12265282346491234 0.1757478213030983 0.9996744791666666 0.2343364514802632 0.9972759046052633 0.2092799136513158 0.11494311951754392
0 0.2169896175986842 0.12950589364035092 0.23554468302534834 0.9996744791666666 0.28830437911184215 0.9996744791666666 0.27224249588815796 0.12693599232456146
0 0.286376953125 0.2571443256578948 0.29403190316117284 0.9996744791666666 0.330065275493421 0.9989891721491229 0.3255679481907895 0.25543105811403516
0 0.3255679481907895 0.24600808662280707 0.33070775082236836 0.9947060032894738 0.36732884457236836 0.9989891721491229 0.36732884457236836 0.24686472039473692
0 0.36989874588815785 0.05155222039473689 0.36732884457236836 0.9878529331140352 0.41165964226973684 0.9981325383771931 0.42258172286184215 0.05326548793859654
0 0.4373586554276315 0.03184964364035093 0.4193693462171052 0.993849369517544 0.4733372738486842 0.9792865953947368 0.4829744037828947 0.03356291118421058
0 0.4964663856907895 0.22116570723684217 0.46048776726973684 0.9981325383771931 0.49196905838815785 0.9955626370614036 0.5189530222039473 0.2323019462719299
0 0.5260202508223684 0.22202234100877202 0.4913265830592105 0.9904228344298246 0.513170744243421 0.9981325383771931 0.554931640625 0.2151692708333334
0 0.5555741159539473 0.22716214364035095 0.519001688109263 0.9996744791666666 0.567138671875 0.9996744791666666 0.6082570929276315 0.2254488760964913
0 0.623034025493421 0.19889322916666674 0.5684236225328947 0.9955626370614036 0.6076146175986842 0.9972759046052633 0.6692922491776315 0.19803659539473692 0.6223915501644737 0.19032689144736847
0 0.6725046258223684 0.2014631304824562 0.6146818462171052 0.9981325383771931 0.6442357113486842 0.9972759046052633 0.7091257195723684 0.20488966557017552
0 0.7367521587171052 0.12008292214912286 0.6583701685855263 0.9947060032894738 0.694348787006579 0.9955626370614036 0.7733732524671052 0.13464569627192988
0 0.7849378083881579 0.13036252741228074 0.697750179008662 0.9996744791666666 0.7463892886513158 0.9996744791666666 0.8177040501644736 0.1286492598684211
0 0.9307797080592105 0.12693599232456146 0.8138491981907895 0.993849369517544 0.8549676192434211 0.9921361019736844 0.9629034745065789 0.12522272478070182
0 0.9718981291118421 0.12950589364035092 0.8556100945723685 0.9964192708333335 0.8915887129934211 0.9955626370614036 0.999755859375 0.1562328673245624
0 0.8408331620065789 0.23058867872807023 0.764378597861842 0.9921361019736844 0.7939324629934211 0.9955626370614036 0.8723144531249999 0.22287897478070182
