0 0.033241673519736864 0.2597142269736843 0.06279553865131579 0.9964192708333335 0.12768554687500003 0.9929927357456142 0.09620425575657895 0.2537177905701755
0 0.10648386101973686 0.27256373355263164 0.1321828741776316 0.9981325383771931 0.19129060444078946 0.9921361019736844 0.1610942639802632 0.27684690241228077
0 0.1688039679276316 0.14578193530701758 0.19900030838815794 0.9869962993421053 0.2683876439144737 0.9861396655701755 0.2317665501644737 0.1355023300438597
0 0.256823087993421 0.1286492598684211 0.2645327919407895 0.9518743146929826 0.3024388363486842 0.9544442160087719 0.2889468544407895 0.12779262609649128
0 0.29665655838815785 0.28284333881578955 0.3146458675986842 0.9801432291666669 0.3519094366776315 0.9835697642543861 0.3217130962171052 0.2845566063596492
0 0.35640676398026316 0.29397957785087725 0.37118369654605265 0.9852830317982457 0.4058773643092105 0.9758600603070177 0.378893400493421 0.28027343750000006
0 0.3814633018092105 0.2682805646929825 0.39431280838815785 0.9912794682017544 0.4245091488486842 0.9844263980263159 0.4097322162828947 0.2674239309210527
0 0.4148720189144737 0.030993009868421104 0.4251516241776315 0.9964192708333335 0.4637001439144737 0.9964192708333335 0.4412135074013158 0.03955934758771935
0 0.452135587993421 0.1500651041666667 0.462415193256579 0.9912794682017544 0.5110680977123198 0.9996744791666666 0.5163831208881579 0.1500651041666667
0 0.5208804481907895 0.14492530153508779 0.5176680715460527 0.9921361019736844 0.5594289679276315 0.9964192708333335 0.5504343133223684 0.14578193530701758
0 0.569066097861842 0.20231976425438603 0.5652112458881579 0.9955626370614036 0.6044022409539473 0.9964192708333335 0.5999049136513158 0.19546669407894746
0 0.6538728412828947 0.17148094846491235 0.645520662006579 0.9861396655701755 0.6750745271381579 0.9989891721491229 0.6795718544407895 0.1791906524122808
0 0.6917788856907895 0.1791906524122808 0.6782869037828947 0.9981325383771931 0.7290424547697368 0.9989891721491229 0.727757504111842 0.1800472861842106
0 0.750244140625 0.17233758223684217 0.7708033511513158 0.993849369517544 0.8222013774671052 0.993849369517544 0.8029271175986842 0.15092173793859653
0 0.8177040501644736 0.16805441337719307 0.8292662240966651 0.9996744791666666 0.8742418791118421 0.9996744791666666 0.8498278166118421 0.15434827302631585
0 0.8639622738486842 0.2006064967105264 0.8755268297697368 0.993849369517544 0.9025341563247604 0.9996744791666666 0.8999408922697368 0.19546669407894746
0 0.8948010896381579 0.14406866776315794 0.9140753495065789 0.993849369517544 0.9577636718749999 0.9981325383771931 0.9417017886513158 0.14321203399122812
0 0.9487690172697368 0.13207579495614039 0.9590486225328948 0.9955626370614036 0.9937422902960525 0.9972759046052633 0.9866750616776315 0.12693599232456146
