0 0.032948369565217406 0.2785043025362319 0.030825407608695676 0.9677592844202899 0.07434612771739132 0.9663439764492754 0.07434612771739132 0.28416553442028986
0 0.07116168478260873 0.27567368659420294 0.07434612771739132 0.9748358242753623 0.10088315217391305 0.9734205163043478 0.09982167119565219 0.27567368659420294
0 0.09982167119565219 0.1808480525362319 0.10512907608695657 0.9833276721014492 0.15501868206521743 0.9819123641304347 0.14758831521739132 0.18650928442028988
0 0.17837126358695657 0.945114356884058 0.1624490489130435 0.2770889945652174 0.1836786684782609 0.2770889945652174 0.20596976902173916 0.9465296648550724
0 0.18261718750000003 0.261520606884058 0.21446161684782608 0.26293591485507245 0.24418308423913046 0.9592674365942028 0.2080927309782609 0.9705899003623188
0 0.2187075407608696 0.2077389039855073 0.24736752717391305 0.9507755887681159 0.2739045516304348 0.9493602807971014 0.24949048913043478 0.21056951992753625
0 0.25692085597826086 0.2077389039855073 0.2866423233695652 0.9578521286231884 0.31848675271739124 0.9564368206521738 0.2919497282608695 0.21198482789855075
0 0.3015030570652174 0.31105638586956524 0.3354704483695652 0.31105638586956524 0.35245414402173914 0.9267153532608696 0.3227326766304348 0.9309612771739131
0 0.3322860054347826 0.3167176177536232 0.36094599184782605 0.3167176177536232 0.38005264945652173 0.9408684329710145 0.35563858695652173 0.945114356884058
0 0.35776154891304346 0.29265738224637683 0.37686820652173914 0.28982676630434784 0.40340523097826086 0.9493602807971014 0.3811141304347826 0.9507755887681159
0 0.37899116847826086 0.2954879981884058 0.40658967391304346 0.9592674365942028 0.42781929347826086 0.9536062047101449 0.40340523097826086 0.2884114583333333
0 0.40128226902173914 0.28982676630434784 0.4458644701086957 0.2884114583333333 0.4660326086956521 0.9550215126811593 0.42781929347826086 0.9592674365942028
0 0.4458644701086957 0.29124207427536236 0.4692170516304348 0.9620980525362319 0.4883237092391304 0.9578521286231884 0.4660326086956521 0.29124207427536236
0 0.4692170516304348 0.3096410778985507 0.49150815217391297 0.9734205163043478 0.5467051630434783 0.9691745923913043 0.5254755434782609 0.31105638586956524
0 0.5275985054347826 0.29124207427536236 0.5520125679347826 0.9804970561594203 0.6061480978260869 0.9748358242753623 0.5859799592391304 0.28982676630434784
0 0.5870414402173912 0.3096410778985507 0.6093325407608695 0.9748358242753623 0.662406589673913 0.9819123641304347 0.6422384510869565 0.3011492300724638
0 0.6432999320652174 0.19641644021739132 0.6655910326086957 0.9819123641304347 0.7292798913043478 0.9734205163043478 0.711234714673913 0.19358582427536233
0 0.7239724864130435 0.17518682065217395 0.7367102581521738 0.9833276721014492 0.7674932065217391 0.9875735960144927 0.7526324728260869 0.19358582427536233
0 0.7526324728260869 0.31954823369565216 0.7802309782608695 0.32237884963768115 0.7961531929347825 0.9762511322463768 0.7674932065217391 0.9734205163043478
0 0.7738620923913043 0.3124716938405797 0.7972146739130435 0.3096410778985507 0.8110139266304348 0.9536062047101449 0.7940302309782608 0.9564368206521738
0 0.7993376358695652 0.3266247735507246 0.8333050271739131 0.3266247735507246 0.8471042798913042 0.9705899003623188 0.816321331521739 0.9720052083333334
0 0.8333050271739131 0.3096410778985507 0.8481657608695652 0.9804970561594203 0.8863790760869565 0.9861582880434782 0.8693953804347825 0.30822576992753625
0 0.8927479619565217 0.10300611413043483 0.8991168478260869 0.9960654438405797 0.9330842391304348 0.9960654438405797 0.9224694293478259 0.10442142210144932
0 0.9203464673913042 0.2006623641304348 0.9744819972826086 0.20349298007246377 0.9744819972826086 0.9932348278985508 0.9320227581521738 0.9974807518115942
0 0.9734205163043479 0.21056951992753625 0.9988960597826086 0.2148154438405797 0.9967730978260869 0.9960654438405797 0.9755434782608696 0.9918195199275361
