0 0.07371761924342105 0.20574629934210534 0.08463969983552636 0.9407380756578948 0.11740594161184212 0.9433079769736844 0.10005910773026319 0.2014631304824562
0 0.11226613898026319 0.19461006030701763 0.13089792351973686 0.9467345120614036 0.16430664062500003 0.9415947094298246 0.15081465871710528 0.2125993695175439
0 0.1610942639802632 0.30425918311403516 0.17715614720394737 0.9141824287280702 0.19835783305921054 0.9116125274122808 0.19000565378289477 0.30425918311403516
0 0.2073524876644737 0.28626987390350883 0.2214869449013158 0.9373115405701755 0.24782843338815794 0.9373115405701755 0.22791169819078946 0.2785601699561404
0 0.23048159950657895 0.27256373355263164 0.25296823601973684 0.9364549067982457 0.27738229851973684 0.9484477796052633 0.256823087993421 0.27256373355263164
0 0.26132041529605265 0.27684690241228077 0.281237150493421 0.9484477796052633 0.31014854029605265 0.9484477796052633 0.29665655838815785 0.2785601699561404
0 0.29794150904605265 0.27684690241228077 0.31143349095394735 0.9630105537280702 0.3287803248355263 0.9587273848684211 0.3191431949013158 0.28198670504385975
0 0.3165732935855263 0.29397957785087725 0.33327765213815785 0.9578707510964913 0.38082082648026316 0.9672937225877195 0.3692562705592105 0.2888397752192983
0 0.38082082648026316 0.2871265076754387 0.3776084498355263 0.9698636239035089 0.44185598273026316 0.9724335252192984 0.43478875411184215 0.2699938322368422
0 0.43093390213815785 0.30425918311403516 0.44442588404605265 0.9758600603070177 0.4964663856907895 0.9732901589912282 0.4829744037828947 0.2956928453947369
0 0.4951814350328947 0.1809039199561404 0.5067459909539473 0.974146792763158 0.5774182771381579 0.9818564967105264 0.5626413445723684 0.1663411458333334
0 0.5787032277960527 0.17233758223684217 0.5761333264802632 0.9852830317982457 0.593480160361842 0.9852830317982457 0.6133968955592105 0.16719777960526325 0.5806306537828947 0.1637712445175439
0 0.6378109580592105 0.31796532346491235 0.642308285361842 0.9707202576754387 0.6622250205592105 0.9707202576754387 0.6583701685855263 0.30682908442982465
0 0.6615825452302632 0.31539542214912286 0.6622250205592105 0.9750034265350878 0.6956337376644737 0.9844263980263159 0.684069181743421 0.30682908442982465
0 0.694348787006579 0.30682908442982465 0.703343441611842 0.9827131304824562 0.7296849300986842 0.9912794682017544 0.7245451274671052 0.3008326480263159
0 0.7367521587171052 0.08496093750000006 0.7361145795756089 0.9996744791666669 0.7656635485197368 0.9996744791666666 0.7688759251644737 0.08239103618421058
0 0.7830103824013158 0.19546669407894746 0.7715338442420302 0.9996744791666666 0.8132067228618421 0.9996744791666666 0.8234863281249999 0.19803659539473692
0 0.8228438527960525 0.19974986293859656 0.8202739514802632 0.9989891721491229 0.8620348478618421 0.9947060032894738 0.8620348478618421 0.18861362390350886
0 0.8761693050986842 0.2537177905701755 0.8684596011513158 0.9912794682017544 0.9070081208881579 0.9981325383771931 0.9070081208881579 0.25885759320175444
