0 0.07328464673913046 0.9904042119565216 0.03188688858695654 0.2148154438405797 0.0 0.2148154438405797 0.018087635869565244 0.9946501358695653
0 0.04144021739130435 0.2417062952898551 0.07540760869565219 0.9946501358695653 0.1072520380434783 0.9904042119565216 0.07434612771739132 0.23887567934782608
0 0.07540760869565219 0.2417062952898551 0.1072520380434783 0.9875735960144927 0.13378906250000003 0.9847429800724637 0.10831351902173916 0.24029098731884058
0 0.12635869565217392 0.40163609601449274 0.15183423913043478 0.40163609601449274 0.17200237771739132 0.9649286684782609 0.15077275815217392 0.9663439764492754
0 0.14758831521739132 0.2714277626811594 0.17412533967391305 0.9663439764492754 0.19853940217391305 0.9663439764492754 0.17412533967391305 0.27567368659420294
0 0.17730978260869565 0.2714277626811594 0.19960088315217392 0.9748358242753623 0.22507642663043478 0.9734205163043478 0.19960088315217392 0.26859714673913043
0 0.191109035326087 0.15678781702898553 0.22613790760869565 0.9988960597826088 0.2802734375 0.9974807518115942 0.25692085597826086 0.15537250905797104
0 0.2654127038043479 0.18650928442028988 0.28451936141304346 0.9988960597826088 0.32167119565217395 0.9960654438405797 0.30681046195652173 0.18650928442028988
0 0.3099949048913043 0.1850939764492754 0.3237941576086957 0.9974807518115942 0.3662533967391304 0.9946501358695653 0.36094599184782605 0.18933990036231885
0 0.3598845108695652 0.15395720108695657 0.3672968910196795 0.9996744791666666 0.41295855978260865 0.9974807518115942 0.4108355978260869 0.15678781702898553
0 0.4118970788043478 0.23887567934782608 0.41614300271739124 0.9635133605072465 0.4724014945652174 0.9677592844202899 0.47664741847826086 0.24453691123188406
0 0.47664741847826086 0.163864356884058 0.4724014945652174 0.9904042119565216 0.5233525815217391 0.9847429800724637 0.5360903532608695 0.166694972826087
0 0.5350288722826086 0.264351222826087 0.5286599864130435 0.9592674365942028 0.6114555027173912 0.9606827445652174 0.6231317934782609 0.26293591485507245
0 0.6284391983695652 0.17235620471014493 0.6125169836956521 0.9536062047101449 0.6432999320652174 0.9550215126811593 0.6613451086956521 0.17235620471014493
0 0.6687754755434783 0.13980412137681164 0.6486073369565217 0.9620980525362319 0.7154806385869565 0.9649286684782609 0.7335258152173912 0.13555819746376815
0 0.7388332201086956 0.13697350543478265 0.7176036005434783 0.9677592844202899 0.7674932065217391 0.9691745923913043 0.7993376358695652 0.13838881340579715
0 0.7982761548913042 0.17235620471014493 0.8290591032608696 0.1794327445652174 0.8046450407608696 0.9479449728260869 0.7696161684782609 0.9479449728260869
0 0.8322435461956521 0.18226336050724637 0.8035835597826086 0.945114356884058 0.8364894701086956 0.9366225090579711 0.8693953804347825 0.18226336050724637
0 0.8662109375 0.2742583786231884 0.8916864809782608 0.2785043025362319 0.8555961277173914 0.9267153532608696 0.8364894701086956 0.9267153532608696
0 0.8916864809782608 0.253028759057971 0.8587805706521738 0.9323765851449276 0.890625 0.9323765851449276 0.9224694293478259 0.253028759057971
