0 0.04504064611486486 0.27609445382882875 0.07011454814189189 0.9843222128378377 0.12224187077702703 0.989600929054054 0.09122941300675674 0.2901710304054054
0 0.09782780827702703 0.15820312499999997 0.11960251266891891 0.9860817849099098 0.17832823057432434 0.9790434966216215 0.1578732052364865 0.16700098536036032
0 0.16711095861486486 0.1617222691441441 0.17634871199324326 0.9684860641891891 0.22187763935810811 0.9966392173423423 0.21395956503378377 0.16348184121621614
0 0.22055796030405406 0.14060740427927923 0.22781619510135137 0.9983987894144143 0.2845623944256757 0.9983987894144143 0.2707057643581081 0.14588612049549546
0 0.28060335726351354 0.27609445382882875 0.2885214315878379 0.9957594313063063 0.3215134079391892 0.9948796452702702 0.31953388935810806 0.2646572353603603
0 0.3215134079391892 0.2602583051801801 0.3188757759273468 0.9996744791666665 0.35582506334459457 0.9983987894144143 0.3584644214527027 0.26817637950450446
0 0.36242345861486486 0.26817637950450446 0.3637431376689189 0.9948796452702702 0.39079655827702703 0.9975190033783784 0.3973949535472973 0.27257530968468463
0 0.40201383023648646 0.17843820382882877 0.3921162373310811 0.9957594313063063 0.43632548564189194 0.9939998592342342 0.45084195523648646 0.17843820382882877
0 0.46073954814189194 0.21450943130630626 0.44160420185810806 0.9904807150900901 0.4957110430743243 0.9975190033783784 0.49637088260135137 0.20835092905405403
0 0.5016495988175675 0.24530194256756752 0.48779296875000006 0.9737647804054053 0.51220703125 0.9764041385135135 0.5313423775337838 0.2373838682432432
0 0.5432194890202702 0.2391434403153153 0.5135267103040542 0.9825626407657656 0.5399202913851351 0.988721143018018 0.5636745143581081 0.2347445101351351
0 0.5781909839527026 0.2672965934684684 0.5663138724662162 0.964966920045045 0.5979861697635136 0.9702456362612613 0.6270191089527026 0.2672965934684684
0 0.6362568623310811 0.27433488175675674 0.5999656883445945 0.9711254222972973 0.6369167018581081 0.9781637105855855 0.6619906038851351 0.27257530968468463
0 0.6718881967905406 0.1564435529279279 0.6421954180743243 0.9808030686936936 0.7035604940878379 0.988721143018018 0.7345729518581081 0.1520446227477477
0 0.7385319890202702 0.1960339245495495 0.7088392103040542 0.9869615709459459 0.7358926309121621 0.9878413569819818 0.7761428420608107 0.1960339245495495
0 0.7906593116554053 0.18899563626126123 0.7391918285472974 0.9983987894144143 0.7485203098606426 0.9996744791666666 0.7867002744932432 0.9996744791666666 0.8335488809121621 0.19251478040540537
0 0.8375079180743243 0.15732333896396392 0.7913191511824325 0.9948796452702702 0.8196386388830241 0.9996744791666666 0.8856762035472971 0.1397276182432432
0 0.879077808277027 0.24706151463963957 0.8328890413851351 0.9852019988738738 0.8803974873310811 0.9878413569819818 0.927905933277027 0.24266258445945943
0 0.9595782305743243 0.18195734797297292 0.8902950802364864 0.9878413569819818 0.9477011190878377 0.9948796452702702 0.999755859375 0.18308926509579285
