0 0.0030453330592105365 0.2288754111842106 0.06279553865131579 0.9278885690789475 0.11419356496710528 0.9347416392543861 0.07114771792763161 0.2357284813596492
0 0.08142732319078952 0.22459224232456146 0.12254574424342105 0.9236054002192984 0.1803685238486842 0.9321717379385966 0.1463173314144737 0.23144531250000008
0 0.15274208470394737 0.19803659539473692 0.1829384251644737 0.929601836622807 0.22341437088815794 0.9244620339912282 0.18615080180921054 0.18518708881578952
0 0.19450298108552636 0.20488966557017552 0.22855417351973686 0.9227487664473686 0.2677451685855263 0.9287452028508772 0.23497892680921054 0.19889322916666674
0 0.24782843338815794 0.21002946820175447 0.2696725945723685 0.910755893640351 0.3095060649671052 0.9201788651315791 0.28573447779605265 0.21945243969298253
0 0.2902318050986842 0.20231976425438603 0.310791015625 0.9218921326754387 0.35769171463815785 0.9287452028508772 0.347412109375 0.19889322916666674
0 0.3557642886513158 0.20231976425438603 0.359619140625 0.9244620339912282 0.41165964226973684 0.9218921326754387 0.4142295435855263 0.19032689144736847
0 0.41744192023026316 0.11494311951754392 0.4148720189144737 0.9373115405701755 0.452135587993421 0.9458778782894738 0.47012489720394735 0.13207579495614039
0 0.4804045024671052 0.11579975328947373 0.4611302425986842 0.9621539199561404 0.5150981702302632 0.959584018640351 0.5330874794407895 0.11751302083333338
0 0.5407971833881579 0.2297320449561404 0.5163831208881579 0.9612972861842106 0.5504343133223684 0.9621539199561404 0.579345703125 0.2280187774122808
0 0.5857704564144737 0.23144531250000008 0.554931640625 0.9535875822368421 0.5896253083881579 0.9664370888157895 0.6185366981907895 0.23315858004385973
0 0.633313630756579 0.041272615131579 0.5960500616776315 0.9955626370614036 0.6397383840460527 0.9947060032894738 0.6782869037828947 0.04298588267543865
0 0.701416015625 0.034419544956140406 0.6500179893092105 0.9947060032894738 0.6866390830592105 0.9981325383771931 0.7444618626644737 0.036132812500000056
0 0.7373946340460527 0.2083162006578948 0.696276212993421 0.945021244517544 0.7213327508223684 0.9467345120614036 0.781725431743421 0.21431263706140358
0 0.7939324629934211 0.21431263706140358 0.7245451274671052 0.9570141173245615 0.7733732524671052 0.9570141173245615 0.8344084087171052 0.21431263706140358
0 0.8491853412828948 0.17405084978070182 0.7714458264802632 0.9518743146929826 0.8035695929276315 0.9493044133771931 0.8948010896381579 0.18261718750000008
0 0.9025107935855262 0.1809039199561404 0.8074244449013158 0.945021244517544 0.8350508840460525 0.955300849780702 0.9384894120065789 0.18433045504385973
