0 0.010728990709459457 0.22330729166666663 0.10046716638513514 0.9816828547297297 0.13147962415540543 0.9720052083333331 0.054938239020270285 0.2224275056306306
0 0.06681535050675674 0.23386472409909906 0.13543866131756754 0.9614477759009009 0.16249208192567566 0.9482509853603602 0.08990973395270269 0.22506686373873871
0 0.08001214104729731 0.1203723254504504 0.17304951435810811 0.9878413569819818 0.21395956503378377 0.9790434966216215 0.12554106841216217 0.12213189752252247 0.07341374577702703 0.11333403716216212 0.08661053631756754 0.13796804617117112
0 0.1288402660472973 0.11421382319819816 0.21395956503378377 0.9755243524774774 0.25354993665540543 0.9720052083333331 0.18030774915540543 0.110694679054054
0 0.18360694679054052 0.11421382319819816 0.25816881334459457 0.9781637105855855 0.30831661739864863 0.9808030686936936 0.25157041807432434 0.1300499718468468
0 0.26014833192567566 0.12653082770270266 0.31623469172297297 0.9623275619369368 0.35384554476351354 0.9500105574324323 0.29841902449324326 0.12477125563063057
0 0.2977591849662162 0.058787302927927866 0.35912426097972977 0.9922402871621622 0.40465318834459457 0.9808030686936936 0.35714474239864863 0.049109656531531466
0 0.3677021748310811 0.04383094031531526 0.41125158361486486 0.9913605011261261 0.45414115287162166 0.9799232826576576 0.42048933699324326 0.04031179617117112
0 0.42378853462837834 0.06758516328828823 0.46073954814189194 0.9394531249999999 0.4930716849662162 0.9359339808558559 0.4739363386824324 0.08166173986486482
0 0.4706371410472973 0.08254152590090086 0.49967008023648646 0.914819115990991 0.5399202913851351 0.9271361204954954 0.5201251055743243 0.08342131193693687
0 0.5254038217905406 0.1256510416666666 0.5432194890202702 0.9209776182432431 0.5735721072635136 0.914819115990991 0.5669737119932432 0.12301168355855852
0 0.5709327491554055 0.19515413851351346 0.5795106630067568 0.9033818975225225 0.6355970228040542 0.9121797578828827 0.6435150971283783 0.18899563626126123
0 0.6421954180743243 0.07198409346846842 0.6454946157094594 0.8972233952702702 0.6778267525337838 0.9069010416666665 0.6811259501689189 0.06670537725225219
0 0.70751953125 0.11773296734234229 0.6969620988175675 0.8831468186936936 0.7365524704391893 0.8840266047297297 0.7589870143581081 0.11333403716216212
0 0.7655854096283783 0.11685318130630624 0.7405115076013513 0.8734691722972973 0.7860404349662162 0.8620319538288288 0.8130938555743243 0.11421382319819816
0 0.8236512880067568 0.06670537725225219 0.7919789907094594 0.8796276745495494 0.828930004222973 0.869950028153153 0.8751187711148649 0.06758516328828823
