0 0.20010293496621623 0.30688696509009006 0.24695154138513514 0.9957594313063063 0.3056772592905405 0.9948796452702702 0.25354993665540543 0.30424760698198194
0 0.2528900971283784 0.30424760698198194 0.2970993454391892 0.9983987894144143 0.32283308699324326 0.9957594313063063 0.2792836782094595 0.2998486768018018
0 0.28060335726351354 0.30688696509009006 0.32082547499067515 0.9996744791666666 0.34724714949324326 0.9992785754504504 0.3096362964527027 0.29544974662162155
0 0.30765677787162166 0.13796804617117112 0.3514834461489735 0.9996744791666666 0.4039933488175676 0.9996744791666666 0.36638249577702703 0.13444890202702697
0 0.37166121199324326 0.13444890202702697 0.40597286739864863 0.9975190033783784 0.44754275760135137 0.9939998592342342 0.42114917652027023 0.13092975788288283
0 0.42312869510135137 0.14852547860360357 0.4528214738175676 0.9904807150900901 0.48449377111486486 0.9948796452702702 0.4679977829391892 0.14060740427927923 0.42906725084459457 0.15292440878378374 0.4191696579391892 0.14060740427927923
0 0.4772355363175676 0.13444890202702697 0.4957110430743243 0.9922402871621622 0.535961254222973 0.9931200731981981 0.5287030194256757 0.13356911599099094 0.4706371410472973 0.13444890202702697
0 0.5306825380067568 0.16348184121621614 0.5399202913851351 0.9931200731981981 0.5894082559121621 0.9975190033783784 0.5808303420608107 0.1608424831081081
0 0.5966664907094594 0.159082911036036 0.5933672930743243 0.988721143018018 0.633617504222973 0.9922402871621622 0.6441749366554055 0.159082911036036
0 0.6441749366554055 0.2417827984234234 0.6369464899893571 0.9996744791666666 0.6798062711148649 0.9996744791666666 0.6916833826013513 0.24618172860360354
0 0.6910235430743243 0.24002322635135132 0.6751974753073385 0.9996744791666665 0.6751974753073435 0.9996744791666666 0.7187368032094594 0.9975190033783784 0.7405115076013513 0.24530194256756752
0 0.7484295819256757 0.1423669763513513 0.7167572846283783 0.9992785754504504 0.7517287795608107 0.9922402871621622 0.7886797930743243 0.13620847409909906
0 0.7946183488175675 0.10453617680180176 0.7583271748310811 0.9992785754504504 0.7946183488175675 0.9983987894144143 0.8421267947635134 0.10629574887387383
0 0.8625818201013513 0.14852547860360357 0.8137536951013513 0.9869615709459459 0.854663745777027 0.9904807150900901 0.9133894636824325 0.15028505067567563
0 0.9147091427364864 0.14940526463963957 0.8579629434121621 0.989600929054054 0.8764384501689189 0.988721143018018 0.9364838471283783 0.1467659065315315
0 0.9437420819256757 0.18811585022522517 0.8876557221283783 0.9878413569819818 0.9259264146959458 0.9808030686936936 0.9886111697635134 0.19163499436936934
