0 0.0028109163851351426 0.24618172860360354 0.005450274493243229 0.575221706081081 0.04768000422297297 0.9904807150900901 0.09914748733108109 0.9904807150900901 0.021286423141891886 0.2347445101351351
0 0.03580289273648646 0.2796135979729729 0.10574588260135137 0.9939998592342342 0.14797561233108109 0.9904807150900901 0.08265149915540543 0.2796135979729729
0 0.08595069679054052 0.2769742398648648 0.15127480996621623 0.9922402871621622 0.18844576998873913 0.9996744791666666 0.12818042652027029 0.27433488175675674
0 0.1334591427364865 0.29281038851351343 0.19482421875 0.9939998592342342 0.25750897381756754 0.9983987894144143 0.2020824535472973 0.305127393018018
0 0.19746357685810811 0.18547649211711706 0.25948849239864863 0.9983987894144143 0.2970993454391892 0.9975190033783784 0.24233266469594594 0.18547649211711706
0 0.2588286528716216 0.16964034346846843 0.30282571544423176 0.9996744791666666 0.35120618665540543 0.9975190033783784 0.31029613597972977 0.17227970157657654
0 0.318214210304054 0.1564435529279279 0.35912426097972977 0.9966392173423423 0.40795238597972977 0.9948796452702702 0.3729808910472973 0.1546839808558558
0 0.3828784839527027 0.24354237049549543 0.41455078125000006 0.9931200731981981 0.46601826435810806 0.9931200731981981 0.44886243665540543 0.24090301238738734 0.38683752111486486 0.2505806587837837
0 0.4442435599662162 0.15292440878378374 0.47195682010135137 0.9922402871621622 0.5102275126689189 0.9931200731981981 0.4957110430743243 0.15028505067567563
0 0.5009897592905406 0.15028505067567563 0.51220703125 0.9975190033783784 0.5570761190878379 0.9975190033783784 0.5458588471283783 0.14852547860360357
0 0.5524572423986487 0.15820312499999997 0.5544367609797298 0.9860817849099098 0.5979861697635136 0.9852019988738738 0.5986460092905406 0.1564435529279279
0 0.6045845650337838 0.14940526463963957 0.6019452069256757 0.9939998592342342 0.6355970228040542 0.9931200731981981 0.6454946157094594 0.14588612049549546 0.610523120777027 0.15380419481981977
0 0.6520930109797298 0.15292440878378374 0.6408757390202702 0.9702456362612613 0.6850849873310811 0.9614477759009009 0.7029006545608107 0.15116483671171166
0 0.7398516680743243 0.15556376689189186 0.7134580869932432 0.9711254222972973 0.7484295819256757 0.9614477759009009 0.78076171875 0.15028505067567563
0 0.7827412373310811 0.15292440878378374 0.7504091005067568 0.9482509853603602 0.7794420396959458 0.9412126970720719 0.8150733741554053 0.1520446227477477
0 0.8229914484797296 0.14852547860360357 0.7886797930743243 0.9412126970720719 0.8249709670608107 0.9350541948198198 0.8652211782094594 0.14588612049549546
0 0.858622782939189 0.2866518862612612 0.85400390625 0.9227371903153152 0.8883155616554053 0.916578688063063 0.9397830447635134 0.15028505067567563 0.9107501055743243 0.16612119932432426
0 0.9496806376689189 0.15116483671171166 0.8975533150337838 0.9209776182432431 0.9325248099662162 0.9112999718468467 0.9945497255067568 0.15380419481981977
