0 0.13543866131756754 0.28753167229729726 0.1657912795608108 0.9095403997747747 0.19416437922297297 0.9192180461711711 0.16645111908783783 0.2840125281531531
0 0.16051256334459457 0.22330729166666663 0.19086518158783783 0.9121797578828827 0.21593908361486486 0.9200978322072072 0.18954550253378377 0.22066793355855852
0 0.19350453969594594 0.21714878941441437 0.2119800464527027 0.9218574042792792 0.24497202280405406 0.9192180461711711 0.21791860219594594 0.2303455799549549
0 0.21989812077702703 0.1810775619369369 0.2482712204391892 0.9244967623873873 0.2872017525337838 0.9297754786036035 0.26212785050675674 0.18547649211711706
0 0.2614680109797297 0.17843820382882877 0.2845623944256757 0.9236169763513513 0.33273067989864863 0.9121797578828827 0.31029613597972977 0.17667863175675672 0.26740656672297297 0.18547649211711706
0 0.3215134079391892 0.21714878941441437 0.3366897170608108 0.9280159065315314 0.3736407305743243 0.9315350506756755 0.3545053842905405 0.2153892173423423
0 0.37825960726351354 0.2153892173423423 0.391456397804054 0.9341744087837838 0.4350058065878379 0.9306552646396397 0.42048933699324326 0.20219242680180174
0 0.4198294974662162 0.21714878941441437 0.43038692989864863 0.9200978322072072 0.46601826435810806 0.9280159065315314 0.45744035050675674 0.22682643581081074
0 0.4673379434121621 0.16612119932432426 0.46601826435810806 0.9491307713963963 0.511547191722973 0.9544094876126126 0.49769056165540543 0.16260205518018012
0 0.5135267103040542 0.15996269707207203 0.5056086359797298 0.9755243524774774 0.5511375633445945 0.9605679898648648 0.5504777238175675 0.15556376689189186
0 0.5564162795608107 0.16524141328828823 0.5544367609797298 0.9508903434684685 0.5940271326013513 0.9588084177927927 0.6052444045608107 0.17315948761261257
0 0.608543602195946 0.2497008727477477 0.5940271326013513 0.9561690596846847 0.6355970228040542 0.9482509853603602 0.6639701224662162 0.2505806587837837
0 0.6652898015202702 0.2030722128378378 0.6402158994932432 0.9746445664414414 0.6804661106418919 0.9816828547297297 0.7015809755067568 0.20395199887387383
0 0.7088392103040542 0.19691371058558552 0.682445629222973 0.989600929054054 0.7127982474662162 0.9764041385135135 0.7332532728040542 0.19515413851351346
0 0.7510689400337838 0.17755841779279272 0.7187368032094594 0.9913605011261261 0.7662452491554055 0.9843222128378377 0.7992372255067568 0.17667863175675672
0 0.7998970650337838 0.25937851914414406 0.7748231630067568 0.9843222128378377 0.8236512880067568 0.988721143018018 0.8526842271959458 0.27169552364864863
0 0.855323585304054 0.15380419481981977 0.82958984375 0.988721143018018 0.8850163640202702 0.9922402871621622 0.9364838471283783 0.1423669763513513
0 0.9536396748310811 0.13620847409909906 0.8968934755067568 0.9825626407657656 0.9391232052364864 0.9878413569819818 0.9991686021959458 0.1370882601351351
