0 0.010069151182432429 0.17052012950450446 0.09584828969594594 0.965846706081081 0.12422138935810811 0.9632073479729729 0.04504064611486486 0.16348184121621614
0 0.058897276182432456 0.17491905968468466 0.14005753800675674 0.9561690596846847 0.17898807010135137 0.9623275619369368 0.10244668496621623 0.1793179898648648
0 0.11300411739864863 0.18019777590090083 0.18492662584459457 0.9491307713963963 0.2284760346283784 0.9447318412162161 0.14071737753378377 0.15820312499999997
0 0.16447160050675674 0.19251478040540537 0.22715635557432434 0.9359339808558559 0.2548696157094595 0.9447318412162161 0.19416437922297297 0.183716920045045
0 0.20868084881756754 0.16876055743243237 0.25750897381756754 0.9297754786036035 0.29314030827702703 0.9227371903153152 0.24035314611486486 0.16788077139639634
0 0.24959089949324326 0.14588612049549546 0.30237806165540543 0.9368137668918918 0.3307511613175676 0.9332946227477477 0.2746648015202703 0.14060740427927923
0 0.2964395059121621 0.17315948761261257 0.3360298775337838 0.9473711993243242 0.37496040962837834 0.9236169763513513 0.34460779138513514 0.17227970157657654 0.30171822212837834 0.18019777590090083
0 0.3485668285472973 0.1450063344594594 0.38155880489864863 0.9297754786036035 0.41455078125000006 0.9324148367117117 0.39079655827702703 0.15028505067567563
0 0.3980547930743243 0.19691371058558552 0.41455078125000006 0.9104201858108106 0.45480099239864863 0.9033818975225225 0.4429238809121621 0.18987542229729726 0.39277607685810806 0.17843820382882877
0 0.44886243665540543 0.2417827984234234 0.46073954814189194 0.9033818975225225 0.4924118454391892 0.9033818975225225 0.47921505489864863 0.23650408220720717
0 0.4897724873310811 0.2347445101351351 0.5009897592905406 0.8954638231981981 0.5267235008445945 0.8875457488738738 0.5168259079391893 0.22682643581081074
0 0.5280431798986487 0.25761894707207206 0.5267235008445945 0.8972233952702702 0.5801705025337838 0.8866659628378377 0.5801705025337838 0.2497008727477477
0 0.5814901815878379 0.17315948761261257 0.584789379222973 0.8901851069819818 0.6144821579391893 0.8822670326576576 0.6243797508445945 0.17315948761261257
0 0.6388962204391893 0.15292440878378374 0.6250395903716217 0.9007425394144143 0.6672693201013513 0.8989829673423423 0.6877243454391893 0.15732333896396392
0 0.6943227407094594 0.14412654842342337 0.6705685177364864 0.8945840371621622 0.7121384079391893 0.8849063907657656 0.7438107052364864 0.15996269707207203
0 0.7431508657094594 0.232984938063063 0.7174171241554055 0.8769883164414414 0.7576673353040542 0.8769883164414414 0.7919789907094594 0.22506686373873871
0 0.7992372255067568 0.1450063344594594 0.7596468538851351 0.8805074605855855 0.7946183488175675 0.8787478885135135 0.8401472761824325 0.14588612049549546
0 0.8441063133445945 0.1450063344594594 0.7959380278716215 0.8743489583333331 0.8322292018581081 0.8769883164414414 0.879737647804054 0.1450063344594594
0 0.8863360430743243 0.15380419481981977 0.8375079180743243 0.8752287443693693 0.8639014991554053 0.8708298141891891 0.9239468961148649 0.1520446227477477
0 0.931864970439189 0.14852547860360357 0.8691802153716215 0.8787478885135135 0.9067910684121621 0.8752287443693693 0.9655167863175675 0.15028505067567563
0 0.9668364653716215 0.14852547860360357 0.9081107474662162 0.8593925957207206 0.9411027238175675 0.8523543074324323 0.9991686021959458 0.20923071509009006 0.9958694045608107 0.1520446227477477
