0 0.0014912373310810856 0.05526815878378374 0.09914748733108109 0.9869615709459459 0.12950010557432434 0.9755243524774774 0.03580289273648646 0.05262880067567562
0 0.045700485641891886 0.09925746058558554 0.1367583403716216 0.9869615709459459 0.18888566300675674 0.9816828547297297 0.10376636402027029 0.09749788851351347
0 0.11168443834459457 0.09221917229729724 0.19614389780405406 0.9772839245495494 0.22913587415540543 0.9684860641891891 0.1532543285472973 0.08782024211711707
0 0.1657912795608108 0.135328688063063 0.2390334670608108 0.9720052083333331 0.2753246410472973 0.964966920045045 0.21593908361486486 0.12917018581081077
0 0.22253747888513514 0.09397874436936932 0.28390255489864863 0.9552892736486486 0.315574852195946 0.9482509853603602 0.26014833192567566 0.09925746058558554
0 0.2773041596283784 0.20571157094594592 0.31689453125000006 0.9288956925675675 0.3551652238175676 0.9227371903153152 0.30831661739864863 0.1986732826576576
0 0.3149150126689189 0.2136296452702702 0.35648490287162166 0.9112999718468467 0.3828784839527027 0.9016223254504504 0.3465873099662162 0.21450943130630626
0 0.34394795185810806 0.11861275337837833 0.38947687922297297 0.9332946227477477 0.4257680532094595 0.9218574042792792 0.38155880489864863 0.10805532094594589
0 0.39013671875000006 0.12213189752252247 0.43038692989864863 0.9218574042792792 0.46931746199324326 0.916578688063063 0.43962468327702703 0.10805532094594589 0.3881572001689189 0.11333403716216212
0 0.4468829180743243 0.11773296734234229 0.4739363386824324 0.9332946227477477 0.5214447846283783 0.9306552646396397 0.5009897592905406 0.11597339527027023
0 0.5036291173986487 0.12389146959459456 0.5234243032094594 0.9042616835585585 0.5570761190878379 0.8989829673423423 0.5445391680743243 0.12477125563063057 0.5102275126689189 0.1450063344594594
0 0.5550966005067568 0.04207136824324318 0.5735721072635136 0.9456116272522522 0.6171215160472974 0.9385733389639639 0.6138223184121621 0.03767243806306301
0 0.6197608741554055 0.04207136824324318 0.6263592694256757 0.940332911036036 0.6626504434121621 0.9315350506756755 0.6718881967905406 0.04031179617117112
0 0.6725480363175675 0.07726280968468463 0.6652898015202702 0.8981031813063063 0.6936629011824325 0.9007425394144143 0.7114785684121621 0.06670537725225219
0 0.7141179265202702 0.07550323761261256 0.7002612964527026 0.8963436092342342 0.7365524704391893 0.8893053209459459 0.7504091005067568 0.07198409346846842
0 0.7543681376689189 0.1203723254504504 0.7391918285472974 0.8813872466216215 0.7682247677364864 0.8752287443693693 0.7939585092905406 0.11685318130630624
0 0.7939585092905406 0.1942743524774774 0.7768026815878379 0.8805074605855855 0.8190324113175675 0.8752287443693693 0.8645613386824325 0.18811585022522517 0.7965978673986487 0.17491905968468466
0 0.8704998944256757 0.07110430743243239 0.8262906461148649 0.8708298141891891 0.8718195734797296 0.8637915259009009 0.9127296241554053 0.06758516328828823
0 0.92724609375 0.11157446509009004 0.883036845439189 0.8549936655405405 0.9259264146959458 0.844436233108108 0.9800332559121621 0.10717553490990987
