0 0.005450274493243229 0.25849873310810806 0.04306112753378377 0.9280159065315314 0.0635161528716216 0.9200978322072072 0.025905299831081086 0.24442215653153146
0 0.029204497466216228 0.25585937499999994 0.062196473817567544 0.9253765484234234 0.08990973395270269 0.9200978322072072 0.045700485641891886 0.256739161036036
0 0.04702016469594594 0.21626900337837832 0.09386877111486486 0.9332946227477477 0.1341189822635135 0.9244967623873873 0.10046716638513514 0.21714878941441437
0 0.09848764780405406 0.20395199887387383 0.1341189822635135 0.9271361204954954 0.16909047719594594 0.9306552646396397 0.14203705658783783 0.20835092905405403
0 0.14797561233108109 0.2602583051801801 0.17238967483108109 0.9324148367117117 0.20604149070945948 0.9306552646396397 0.1822872677364865 0.25322001689189183
0 0.18360694679054052 0.2831327421171171 0.20604149070945948 0.9262563344594593 0.23507442989864863 0.9236169763513513 0.2119800464527027 0.27785402590090086
0 0.21329972550675674 0.25761894707207206 0.23309491131756754 0.9280159065315314 0.2726852829391892 0.9253765484234234 0.25157041807432434 0.25234023085585583
0 0.2555294552364865 0.25585937499999994 0.2746648015202703 0.9368137668918918 0.30699693834459457 0.9315350506756755 0.28984111064189194 0.25497958896396394
0 0.2905009501689189 0.21274985923423417 0.31029613597972977 0.9500105574324323 0.34064875422297297 0.9500105574324323 0.3241527660472973 0.20747114301801797
0 0.3281118032094595 0.20483178490990986 0.3373495565878379 0.9544094876126126 0.3762800886824324 0.9447318412162161 0.36308329814189194 0.20131264076576572
0 0.3677021748310811 0.20747114301801797 0.3769399282094595 0.9482509853603602 0.41455078125000006 0.9552892736486486 0.41125158361486486 0.20219242680180174
0 0.4198294974662162 0.27873381193693686 0.41784997888513514 0.9394531249999999 0.46073954814189194 0.9447318412162161 0.46931746199324326 0.2831327421171171
0 0.4646985853040541 0.23386472409909906 0.462059227195946 0.964966920045045 0.49439136402027023 0.9614477759009009 0.5042889569256757 0.24090301238738734
0 0.5095676731418919 0.2373838682432432 0.4983504011824324 0.9772839245495494 0.5267235008445945 0.9764041385135135 0.5386006123310811 0.23386472409909906
0 0.5418998099662162 0.2180285754504504 0.5306825380067568 0.9755243524774774 0.5814901815878379 0.9816828547297297 0.5999656883445945 0.2153892173423423
0 0.5979861697635136 0.3033678209459459 0.5821500211148649 0.9737647804054053 0.6303183065878379 0.9711254222972973 0.6388962204391893 0.30688696509009006
0 0.6428552576013513 0.19779349662162157 0.632957664695946 0.9667264921171171 0.6758472339527026 0.9816828547297297 0.708179370777027 0.19779349662162157
0 0.7160974451013513 0.19163499436936934 0.681785789695946 0.9834424268018017 0.7273147170608107 0.9904807150900901 0.7735034839527026 0.18987542229729726
0 0.7873601140202702 0.1713999155405405 0.7391918285472974 0.9975190033783784 0.7913191511824325 0.9957594313063063 0.8394874366554053 0.17227970157657654
0 0.8223316089527026 0.29720931869369366 0.7959380278716215 0.9869615709459459 0.8262906461148649 0.9834424268018017 0.8639014991554053 0.3086465371621621
0 0.8724794130067568 0.3007284628378378 0.8315693623310811 0.9948796452702702 0.8639014991554053 0.9913605011261261 0.8988729940878377 0.2892912443693693
0 0.9081107474662162 0.29544974662162155 0.8658810177364864 0.9931200731981981 0.8982131545608107 0.9948796452702702 0.9411027238175675 0.306007179054054
0 0.9477011190878377 0.2109902871621621 0.8949139569256757 0.9922402871621622 0.9437420819256757 0.9966392173423423 0.9932300464527026 0.21450943130630626
