0 0.12640806686046513 0.17712875484496124 0.10710392441860467 0.9954729893410853 0.17239734738372092 0.9992581153100776 0.19737917877906974 0.17788578003875968
0 0.20362463662790697 0.18015685562015504 0.17750726744186046 0.9992581153100776 0.21554778343023256 0.9977440649224807 0.23825853924418605 0.17788578003875968
0 0.26153706395348836 0.06660307655038762 0.22519985465116277 0.9962300145348837 0.2916288154069767 0.9992581153100776 0.34216024709302323 0.07493035368217056
0 0.3557867005813954 0.1703155281007752 0.3143395712209302 0.9924448885658914 0.34897347383720934 0.9954729893410853 0.39836936773255816 0.17485767926356588
0 0.41994458575581395 0.1074824370155039 0.3614643895348837 0.9969870397286821 0.39089185138081434 0.9996744791666666 0.4642305595930233 0.1105105377906977
0 0.4653660973837209 0.25661640019379844 0.41199582122093026 0.99320191375969 0.44452046239098847 0.9996744791666666 0.5051099200581395 0.2596445009689922
0 0.5232785247093024 0.062060925387596916 0.46141419216576807 0.9996744791666666 0.49602561773255816 0.9996744791666666 0.5613190406976745 0.0650890261627907
0 0.576648800872093 0.06054687500000002 0.503406613372093 0.9962300145348837 0.5334983648255814 0.9985010901162791 0.6090116279069767 0.06433200096899226
0 0.6016306322674418 0.26721475290697677 0.545421511627907 0.9985010901162791 0.5724094597868216 0.9996744791666666 0.6567042151162791 0.270999878875969
0 0.6635174418604651 0.2770560804263566 0.6129860101744186 0.9977440649224807 0.6652207485465116 0.9977440649224807 0.7214298691860465 0.2732709544573643
0 0.7180232558139535 0.3459453730620155 0.6794149709302325 0.99320191375969 0.7140488735465116 0.9969870397286821 0.7543604651162791 0.34216024709302323
0 0.765148074127907 0.12565104166666669 0.7214298691860465 0.9969870397286821 0.7458439316860465 0.9977440649224807 0.789562136627907 0.1286791424418605
0 0.7946720566860466 0.21573703972868216 0.7571993095930233 0.9977440649224807 0.8065952034883721 0.9992581153100776 0.8429324127906976 0.21346596414728683
