0 0.23371638808139533 0.1460907218992248 0.23769077034883718 0.9810895106589147 0.2938998909883721 0.9750333091085271 0.2814089752906977 0.14306262112403104
0 0.2956031976744186 0.19075520833333334 0.3035519622093023 0.9280977470930233 0.3387536337209302 0.9288547722868218 0.33421148255813954 0.19302628391472867
0 0.3381858648255814 0.13624939437984498 0.34386355377906974 0.9606498304263567 0.38531068313953487 0.9553506540697674 0.3802007630813954 0.13397831879844962
0 0.3858784520348837 0.2452610222868217 0.3938272165697675 0.9333969234496124 0.48807685319767447 0.924312621124031 0.48523800872093026 0.23920482073643412
0 0.4920512354651163 0.24601804748062017 0.4886446220930233 0.9371820494186047 0.5601835029069767 0.9364250242248061 0.566428960755814 0.23996184593023254
0 0.5738099563953488 0.25813045058139533 0.5760810319767442 0.9667060319767442 0.6078760901162791 0.9659490067829458 0.6067405523255814 0.255859375
0 0.6061727834302325 0.15744609980620158 0.6135537790697675 0.9508085029069768 0.6555686773255814 0.9515655281007752 0.6544331395348837 0.14684774709302326
0 0.6578397529069767 0.18167090600775193 0.6550009084302325 0.9349109738372093 0.6896348110465116 0.9326398982558141 0.6941769622093024 0.18621305717054262
0 0.7009901889534884 0.19378330910852715 0.6947447311046512 0.917499394379845 0.7390307049418605 0.9144712936046512 0.737327398255814 0.19075520833333334
0 0.744140625 0.1536609738372093 0.747547238372093 0.922798570736434 0.7685546875 0.9250696463178295 0.7674191497093024 0.14760477228682173
