0 0.13322129360465118 0.20513868701550386 0.23485192587209303 0.8993307897286821 0.3166106468023256 0.8932745881782945 0.22463208575581395 0.1869700823643411
0 0.22463208575581395 0.13927749515503876 0.32399164244186046 0.9076580668604651 0.34613462936046513 0.9038729408914729 0.2433684593023256 0.1286791424418605
0 0.24791061046511625 0.13095021802325582 0.34954124273255816 0.9311258478682171 0.37338753633720934 0.9265836967054263 0.27232467296511625 0.12565104166666669
0 0.29044596354166663 0.15854220920138887 0.3830159505208333 0.9099527994791666 0.42472330729166663 0.9092746310763888 0.34079996744791663 0.15379503038194445
0 0.34537760416666663 0.1578640407986111 0.42879231770833337 0.9106309678819445 0.47151692708333337 0.9099527994791666 0.39115397135416663 0.14769151475694445
0 0.384033203125 0.014770507812499981 0.481689453125 0.9065619574652778 0.5147501627604166 0.9072401258680555 0.42523193359375 0.005276150173611094 0.38962809244791663 0.014770507812499981
0 0.4359130859375 0.008666992187499983 0.5218709309895834 0.9045274522569445 0.5544230143229166 0.9038492838541666 0.47711181640625 0.003919813368055537
0 0.49033610026041663 0.004597981770833315 0.5651041666666666 0.9072401258680555 0.5818888346354166 0.9065619574652778 0.5172932942708334 0.010023328993055537
0 0.530517578125 0.008666992187499983 0.5910441080729166 0.9024929470486112 0.6129150390625 0.9079182942708334 0.5523885091145834 0.004597981770833315
0 0.5696818033854166 0.1300591362847222 0.62664794921875 0.9058837890625 0.6592000325520834 0.9079182942708334 0.6134236653645834 0.11581759982638888
0 0.6210530598958334 0.12259928385416667 0.6714070638020834 0.9052056206597222 0.7095540364583334 0.9085964626736112 0.6744588216145834 0.11717393663194443
0 0.6881917317708334 0.012057834201388869 0.7156575520833334 0.9065619574652778 0.7629597981770834 0.9072401258680555 0.73651123046875 0.004597981770833315
0 0.7461751302083334 0.005276150173611094 0.7710978190104166 0.9052056206597222 0.8092447916666666 0.9038492838541666 0.79754638671875 0.00663248697916665
0 0.8087361653645834 0.07784016927083331 0.823486328125 0.9072401258680555 0.87384033203125 0.9072401258680555 0.8743489583333334 0.07716200086805554
0 0.890625 0.09208170572916667 0.8911336263020834 0.9038492838541666 0.9592895507812501 0.9065619574652778 0.9745483398437501 0.0812310112847222
