0 0.16711095861486486 0.12477125563063057 0.14995513091216217 0.9614477759009009 0.16909047719594594 0.9808030686936936 0.2073611697635135 0.9728849943693693 0.21263988597972971 0.1326893299549549
0 0.2588286528716216 0.15996269707207203 0.23177523226351354 0.9297754786036035 0.27598448057432434 0.9385733389639639 0.2977591849662162 0.15996269707207203
0 0.3030379011824324 0.14588612049549546 0.28588207347972977 0.9588084177927927 0.32283308699324326 0.9640871340090089 0.34064875422297297 0.14412654842342337
0 0.37430057010135137 0.16876055743243237 0.34988650760135137 0.940332911036036 0.39277607685810806 0.942092483108108 0.40465318834459457 0.16524141328828823
0 0.4251082136824324 0.17227970157657654 0.3973949535472973 0.940332911036036 0.42906725084459457 0.9447318412162161 0.4528214738175676 0.18019777590090083
0 0.46667810388513514 0.1617222691441441 0.43236644847972977 0.942092483108108 0.47921505489864863 0.9350541948198198 0.5029692778716217 0.17491905968468466 0.46073954814189194 0.1757988457207207
0 0.512866870777027 0.15996269707207203 0.48449377111486486 0.9500105574324323 0.5214447846283783 0.9385733389639639 0.561694995777027 0.1793179898648648 0.5201251055743243 0.1564435529279279
0 0.5669737119932432 0.027994791666666612 0.535961254222973 0.9544094876126126 0.5834697001689189 0.9561690596846847 0.63427734375 0.0350330799549549
0 0.6382363809121621 0.03327350788288282 0.6078837626689189 0.9315350506756755 0.6501134923986487 0.9244967623873873 0.7022408150337838 0.057027730855855795
0 0.70751953125 0.028874577702702648 0.657371727195946 0.9315350506756755 0.7015809755067568 0.9359339808558559 0.75634765625 0.03943201013513508
0 0.757007495777027 0.0693447353603603 0.7160974451013513 0.9473711993243242 0.7530484586148649 0.9359339808558559 0.7992372255067568 0.06846494932432427
