0 0.006041061046511614 0.26115855135658916 0.05884356831395349 0.9803324854651163 0.09063862645348836 0.9818465358527132 0.02420966569767441 0.10218326065891475
0 0.03386173691860464 0.10596838662790699 0.0957485465116279 0.9863886870155039 0.13889898255813954 0.9871457122093023 0.07928324854651161 0.09991218507751941
0 0.08723201308139533 0.10672541182170543 0.14400890261627908 0.9856316618217055 0.1814816497093023 0.9871457122093023 0.12924691133720928 0.10596838662790699
0 0.13946675145348836 0.11429566375968993 0.18602380087209303 0.9924448885658914 0.21554778343023256 0.9947159641472868 0.17693949854651164 0.11126756298449614
0 0.18602380087209303 0.13170724321705427 0.22179324127906974 0.9992581153100776 0.255859375 0.9969870397286821 0.21838662790697672 0.12943616763565893
0 0.2297420058139535 0.15214692344961242 0.25982166683159 0.9996744791666666 0.28538335755813954 0.9977440649224807 0.2638081395348837 0.14911882267441862
0 0.2649436773255814 0.10899648740310079 0.2893577398255814 0.9969870397286821 0.3126362645348837 0.9992581153100776 0.2944676598837209 0.10218326065891475
0 0.3041197311046512 0.10899648740310079 0.31774618459302323 0.9947159641472868 0.33648255813953487 0.9962300145348837 0.3336437136627907 0.10975351259689925
0 0.34216024709302323 0.12943616763565893 0.3540833938953488 0.9985010901162791 0.3909883720930233 0.9954729893410853 0.39269167877906974 0.1286791424418605
0 0.40064044331395343 0.06963117732558141 0.40461014033400694 0.9996744791666666 0.4517396438953488 0.9992581153100776 0.44435864825581395 0.061303900193798465
0 0.46366279069767447 0.07417332848837212 0.4653660973837209 0.9977440649224807 0.5215752180232558 0.9985010901162791 0.5340661337209303 0.06433200096899226
0 0.5442859738372093 0.07493035368217056 0.5317950581395349 0.9947159641472868 0.5817587209302325 0.9977440649224807 0.6084438590116279 0.07644440406976745
0 0.6158248546511628 0.10823946220930235 0.5925463299418605 0.9947159641472868 0.6351289970930233 0.9985010901162791 0.6669240552325582 0.10596838662790699
0 0.6862281976744186 0.008312136627906992 0.6521620639534884 0.9977440649224807 0.7168877180232558 0.9962300145348837 0.7850199854651163 0.004527010658914744
0 0.7946720566860466 0.075687378875969 0.7390307049418605 0.9985010901162791 0.8196538880813954 0.9985010901162791 0.8826762354651162 0.075687378875969
