0 0.040107194767441845 0.01058321220930234 0.1417378270348837 0.959892805232558 0.21043786337209303 0.9636779312015503 0.13435683139534882 0.005284035852713192
0 0.18545603197674415 0.07720142926356592 0.2530205305232558 0.9038729408914729 0.28708666424418605 0.8978167393410853 0.22576762354651164 0.07341630329457366
0 0.23485192587209303 0.0726592781007752 0.2956031976744186 0.9205274951550387 0.4125635901162791 0.9258266715116279 0.38531068313953487 0.06963117732558141
0 0.40347928779069764 0.06811712693798451 0.4375454215116279 0.9568647044573644 0.46366279069767447 0.9538366036821705 0.43129996366279066 0.06811712693798451
0 0.44379087936046513 0.13246426841085274 0.5579124273255814 0.9591357800387597 0.59765625 0.9515655281007752 0.5022710755813954 0.11580971414728684
0 0.49829669331395343 0.04464934593023257 0.6124182412790697 0.9689771075581395 0.6442132994186046 0.9651919815891473 0.545421511627907 0.03556504360465118
0 0.5658611918604651 0.13624939437984498 0.649890988372093 0.9712481831395349 0.6816860465116279 0.9682200823643411 0.59765625 0.12337996608527134
0 0.6050372456395349 0.13170724321705427 0.6828215843023255 0.9629209060077519 0.7157521802325582 0.9583787548449613 0.6413744549418605 0.1226229408914729
0 0.6510265261627907 0.13624939437984498 0.7259720203488372 0.9727622335271318 0.7935365188953488 0.9576217296511628 0.7305141715116279 0.12110889050387598
0 0.7395984738372093 0.14154857073643412 0.8060274345930233 0.9735192587209301 0.845203488372093 0.9674630571705426 0.8014852834302325 0.1286791424418605
0 0.8094340479651163 0.1460907218992248 0.8537200218023256 0.9788184350775194 0.886650617732558 0.976547359496124 0.8542877906976744 0.13397831879844962
