0 0.05997910610465115 0.07341630329457366 0.17466842296511625 0.9114431928294574 0.19681140988372092 0.9016018653100776 0.09688408430232556 0.06736010174418607
0 0.11562045784883718 0.1960543846899225 0.21327670784883718 0.9379390746124031 0.2649436773255814 0.9379390746124031 0.1809138808139535 0.1839419815891473
0 0.18772710755813954 0.2021105862403101 0.27232467296511625 0.9576217296511628 0.3001453488372093 0.9523225532945737 0.2303097747093023 0.19832546027131784
0 0.23598746366279066 0.06963117732558141 0.3109329578488372 0.9667060319767442 0.381336300872093 0.9636779312015503 0.3285337936046512 0.061303900193798465
0 0.3614643895348837 0.18621305717054262 0.3881495276162791 0.9508085029069768 0.41710574127906974 0.9492944525193798 0.4074536700581395 0.18545603197674418
0 0.41767351017441856 0.09688408430232559 0.4267578125 0.9386960998062016 0.45798510174418605 0.939453125 0.4653660973837209 0.09764110949612405
0 0.4750181686046512 0.2634296269379845 0.4642305595930233 0.9349109738372093 0.49829669331395343 0.9379390746124031 0.5204396802325582 0.2649436773255814
0 0.5363372093023255 0.04010719476744187 0.5079487645348837 0.9341539486434108 0.5425826671511628 0.9402101501937984 0.5738099563953488 0.036322068798449625
0 0.5874364098837209 0.04010719476744187 0.5442859738372093 0.9447523013565892 0.5732421875 0.9485374273255814 0.6260446947674418 0.04162124515503878
0 0.6209347747093024 0.2649436773255814 0.5817587209302325 0.9409671753875969 0.6249091569767442 0.9424812257751939 0.677711664244186 0.2694858284883721
0 0.6850926598837209 0.26872880329457366 0.6374000726744186 0.9311258478682171 0.6805505087209303 0.9333969234496124 0.7447083938953488 0.26418665213178294
0 0.7424373183139535 0.3224775920542636 0.6867959665697675 0.922798570736434 0.7146166424418605 0.9182564195736435 0.7713935319767442 0.3262627180232558
0 0.7844522165697675 0.08552870639534886 0.7219976380813954 0.9159853439922481 0.7418695494186046 0.9099291424418605 0.8151117369186046 0.0862857315891473
0 0.8162472747093024 0.17410065406976746 0.7503860828488372 0.9076580668604651 0.7946720566860466 0.9076580668604651 0.8633720930232559 0.1703155281007752
