0 0.006041061046511614 0.3285337936046511 0.10312954215116277 0.9311258478682171 0.13606013808139533 0.9341539486434108 0.020803052325581384 0.12792211724806204 0.0 0.17739964710349884
0 0.032726199127906974 0.15517502422480622 0.14117005813953487 0.9402101501937984 0.15593204941860467 0.9432382509689923 0.06338571947674418 0.14911882267441862
0 0.05657249273255813 0.036322068798449625 0.1661518895348837 0.9674630571705426 0.18886264534883718 0.9667060319767442 0.08893531976744184 0.031779917635658926
0 0.14060228924418605 0.13397831879844962 0.20703125 0.9280977470930233 0.24961391715116277 0.9258266715116279 0.1922692587209302 0.13927749515503876
0 0.20248909883720928 0.16653040213178297 0.25813045058139533 0.9220415455426356 0.28765443313953487 0.924312621124031 0.25018168604651164 0.16955850290697674
0 0.252452761627907 0.13019319282945738 0.28595112645348836 0.9432382509689923 0.3302371002906977 0.9432382509689923 0.3092296511627907 0.12186591569767442
0 0.3336437136627907 0.2422329215116279 0.34783793604651164 0.8925175629844961 0.3637354651162791 0.8932745881782945 0.36089662063953487 0.2520742490310078
0 0.3620321584302325 0.11429566375968993 0.3671420784883721 0.9333969234496124 0.40688590116279066 0.9371820494186047 0.4108602834302325 0.11883781492248063
0 0.41937681686046513 0.12035186531007754 0.41142805232558144 0.9379390746124031 0.4318677325581395 0.939453125 0.46025617732558144 0.1226229408914729
0 0.47672147529069764 0.08022953003875971 0.4369776526162791 0.9455093265503876 0.4892123909883721 0.956107679263566 0.545421511627907 0.09309895833333336
0 0.5550735828488372 0.10975351259689925 0.5022710755813954 0.9386960998062016 0.5346339026162791 0.9447523013565892 0.5965207122093024 0.1150526889534884
0 0.6061727834302325 0.1657733769379845 0.5442859738372093 0.9311258478682171 0.5857331031976745 0.9356679990310077 0.6521620639534884 0.16804445251937983
0 0.6544331395348837 0.14154857073643412 0.6095793968023255 0.9349109738372093 0.6686273619186046 0.9386960998062016 0.7327852470930233 0.14533369670542637
0 0.7282430959302325 0.23314861918604649 0.677711664244186 0.9273407218992248 0.7214298691860465 0.9258266715116279 0.7816133720930233 0.23844779554263565
0 0.7872910610465116 0.2376907703488372 0.7339207848837209 0.9220415455426356 0.7600381540697675 0.9220415455426356 0.8219249636627907 0.23239159399224807
0 0.8406613372093024 0.14684774709302326 0.7708257630813954 0.9379390746124031 0.8156795058139535 0.9402101501937984 0.8900572311046512 0.13927749515503876
0 0.9122002180232559 0.13852046996124032 0.8258993459302325 0.9235555959302326 0.8849473110465117 0.9265836967054263 0.9820357921511628 0.13776344476744187
