0 0.09972292877906974 0.11202458817829458 0.14855105377906974 0.9977440649224807 0.19567587209302323 0.9969870397286821 0.15366097383720928 0.10521136143410854
0 0.1599064316860465 0.005284035852713192 0.21043786337209303 0.9962300145348837 0.2660792151162791 0.9947159641472868 0.22690316133720928 0.006041061046511641
0 0.23996184593023256 0.0075551114341085406 0.2774345930232558 0.9985010901162791 0.31774618459302323 0.9977440649224807 0.2921965843023256 0.002255935077519393
0 0.29730650436046513 0.037836119186046534 0.32058502906976744 0.99320191375969 0.34670239825581395 0.9977440649224807 0.33648255813953487 0.03480801841085273
0 0.34670239825581395 0.01058321220930234 0.35465116279069764 0.9894167877906977 0.39269167877906974 0.9901738129844961 0.3921239098837209 0.012854287790697689
0 0.398937136627907 0.024209665697674434 0.40120821220930236 0.9833605862403102 0.4324355014534884 0.9879027374031008 0.43413880813953487 0.024966690891472885
0 0.4460619549418605 0.021181564922480633 0.4369776526162791 0.9909308381782945 0.4699082485465116 0.9947159641472868 0.48523800872093026 0.01512536337209304
0 0.496593386627907 0.026480741279069783 0.47337716673648444 0.9996744791666666 0.5249818313953488 0.9977440649224807 0.5505314316860465 0.03026586724806203
0 0.5539380450581395 0.03102289244186048 0.5306595203488372 0.9969870397286821 0.5548464752906981 0.9996744791666666 0.5777843386627907 0.9985010901162791 0.5936818677325582 0.02799479166666668
0 0.6146893168604651 0.0075551114341085406 0.5863008720930233 0.9977440649224807 0.6143883993459301 0.9996744791666666 0.6419422238372093 0.9969870397286821 0.677711664244186 0.0007418846899224946
0 0.6833893531976745 0.00906916182170544 0.6470521438953488 0.991687863372093 0.6697628997093024 0.9939589389534884 0.7174554869186046 0.008312136627906992
0 0.726539789244186 0.01512536337209304 0.6811182776162791 0.9947159641472868 0.723133175872093 0.9947159641472868 0.7713935319767442 0.021181564922480633
0 0.7793422965116279 0.03859314437984498 0.7299464026162791 0.9977440649224807 0.7537926962209303 0.9954729893410853 0.8122728924418605 0.037079093992248076
0 0.8196538880813954 0.022695615310077535 0.7594913631576162 0.9996744791666666 0.7889943677325582 0.9996744791666666 0.8531522529069767 0.022695615310077535
0 0.8537200218023256 0.0726592781007752 0.7906976744186046 0.9985010901162791 0.8065384265988371 0.9996744791666666 0.887218386627907 0.07493035368217056
0 0.8911927688953488 0.04843447189922482 0.8162472747093024 0.9924448885658914 0.852584484011628 0.9985010901162791 0.9315043604651162 0.05827579941860467
0 0.9343432049418604 0.08855680717054265 0.852584484011628 0.991687863372093 0.8855150799418604 0.9969870397286821 0.9809002543604651 0.0877997819767442
