0 0.017964207848837205 0.07417332848837212 0.09177416424418602 0.9712481831395349 0.10994276889534882 0.9689771075581395 0.042378270348837205 0.06584605135658916
0 0.0469204215116279 0.05903282461240312 0.11562045784883718 0.9788184350775194 0.15366097383720928 0.9773043846899224 0.09915515988372092 0.051462572674418616
0 0.10199400436046513 0.05524769864341087 0.1593386627906977 0.9818465358527132 0.20078579215116277 0.9795754602713179 0.14798328488372092 0.04464934593023257
0 0.15252543604651164 0.05373364825581397 0.2053279433139535 0.9735192587209301 0.22747093023255816 0.9750333091085271 0.18772710755813954 0.04616339631782947
0 0.1945403343023256 0.04767744670542637 0.23769077034883718 0.9735192587209301 0.27402797965116277 0.9712481831395349 0.2450717659883721 0.04313529554263568
0 0.2530205305232558 0.05070554748062017 0.2831122819767442 0.9697341327519381 0.32058502906976744 0.9674630571705426 0.2956031976744186 0.04767744670542637
0 0.30695857558139533 0.005284035852713192 0.3291015625 0.9727622335271318 0.3728197674418604 0.9742762839147288 0.3614643895348837 0.003012960271317844
0 0.37395530523255816 0.05221959786821707 0.37906522529069764 0.9538366036821705 0.40972474563953487 0.9515655281007752 0.4102925145348837 0.05221959786821707
0 0.4216478924418604 0.05827579941860467 0.4165379723837209 0.9530795784883721 0.4613917151162791 0.9523225532945737 0.4733148619186046 0.05676174903100777
0 0.47956031976744184 0.07720142926356592 0.46820494186046513 0.9424812257751939 0.4948900799418605 0.9417242005813954 0.5130586845930233 0.07795845445736437
0 0.5164652979651163 0.03329396802325583 0.4994322311046512 0.959892805232558 0.5329305959302325 0.9576217296511628 0.555641351744186 0.032536942829457384
0 0.5607512718023255 0.08477168120155042 0.5425826671511628 0.9129572432170542 0.5914107921511628 0.9129572432170542 0.6169603924418605 0.08022953003875971
0 0.6271802325581395 0.07871547965116281 0.5959529433139534 0.9152283187984497 0.6413744549418605 0.9122002180232558 0.6788472020348837 0.07795845445736437
0 0.691905886627907 0.026480741279069783 0.6578397529069767 0.9424812257751939 0.6845248909883721 0.9462663517441862 0.7237009447674418 0.023452640503875983
0 0.7316497093023255 0.02799479166666668 0.6896348110465116 0.9462663517441862 0.7225654069767442 0.9432382509689923 0.7776389898255814 0.025723716085271336
0 0.7889943677325582 0.008312136627906992 0.7356240915697675 0.9447523013565892 0.7946720566860466 0.9470233769379846 0.8548555595930233 0.0075551114341085406
0 0.8633720930232559 0.0075551114341085406 0.8043241279069767 0.939453125 0.8576944040697675 0.9417242005813954 0.928665515988372 0.006798086240310092
0 0.9315043604651162 0.05751877422480622 0.8633720930232559 0.9349109738372093 0.8815406976744186 0.9402101501937984 0.9564861918604651 0.056004723837209315
