0 0.0014989098837209225 0.4201338420542636 0.042946039244186024 0.9682200823643411 0.09007085755813954 0.9720052083333334 0.01909974563953487 0.04919149709302328 0.0 0.05400945094804108
0 0.03329396802325579 0.051462572674418616 0.09801962209302326 0.9735192587209301 0.12243368459302323 0.9742762839147288 0.06622456395348836 0.04616339631782947
0 0.08098655523255813 0.05676174903100777 0.1309502180232558 0.9689771075581395 0.17126180959302323 0.9674630571705426 0.11618822674418605 0.04843447189922482
0 0.14117005813953487 0.1029402858527132 0.17750726744186046 0.9659490067829458 0.20987009447674415 0.961406855620155 0.17750726744186046 0.09764110949612405
0 0.17637172965116277 0.052976623062015525 0.21441224563953487 0.9689771075581395 0.24166515261627908 0.9720052083333334 0.20930232558139533 0.05221959786821707
0 0.2206577034883721 0.026480741279069783 0.24847837936046513 0.9810895106589147 0.301280886627907 0.9810895106589147 0.276866824127907 0.022695615310077535
0 0.29503542877906974 0.05903282461240312 0.30979742005813954 0.9576217296511628 0.3302371002906977 0.956107679263566 0.3245594113372093 0.05978984980620156
0 0.32512718023255816 0.04919149709302328 0.33761809593023256 0.9697341327519381 0.38190406976744184 0.9682200823643411 0.3756586119186046 0.04616339631782947
0 0.3830396075581395 0.052976623062015525 0.38701398982558144 0.9704911579457365 0.4188090479651163 0.9682200823643411 0.42278343023255816 0.04994852228682172
0 0.43129996366279066 0.04464934593023257 0.42505450581395343 0.9667060319767442 0.45287518168604646 0.9667060319767442 0.46593386627906974 0.04843447189922482
0 0.4761537063953488 0.051462572674418616 0.46025617732558144 0.9742762839147288 0.49829669331395343 0.9750333091085271 0.5193041424418605 0.05221959786821707
0 0.527820675872093 0.04919149709302328 0.5056776889534884 0.9682200823643411 0.5465570494186046 0.9674630571705426 0.5692678052325582 0.04464934593023257
0 0.5880041787790697 0.01058321220930234 0.5545058139534884 0.9795754602713179 0.5948174055232558 0.9810895106589147 0.6447810683139535 0.002255935077519393
0 0.6487554505813954 0.061303900193798465 0.5999273255813954 0.9591357800387597 0.625476925872093 0.9583787548449613 0.6816860465116279 0.05903282461240312
0 0.691905886627907 0.06281795058139537 0.6351289970930233 0.9538366036821705 0.6799827398255814 0.9523225532945737 0.7401662427325582 0.0650890261627907
0 0.7464117005813954 0.08855680717054265 0.6856604287790697 0.9417242005813954 0.7112100290697675 0.9439952761627907 0.7770712209302325 0.090827882751938
0 0.7889943677325582 0.04010719476744187 0.716319949127907 0.9606498304263567 0.7549282340116279 0.959892805232558 0.8287381904069767 0.042378270348837226
0 0.8293059593023255 0.090827882751938 0.7583348473837209 0.917499394379845 0.7918332122093024 0.9197704699612403 0.8718886264534883 0.09612705910852715
0 0.879837390988372 0.0953700339147287 0.799781976744186 0.9212845203488372 0.8423646438953488 0.9197704699612403 0.9388853561046512 0.090827882751938
0 0.9627316497093023 0.03859314437984498 0.870185319767442 0.9485374273255814 0.8980059956395349 0.954593628875969 0.9967977834302325 0.042378270348837226
