0 0.0014989098837209225 0.2467750726744186 0.05089480377906977 0.9901738129844961 0.08325763081395349 0.9924448885658914 0.020803052325581384 0.006798086240310092 -3.469446951953614e-18 0.0011083625273305639
0 0.028184047965116282 0.004527010658914744 0.08779978197674418 0.9954729893410853 0.12413699127906974 0.9947159641472868 0.07303779069767441 0.0007418846899224946
0 0.07740420386904759 0.0035807291666666713 0.12565104166666663 0.989443824404762 0.15471540178571425 0.9902188740079366 0.10648290968321503 0.0
0 0.12100074404761901 0.0051308283730158765 0.15994698660714285 0.993319072420635 0.2017996651785714 0.9925440228174603 0.17336942913917802 0.0
0 0.18377976190476186 0.0035807291666666713 0.21516927083333331 0.9878937251984127 0.25644066220238093 0.989443824404762 0.23558587433436484 0.0
0 0.24539620535714285 0.0051308283730158765 0.25992838541666663 0.993319072420635 0.30875651041666663 0.997194320436508 0.3000372023809524 0.004355778769841274
0 0.3192196800595238 0.006680927579365087 0.31689453125 0.993319072420635 0.3500279017857143 0.9956442212301587 0.3587472098214286 0.01288132440476191
0 0.3692103794642857 0.00745597718253969 0.3570033482142857 0.993319072420635 0.39943731398809523 0.9948691716269842 0.42385137648809523 0.006680927579365087
0 0.437802269345238 0.0051308283730158765 0.4110630580357143 0.9832434275793651 0.4441964285714286 0.985568576388889 0.4773297991071428 0.011331225198412703
0 0.4843052455357143 0.00745597718253969 0.4546595982142857 0.9886687748015873 0.49244326636904756 0.9940941220238096 0.5267392113095238 0.00745597718253969
0 0.5372023809523809 0.005905877976190484 0.5046502976190476 0.9925440228174603 0.5587100074404762 0.9956442212301587 0.6069568452380952 0.006680927579365087
0 0.6214890252976191 0.004355778769841274 0.5651041666666666 0.9863436259920636 0.5918433779761905 0.9871186755952381 0.6499720982142857 0.0035807291666666713
0 0.6604352678571429 0.00745597718253969 0.6017252604166666 0.9925440228174603 0.6581101190476191 0.9948691716269842 0.7121698288690476 0.0020306299603174657
0 0.7203078497023809 0.00745597718253969 0.6621791294642857 0.9840184771825397 0.6993815104166666 0.9902188740079366 0.7766927083333334 0.009006076388888895
0 0.7825055803571429 0.011331225198412703 0.7051943824404762 0.9948691716269842 0.7360026041666666 0.9925440228174603 0.8156389508928571 0.006680927579365087
0 0.8243582589285714 0.0020306299603174657 0.7418154761904762 0.9909939236111112 0.7859933035714286 0.9886687748015873 0.8789715582549635 0.0
0 0.8906250000000001 0.006680927579365087 0.7976190476190477 0.9878937251984127 0.8365652901785715 0.985568576388889 0.9371279761904762 0.0020306299603174657
0 0.9539853050595238 0.009006076388888895 0.8476097470238094 0.9832434275793651 0.8987630208333334 0.9917689732142857 0.999755859375 0.07548145725004485
