0 0.0009311409883720756 0.0953700339147287 0.0020666787790697694 0.961406855620155 0.06225018168604651 0.9674630571705426 0.05430141715116277 0.08855680717054265
0 0.09688408430232556 0.090827882751938 0.11448492005813954 0.9833605862403102 0.22406431686046513 0.961406855620155 0.2087345566860465 0.08855680717054265
0 0.21100563226744184 0.05449067344961242 0.23371638808139533 0.961406855620155 0.27289244186046513 0.9621638808139535 0.252452761627907 0.05070554748062017
0 0.26096929505813954 0.05903282461240312 0.2819767441860465 0.9659490067829458 0.32172056686046513 0.959892805232558 0.3018486555232558 0.06054687500000002
0 0.31320403343023256 0.09991218507751941 0.3285337936046512 0.9591357800387597 0.3677098473837209 0.9591357800387597 0.3512445494186046 0.09461300872093026
0 0.35976108284883723 0.06281795058139537 0.37679414970930236 0.956107679263566 0.4267578125 0.954593628875969 0.41142805232558144 0.06660307655038762
0 0.4188090479651163 0.08098655523255816 0.4347065770348837 0.9508085029069768 0.4647983284883721 0.9492944525193798 0.447765261627907 0.07795845445736437
0 0.4568495639534884 0.08250060562015506 0.46934047965116277 0.9439952761627907 0.49886446220930236 0.9386960998062016 0.4835347020348837 0.07947250484496125
0 0.4914834665697675 0.18545603197674418 0.5073809956395349 0.9417242005813954 0.5317950581395349 0.9409671753875969 0.5193041424418605 0.1839419815891473
0 0.5329305959302325 0.18621305717054262 0.5414471293604651 0.9432382509689923 0.5687000363372093 0.939453125 0.5590479651162791 0.1839419815891473
0 0.5721066497093024 0.1877271075581395 0.5755132630813954 0.9424812257751939 0.6101471656976745 0.9409671753875969 0.6039017078488372 0.1869700823643411
0 0.628883539244186 0.0877997819767442 0.639671148255814 0.9720052083333334 0.6765761264534884 0.9720052083333334 0.6771438953488372 0.08855680717054265
0 0.6947447311046512 0.0817435804263566 0.6941769622093024 0.9788184350775194 0.7430050872093024 0.9788184350775194 0.7458439316860465 0.08401465600775194
0 0.7600381540697675 0.03329396802325583 0.7532249273255814 0.9826035610465116 0.8026208212209303 0.9886597625968992 0.8014852834302325 0.03480801841085273
0 0.8213571947674418 0.024966690891472885 0.8117051235465116 0.9871457122093023 0.8576944040697675 0.984874636627907 0.8656431686046512 0.026480741279069783
