0 0.016260901162790692 0.2808412063953489 0.03159066133720928 0.9084150920542635 0.09518077761627905 0.9076580668604651 0.0775799418604651 0.2740279796511628
0 0.08325763081395349 0.27932715600775193 0.11051053779069764 0.9159853439922481 0.1564998183139535 0.9091721172480621 0.12470476017441862 0.2732709544573643
0 0.12981468023255816 0.2884114583333333 0.16331304505813954 0.9144712936046512 0.19397256540697672 0.9106861676356589 0.1570675872093023 0.2785701308139535
0 0.15309320494186046 0.20968083817829455 0.20078579215116277 0.919013444767442 0.24052961482558138 0.9159853439922481 0.2081667877906977 0.20135356104651161
0 0.21441224563953487 0.2028676114341085 0.24450399709302323 0.919013444767442 0.2831122819767442 0.9129572432170542 0.2439362281976744 0.19832546027131784
0 0.25074945494186046 0.2906825339147287 0.28765443313953487 0.9182564195736435 0.32228833575581395 0.9159853439922481 0.2899255087209302 0.2846263323643411
0 0.2921965843023256 0.2800841812015504 0.32342387354651164 0.9220415455426356 0.350109011627907 0.9197704699612403 0.31036518895348836 0.2785701308139535
0 0.3188817223837209 0.2740279796511628 0.3563544694767442 0.9273407218992248 0.4017759811046512 0.9265836967054263 0.3699809229651163 0.2596445009689922
0 0.374523074127907 0.19454033430232556 0.4080214389534884 0.9333969234496124 0.4483330305232558 0.9311258478682171 0.4136991279069767 0.18999818313953487
0 0.4210801235465116 0.28538335755813954 0.45741733284883723 0.9235555959302326 0.4869413154069767 0.922798570736434 0.4506041061046512 0.28159823158914726
0 0.4647983284883721 0.3716842296511628 0.5017033066860465 0.9205274951550387 0.5340661337209303 0.9167423691860465 0.5056776889534884 0.3633569525193798
0 0.4948900799418605 0.18015685562015504 0.5408793604651163 0.9455093265503876 0.5749454941860465 0.9364250242248061 0.5295239825581395 0.17410065406976746
0 0.5459892805232558 0.36638505329457366 0.580055414244186 0.9432382509689923 0.618663699127907 0.9371820494186047 0.5811909520348837 0.3588148013565891
0 0.5789198764534884 0.30279493701550386 0.6226380813953488 0.9356679990310077 0.6589752906976745 0.9318828730620154 0.6249091569767442 0.2868974079457364
0 0.6300190770348837 0.2884114583333333 0.6697628997093024 0.9386960998062016 0.698719113372093 0.9402101501937984 0.6601108284883721 0.2800841812015504
0 0.6669240552325582 0.2899255087209302 0.7049645712209303 0.9349109738372093 0.7339207848837209 0.9326398982558141 0.6981513444767442 0.2846263323643411
0 0.6936091933139535 0.10899648740310079 0.7401662427325582 0.9424812257751939 0.8196538880813954 0.9409671753875969 0.7708257630813954 0.09991218507751941
0 0.7906976744186046 0.28235525678294576 0.8304414970930233 0.9455093265503876 0.8593977107558141 0.9500514777131782 0.8196538880813954 0.27781310562015504
0 0.8258993459302325 0.3058230377906977 0.862236555232558 0.9447523013565892 0.8889216933139535 0.9455093265503876 0.8548555595930233 0.29522468507751937
0 0.8576944040697675 0.2657007025193798 0.8974382267441859 0.9417242005813954 0.9439952761627907 0.9424812257751939 0.9059547601744186 0.2596445009689922
