0 0.004905523255813948 0.5609405281007752 0.0713344840116279 0.9205274951550387 0.11051053779069764 0.9220415455426356 0.025345203488372076 0.3845536579457364 -3.469446951953614e-18 0.3926347373188406
0 0.00036337209302325646 0.21422298934108527 0.1190270712209302 0.9258266715116279 0.15366097383720928 0.9144712936046512 0.03102289244186046 0.09839813468992249 0.0037699854651162823 0.10445433624031009
0 0.03897165697674418 0.09991218507751941 0.16501635174418605 0.9265836967054263 0.1934047965116279 0.9220415455426356 0.0849609375 0.0938559835271318
0 0.08609647529069767 0.046920421511627924 0.19965025436046513 0.9379390746124031 0.22236101017441862 0.9303688226744186 0.12640806686046513 0.04464934593023257
0 0.1309502180232558 0.037836119186046534 0.2314453125 0.9417242005813954 0.24166515261627908 0.9409671753875969 0.15593204941860467 0.034050993217054286
0 0.15877089389534882 0.008312136627906992 0.25018168604651164 0.959892805232558 0.27346021075581395 0.9591357800387597 0.1837527252906977 0.0007418846899224946
0 0.2058957122093023 0.042378270348837226 0.2831122819767442 0.9250696463178295 0.32115279796511625 0.9258266715116279 0.2683502906976744 0.03480801841085273
0 0.27459574854651164 0.031779917635658926 0.3370503270348837 0.9182564195736435 0.3750908430232558 0.9182564195736435 0.3279660247093023 0.031779917635658926
0 0.3444313226744186 0.034050993217054286 0.38190406976744184 0.922798570736434 0.4182412790697675 0.9212845203488372 0.39780159883720934 0.032536942829457384
0 0.40858920784883723 0.04313529554263568 0.423351199127907 0.9280977470930233 0.45571402616279066 0.9265836967054263 0.4568495639534884 0.04540637112403103
0 0.46877271075581395 0.011340237403100787 0.4619594840116279 0.9409671753875969 0.4863735465116279 0.9439952761627907 0.5073809956395349 0.009826187015503892
0 0.5193041424418605 0.04767744670542637 0.49318677325581395 0.9053869912790699 0.5317950581395349 0.9038729408914729 0.5709711119186046 0.046920421511627924
0 0.5794876453488372 0.07190225290697676 0.5380405159883721 0.8963026889534884 0.5783521075581395 0.894031613372093 0.6345612281976745 0.07720142926356592
0 0.6487554505813954 0.022695615310077535 0.5840297965116279 0.9106861676356589 0.6260446947674418 0.9099291424418605 0.7083711845930233 0.031779917635658926
0 0.6975835755813954 0.16047420058139536 0.6345612281976745 0.8667787063953488 0.653297601744186 0.858451429263566 0.7282430959302325 0.16198825096899225
0 0.7606059229651163 0.01436833817829459 0.6623819040697675 0.9053869912790699 0.7038290334302325 0.9016018653100776 0.8145439680232558 0.015882388565891487
0 0.8224927325581395 0.021181564922480633 0.7089389534883721 0.8993307897286821 0.7367596293604651 0.8985737645348837 0.869617550872093 0.021181564922480633
0 0.8894894622093023 0.01058321220930234 0.744140625 0.9106861676356589 0.8048918968023255 0.9182564195736435 0.9547828851744186 0.01058321220930234
0 0.967273800872093 0.005284035852713192 0.8122728924418605 0.8970597141472868 0.8412291061046512 0.89554566375969 0.999068859011628 0.05751877422480622
