0 0.016805013020833332 0.07542419433593751 0.055460611979166664 0.8574371337890625 0.10225423177083333 0.8566741943359375 0.06868489583333333 0.07542419433593751
0 0.08699544270833333 0.07771301269531251 0.11140950520833333 0.8643035888671875 0.16634114583333334 0.8620147705078125 0.14803059895833334 0.07237243652343751
0 0.16328938802083334 0.1280670166015625 0.18058268229166666 0.8520965576171875 0.2629801432291667 0.8559112548828125 0.2507731119791667 0.1273040771484375
0 0.2670491536458333 0.1639251708984375 0.2701009114583333 0.8490447998046875 0.3586018880208333 0.8406524658203125 0.359619140625 0.1623992919921875
0 0.3606363932291667 0.1585845947265625 0.3626708984375 0.8559112548828125 0.4501546223958333 0.8574371337890625 0.4582926432291667 0.1562957763671875
0 0.4643961588541667 0.1715545654296875 0.4603271484375 0.8582000732421875 0.4989827473958333 0.8597259521484375 0.5050862630208334 0.1692657470703125
0 0.5233968098958334 0.1623992919921875 0.5050862630208334 0.8780364990234375 0.5528971354166666 0.8742218017578125 0.5630696614583334 0.1578216552734375
0 0.5752766927083334 0.1791839599609375 0.5539143880208334 0.8566741943359375 0.5986735026041666 0.8559112548828125 0.6251220703125 0.1746063232421875
0 0.6413981119791666 0.1753692626953125 0.6108805338541666 0.8520965576171875 0.6708984375 0.8528594970703125 0.6963297526041666 0.1730804443359375
0 0.7339680989583334 0.1501922607421875 0.6841227213541666 0.8833770751953125 0.7512613932291666 0.8841400146484375 0.7939860026041666 0.1448516845703125
0 0.8133138020833334 0.1433258056640625 0.7665201822916666 0.8841400146484375 0.8204345703125 0.8826141357421875 0.8743489583333334 0.1395111083984375
0 0.8804524739583334 0.2234344482421875 0.8326416015625 0.8833770751953125 0.8855387369791666 0.8833770751953125 0.9414876302083334 0.2249603271484375
0 0.9536946614583334 0.2318267822265625 0.8926595052083334 0.8940582275390625 0.9486083984375 0.8932952880859375 0.9984537760416666 0.2241973876953125
