0 0.0208740234375 0.1463775634765625 0.06461588541666667 0.8719329833984375 0.15108235677083334 0.8757476806640625 0.11954752604166667 0.1387481689453125
0 0.13277180989583334 0.1578216552734375 0.16227213541666666 0.8864288330078125 0.19685872395833334 0.8856658935546875 0.176513671875 0.1524810791015625 0.14090983072916666 0.1532440185546875
0 0.1826171875 0.1364593505859375 0.19889322916666666 0.9024505615234375 0.24263509114583334 0.9016876220703125 0.22432454427083334 0.1349334716796875
0 0.24365234375 0.1555328369140625 0.2578938802083333 0.8803253173828125 0.3250325520833333 0.8696441650390625 0.310791015625 0.1562957763671875
0 0.3209635416666667 0.1555328369140625 0.3291015625 0.8826141357421875 0.3830159505208333 0.8780364990234375 0.3799641927083333 0.1486663818359375 0.3067220052083333 0.1517181396484375
0 0.3942057291666667 0.11738586425781251 0.3992919921875 0.9161834716796875 0.457275390625 0.9146575927734375 0.4593098958333333 0.11585998535156251
0 0.481689453125 0.11357116699218751 0.4735514322916667 0.9138946533203125 0.5325520833333334 0.9154205322265625 0.5467936197916666 0.11357116699218751
0 0.56103515625 0.1967315673828125 0.5447591145833334 0.9108428955078125 0.5986735026041666 0.9093170166015625 0.6241048177083334 0.1929168701171875
0 0.6373291015625 0.1997833251953125 0.6118977864583334 0.9039764404296875 0.6739501953125 0.9055023193359375 0.6973470052083334 0.1913909912109375
0 0.7065022786458334 0.2005462646484375 0.6749674479166666 0.8803253173828125 0.7197265625 0.8856658935546875 0.7665201822916666 0.1952056884765625
0 0.7827962239583334 0.1898651123046875 0.744140625 0.8879547119140625 0.8021240234375 0.8887176513671875 0.8550211588541666 0.1868133544921875
0 0.8733317057291666 0.11891174316406251 0.8204345703125 0.8902435302734375 0.8824869791666666 0.8902435302734375 0.9425048828125 0.11585998535156251
0 0.9740397135416666 0.1372222900390625 0.9364013671875 0.8986358642578125 0.9811604817708334 0.9024505615234375 0.9964192708333334 0.1356964111328125
