0 0.049357096354166664 0.09373474121093751 0.13785807291666666 0.8376007080078125 0.23551432291666666 0.8368377685546875 0.18668619791666666 0.09754943847656251 0.06563313802083333 0.09449768066406251
0 0.20703125 0.12348937988281251 0.2853597005208333 0.8292083740234375 0.3758951822916667 0.8261566162109375 0.3118082682291667 0.10899353027343751 0.21822102864583334 0.11891174316406251
0 0.3291015625 0.1425628662109375 0.3982747395833333 0.8124237060546875 0.4562581380208333 0.8055572509765625 0.3870849609375 0.1273040771484375
0 0.4053955078125 0.1372222900390625 0.4745686848958333 0.8253936767578125 0.5447591145833334 0.8269195556640625 0.48779296875 0.12348937988281251
0 0.4949137369791667 0.09297180175781251 0.5569661458333334 0.8345489501953125 0.615966796875 0.8368377685546875 0.5600179036458334 0.08610534667968751
0 0.5701904296875 0.08152770996093751 0.6241048177083334 0.8543853759765625 0.6678466796875 0.8459930419921875 0.6169840494791666 0.07084655761718751
0 0.628173828125 0.08534240722656251 0.6800537109375 0.8612518310546875 0.7217610677083334 0.8559112548828125 0.6810709635416666 0.07923889160156251
0 0.7003987630208334 0.09220886230468751 0.7471923828125 0.8597259521484375 0.799072265625 0.8589630126953125 0.7471923828125 0.08000183105468751
0 0.7797444661458334 0.08763122558593751 0.8122965494791666 0.8665924072265625 0.8712972005208334 0.8658294677734375 0.8438313802083334 0.08000183105468751
0 0.8529866536458334 0.1936798095703125 0.8977457682291666 0.8643035888671875 0.9811604817708334 0.8620147705078125 0.9486083984375 0.1807098388671875
