0 0.0086669921875 0.1799468994140625 0.046305338541666664 0.8391265869140625 0.11039225260416667 0.8406524658203125 0.08292643229166667 0.1837615966796875
0 0.08902994791666667 0.2287750244140625 0.11140950520833333 0.8574371337890625 0.1490478515625 0.8520965576171875 0.11954752604166667 0.2234344482421875
0 0.127685546875 0.2264862060546875 0.15006510416666666 0.8635406494140625 0.19278971354166666 0.8650665283203125 0.16532389322916666 0.2219085693359375
0 0.16837565104166666 0.1669769287109375 0.1917724609375 0.8787994384765625 0.24568684895833334 0.8765106201171875 0.22635904947916666 0.1639251708984375
0 0.23653157552083334 0.1601104736328125 0.2568766276041667 0.8864288330078125 0.3077392578125 0.8841400146484375 0.29248046875 0.1593475341796875
0 0.3046875 0.2226715087890625 0.31689453125 0.9024505615234375 0.4267578125 0.9032135009765625 0.4257405598958333 0.2211456298828125
0 0.432861328125 0.053298950195312514 0.4308268229166667 0.9154205322265625 0.4867757161458333 0.9116058349609375 0.4928792317708333 0.046432495117187514
0 0.5132242838541666 0.051773071289062514 0.4928792317708333 0.9268646240234375 0.5467936197916666 0.9238128662109375 0.5701904296875 0.050247192382812514
0 0.5895182291666666 0.11280822753906251 0.5681559244791666 0.9123687744140625 0.652587890625 0.9131317138671875 0.689208984375 0.11585998535156251
0 0.6993815104166666 0.1517181396484375 0.6627604166666666 0.9009246826171875 0.7543131510416666 0.8986358642578125 0.7970377604166666 0.1463775634765625
0 0.8133138020833334 0.1433258056640625 0.7777099609375 0.9154205322265625 0.8651936848958334 0.9169464111328125 0.9130045572916666 0.1395111083984375
0 0.9241943359375 0.1669769287109375 0.8682454427083334 0.9245758056640625 0.9221598307291666 0.9261016845703125 0.9730224609375 0.1601104736328125
