0 0.0015462239583333333 0.3668670654296875 0.13175455729166666 0.8826141357421875 0.20499674479166666 0.8826141357421875 0.021891276041666668 0.11433410644531251 0.0005289713541666666 0.11280822753906251
0 0.0361328125 0.12425231933593751 0.21923828125 0.8894805908203125 0.2823079427083333 0.8826141357421875 0.11649576822916667 0.11738586425781251
0 0.12972005208333334 0.11967468261718751 0.3087565104166667 0.9055023193359375 0.3769124348958333 0.9001617431640625 0.2039794921875 0.10746765136718751
0 0.21822102864583334 0.12043762207031251 0.3911539713541667 0.9077911376953125 0.4623616536458333 0.8971099853515625 0.2904459635416667 0.12348937988281251
0 0.3260498046875 0.2440338134765625 0.4725341796875 0.9123687744140625 0.518310546875 0.9032135009765625 0.371826171875 0.2310638427734375
0 0.3616536458333333 0.10594177246093751 0.530517578125 0.9184722900390625 0.6078287760416666 0.9123687744140625 0.4532063802083333 0.09983825683593751
0 0.4796549479166667 0.1372222900390625 0.6200358072916666 0.9207611083984375 0.7197265625 0.9131317138671875 0.58544921875 0.1265411376953125
0 0.6078287760416666 0.1387481689453125 0.7268473307291666 0.9276275634765625 0.7736409505208334 0.9253387451171875 0.6495361328125 0.1288299560546875
0 0.6678466796875 0.1440887451171875 0.78076171875 0.9116058349609375 0.82958984375 0.9062652587890625 0.7156575520833334 0.1326446533203125
0 0.738037109375 0.1410369873046875 0.8397623697916666 0.9245758056640625 0.9140218098958334 0.9215240478515625 0.8143310546875 0.1334075927734375
0 0.835693359375 0.1425628662109375 0.933349609375 0.9383087158203125 0.9996744791666666 0.9340449741908482 0.9231770833333334 0.1341705322265625
