0 0.007649739583333333 0.5003814697265625 0.0635986328125 0.8467559814453125 0.15718587239583334 0.8414154052734375 0.052408854166666664 0.1425628662109375 0.004597981770833333 0.3157501220703125
0 0.07071940104166667 0.1707916259765625 0.18363444010416666 0.8246307373046875 0.24263509114583334 0.8200531005859375 0.127685546875 0.1669769287109375
0 0.139892578125 0.1677398681640625 0.2589111328125 0.8345489501953125 0.3138427734375 0.8345489501953125 0.21211751302083334 0.1555328369140625
0 0.22737630208333334 0.1265411376953125 0.3250325520833333 0.8482818603515625 0.3769124348958333 0.8437042236328125 0.2772216796875 0.11967468261718751
0 0.2894287109375 0.10975646972656251 0.384033203125 0.8650665283203125 0.4359130859375 0.8566741943359375 0.3270670572916667 0.10594177246093751
0 0.3453776041666667 0.11509704589843751 0.4420166015625 0.8711700439453125 0.4918619791666667 0.8643035888671875 0.3992919921875 0.10670471191406251
0 0.4094645182291667 0.11891174316406251 0.5040690104166666 0.8795623779296875 0.5600179036458334 0.8742218017578125 0.4715169270833333 0.11357116699218751
0 0.4867757161458333 0.11967468261718751 0.5813802083333334 0.8887176513671875 0.6413981119791666 0.8826141357421875 0.5437418619791666 0.10899353027343751
0 0.5732421875 0.2127532958984375 0.6576741536458334 0.8696441650390625 0.7360026041666666 0.8673553466796875 0.6546223958333334 0.2043609619140625
0 0.6800537109375 0.1288299560546875 0.7614339192708334 0.8864288330078125 0.835693359375 0.8879547119140625 0.7583821614583334 0.11662292480468751
0 0.7756754557291666 0.1257781982421875 0.8590901692708334 0.8978729248046875 0.9302978515625 0.8948211669921875 0.85400390625 0.11662292480468751
0 0.890625 0.1265411376953125 0.9750569661458334 0.9215240478515625 0.9996744791666666 0.9215240478515625 0.969970703125 0.11585998535156251
