0 0.038167317708333336 0.06855773925781251 0.0513916015625 0.9802703857421875 0.15108235677083334 0.9741668701171875 0.115478515625 0.06703186035156251
0 0.158203125 0.1982574462890625 0.16227213541666666 0.9627227783203125 0.21822102864583334 0.9596710205078125 0.2161865234375 0.1913909912109375
0 0.22635904947916666 0.2997283935546875 0.24772135416666666 0.9581451416015625 0.3240152994791667 0.9611968994140625 0.3128255208333333 0.3043060302734375
0 0.31689453125 0.062454223632812514 0.335205078125 0.9901885986328125 0.4074300130208333 0.9871368408203125 0.3809814453125 0.057113647460937514
0 0.4114990234375 0.3004913330078125 0.4114990234375 0.9932403564453125 0.4918619791666667 0.9924774169921875 0.4776204427083333 0.2982025146484375
0 0.4898274739583333 0.2295379638671875 0.5091552734375 0.9856109619140625 0.5823974609375 0.9886627197265625 0.5762939453125 0.2188568115234375
0 0.5986735026041666 0.2104644775390625 0.603759765625 0.9917144775390625 0.6668294270833334 0.9924774169921875 0.6668294270833334 0.2035980224609375
0 0.6800537109375 0.2196197509765625 0.6810709635416666 0.9978179931640625 0.7421061197916666 0.9978179931640625 0.744140625 0.2165679931640625
0 0.7543131510416666 0.01667785644531251 0.7695719401041666 0.9924774169921875 0.9282633463541666 0.9962921142578125 0.9201253255208334 0.00828552246093751
0 0.9628499348958334 0.2241973876953125 0.9465738932291666 0.9993438720703125 0.9954020182291666 0.9955291748046875 0.9954020182291666 0.2226715087890625
