0 0.0086669921875 0.2394561767578125 0.0513916015625 0.8360748291015625 0.10225423177083333 0.8398895263671875 0.055460611979166664 0.2234344482421875
0 0.07478841145833333 0.2287750244140625 0.12056477864583333 0.8520965576171875 0.15718587239583334 0.8467559814453125 0.12666829427083334 0.2211456298828125
0 0.13785807291666666 0.1318817138671875 0.17753092447916666 0.8620147705078125 0.2538248697916667 0.8604888916015625 0.21211751302083334 0.1311187744140625
0 0.24568684895833334 0.1463775634765625 0.2731526692708333 0.8475189208984375 0.34130859375 0.8543853759765625 0.322998046875 0.1448516845703125
0 0.3382568359375 0.1707916259765625 0.353515625 0.8574371337890625 0.432861328125 0.8582000732421875 0.4064127604166667 0.1715545654296875
0 0.4308268229166667 0.1776580810546875 0.4409993489583333 0.8650665283203125 0.5101725260416666 0.8635406494140625 0.5142415364583334 0.1784210205078125
0 0.5162760416666666 0.2173309326171875 0.5132242838541666 0.8856658935546875 0.5518798828125 0.8818511962890625 0.5600179036458334 0.2226715087890625
0 0.5701904296875 0.2188568115234375 0.567138671875 0.9001617431640625 0.6047770182291666 0.8902435302734375 0.6088460286458334 0.2119903564453125
0 0.6210530598958334 0.1601104736328125 0.6068115234375 0.9100799560546875 0.6698811848958334 0.9070281982421875 0.6871744791666666 0.1547698974609375
0 0.7054850260416666 0.1509552001953125 0.6790364583333334 0.9161834716796875 0.7410888671875 0.9238128662109375 0.7766927083333334 0.1448516845703125
0 0.7909342447916666 0.2150421142578125 0.7655029296875 0.9467010498046875 0.8835042317708334 0.9497528076171875 0.9292805989583334 0.2135162353515625
0 0.9496256510416666 0.032699584960937514 0.8936767578125 0.9558563232421875 0.9526774088541666 0.9604339599609375 0.9964192708333334 0.033462524414062514
