0 0.004597981770833333 0.1990203857421875 0.021891276041666668 0.9703521728515625 0.0849609375 0.9657745361328125 0.0513916015625 0.1921539306640625
0 0.061564127604166664 0.1974945068359375 0.10225423177083333 0.9695892333984375 0.1490478515625 0.9680633544921875 0.11140950520833333 0.1875762939453125
0 0.12158203125 0.1906280517578125 0.1551513671875 0.9749298095703125 0.20296223958333334 0.9756927490234375 0.16227213541666666 0.1837615966796875
0 0.16328938802083334 0.11280822753906251 0.20804850260416666 0.9924774169921875 0.2589111328125 0.9848480224609375 0.22330729166666666 0.10823059082031251
0 0.23653157552083334 0.11204528808593751 0.274169921875 0.9962921142578125 0.36572265625 0.9970550537109375 0.3443603515625 0.09297180175781251
0 0.3647054036458333 0.09754943847656251 0.3850504557291667 0.9932403564453125 0.481689453125 0.9955291748046875 0.4806722005208333 0.09983825683593751
0 0.5091552734375 0.1273040771484375 0.4979654947916667 0.9817962646484375 0.5701904296875 0.9871368408203125 0.5752766927083334 0.12120056152343751
0 0.5986735026041666 0.1318817138671875 0.5905354817708334 0.9787445068359375 0.6759847005208334 0.9772186279296875 0.6881917317708334 0.12348937988281251
0 0.6973470052083334 0.2005462646484375 0.6871744791666666 0.9474639892578125 0.7512613932291666 0.9467010498046875 0.7899169921875 0.1891021728515625
0 0.8031412760416666 0.1997833251953125 0.78076171875 0.9352569580078125 0.8763834635416666 0.9436492919921875 0.90283203125 0.1952056884765625
0 0.9170735677083334 0.1837615966796875 0.90283203125 0.9428863525390625 0.9974365234375 0.9428863525390625 0.9974365234375 0.1814727783203125
