0 0.052408854166666664 0.1822357177734375 0.078857421875 0.9047393798828125 0.152099609375 0.9123687744140625 0.14599609375 0.1791839599609375
0 0.15108235677083334 0.2394561767578125 0.152099609375 0.9283905029296875 0.23653157552083334 0.9352569580078125 0.20194498697916666 0.2348785400390625
0 0.22737630208333334 0.2074127197265625 0.24568684895833334 0.9207611083984375 0.335205078125 0.9253387451171875 0.3321533203125 0.2097015380859375
0 0.3362223307291667 0.1334075927734375 0.3392740885416667 0.9482269287109375 0.4094645182291667 0.9505157470703125 0.4074300130208333 0.1311187744140625
0 0.4287923177083333 0.1334075927734375 0.4104817708333333 0.9413604736328125 0.4949137369791667 0.9421234130859375 0.5071207682291666 0.1341705322265625
0 0.51220703125 0.2409820556640625 0.4867757161458333 0.9573822021484375 0.542724609375 0.9627227783203125 0.5539143880208334 0.2295379638671875
0 0.5620524088541666 0.12196350097656251 0.5579833984375 0.9405975341796875 0.6800537109375 0.9482269287109375 0.7166748046875 0.11357116699218751
0 0.7461751302083334 0.2386932373046875 0.7003987630208334 0.9543304443359375 0.7644856770833334 0.9627227783203125 0.7939860026041666 0.2394561767578125
0 0.8173828125 0.2035980224609375 0.7655029296875 0.9833221435546875 0.8499348958333334 0.9947662353515625 0.9069010416666666 0.1990203857421875
0 0.921142578125 0.1257781982421875 0.8733317057291666 0.9848480224609375 0.9618326822916666 0.9993438720703125 0.9933675130208334 0.1303558349609375
