0 0.012736002604166666 0.2104644775390625 0.027994791666666668 0.9230499267578125 0.09208170572916667 0.9276275634765625 0.07987467447916667 0.2104644775390625
0 0.09615071614583333 0.1250152587890625 0.10123697916666667 0.9261016845703125 0.17041015625 0.9268646240234375 0.16634114583333334 0.1250152587890625
0 0.1826171875 0.2081756591796875 0.17244466145833334 0.9070281982421875 0.21923828125 0.9009246826171875 0.2283935546875 0.2066497802734375
0 0.2406005859375 0.12120056152343751 0.22941080729166666 0.9276275634765625 0.2843424479166667 0.9299163818359375 0.3006184895833333 0.11662292480468751
0 0.3158772786458333 0.2303009033203125 0.298583984375 0.9169464111328125 0.40234375 0.9199981689453125 0.4155680338541667 0.2325897216796875
0 0.4308268229166667 0.2272491455078125 0.4094645182291667 0.9123687744140625 0.4959309895833333 0.9123687744140625 0.5142415364583334 0.2249603271484375
0 0.5203450520833334 0.1997833251953125 0.5020345052083334 0.9261016845703125 0.5813802083333334 0.9215240478515625 0.6057942708333334 0.2005462646484375
0 0.6149495442708334 0.2867584228515625 0.5864664713541666 0.8925323486328125 0.6637776692708334 0.8986358642578125 0.6749674479166666 0.2821807861328125
0 0.6841227213541666 0.1723175048828125 0.6759847005208334 0.8932952880859375 0.8367106119791666 0.9039764404296875 0.8570556640625 0.1646881103515625
0 0.8865559895833334 0.1952056884765625 0.8733317057291666 0.9268646240234375 0.9618326822916666 0.9215240478515625 0.9791259765625 0.1837615966796875
