0 0.009684244791666666 0.5843048095703125 0.11140950520833333 0.9299163818359375 0.19991048177083334 0.9329681396484375 0.0035807291666666665 0.1379852294921875
0 0.022908528645833332 0.1379852294921875 0.2222900390625 0.9467010498046875 0.2639973958333333 0.9451751708984375 0.06868489583333333 0.1273040771484375
0 0.0849609375 0.1410369873046875 0.2833251953125 0.9512786865234375 0.3341878255208333 0.9505157470703125 0.1429443359375 0.1341705322265625
0 0.152099609375 0.1341705322265625 0.3362223307291667 0.9718780517578125 0.3992919921875 0.9589080810546875 0.22330729166666666 0.1295928955078125
0 0.23958333333333334 0.1379852294921875 0.4165852864583333 0.9917144775390625 0.4918619791666667 0.9886627197265625 0.3077392578125 0.12425231933593751
0 0.3575846354166667 0.2440338134765625 0.518310546875 0.9779815673828125 0.591552734375 0.9695892333984375 0.457275390625 0.2303009033203125
0 0.4379475911458333 0.049484252929687514 0.6162026433540667 0.999755859375 0.6729329427083334 0.9985809326171875 0.5132242838541666 0.031936645507812514
0 0.5508626302083334 0.1997833251953125 0.6820882161458334 0.9848480224609375 0.7329508463541666 0.9795074462890625 0.6057942708333334 0.1868133544921875
0 0.6373291015625 0.1570587158203125 0.7478797107348502 0.999755859375 0.8468831380208334 0.9962921142578125 0.7614339192708334 0.1379852294921875 0.6485188802083334 0.1540069580078125
0 0.7878824869791666 0.3340606689453125 0.85400390625 0.9772186279296875 0.8977457682291666 0.9756927490234375 0.8265380859375 0.3302459716796875
0 0.8702799479166666 0.1662139892578125 0.9231770833333334 0.9947662353515625 0.9996744791666666 0.9962564443613028 0.9547119140625 0.1524810791015625
