0 0.006632486979166667 0.1639251708984375 0.004597981770833333 0.8879547119140625 0.021891276041666668 0.8871917724609375 0.0452880859375 0.1532440185546875
0 0.0697021484375 0.1570587158203125 0.040201822916666664 0.8849029541015625 0.1063232421875 0.8948211669921875 0.13785807291666666 0.1570587158203125
0 0.17244466145833334 0.1250152587890625 0.11140950520833333 0.8940582275390625 0.2100830078125 0.8963470458984375 0.2884114583333333 0.12272644042968751
0 0.3016357421875 0.1471405029296875 0.20906575520833334 0.8993988037109375 0.2873942057291667 0.9070281982421875 0.3636881510416667 0.1425628662109375
0 0.3789469401041667 0.2272491455078125 0.3036702473958333 0.9062652587890625 0.396240234375 0.9131317138671875 0.4643961588541667 0.2219085693359375
0 0.4969482421875 0.1280670166015625 0.3992919921875 0.9306793212890625 0.4582926432291667 0.9245758056640625 0.5508626302083334 0.1265411376953125
0 0.5905354817708334 0.10975646972656251 0.4745686848958333 0.9154205322265625 0.5457763671875 0.9192352294921875 0.6576741536458334 0.10975646972656251
0 0.6749674479166666 0.11433410644531251 0.5508626302083334 0.9230499267578125 0.6139322916666666 0.9261016845703125 0.7298990885416666 0.11509704589843751
0 0.7573649088541666 0.11204528808593751 0.6352945963541666 0.9154205322265625 0.7329508463541666 0.9199981689453125 0.8570556640625 0.10899353027343751
0 0.8641764322916666 0.1555328369140625 0.7390543619791666 0.9016876220703125 0.8143310546875 0.9047393798828125 0.9404703776041666 0.1555328369140625
0 0.9648844401041666 0.1944427490234375 0.8458658854166666 0.9001617431640625 0.9567464192708334 0.9039764404296875 0.9974365234375 0.2310638427734375
