0 0.025960286458333332 0.3767852783203125 0.10428873697916667 0.8505706787109375 0.17753092447916666 0.8543853759765625 0.09920247395833333 0.3729705810546875
0 0.10225423177083333 0.2646331787109375 0.19889322916666666 0.8475189208984375 0.26806640625 0.8467559814453125 0.17041015625 0.2577667236328125
0 0.18058268229166666 0.2646331787109375 0.2670491536458333 0.8566741943359375 0.3362223307291667 0.8482818603515625 0.24873860677083334 0.2554779052734375
0 0.2639973958333333 0.2592926025390625 0.3453776041666667 0.8505706787109375 0.3779296875 0.8505706787109375 0.3087565104166667 0.2470855712890625 0.2690836588541667 0.2501373291015625
0 0.3219807942708333 0.2623443603515625 0.3881022135416667 0.8704071044921875 0.4369303385416667 0.8711700439453125 0.3667399088541667 0.2509002685546875
0 0.3881022135416667 0.1715545654296875 0.4471028645833333 0.8734588623046875 0.542724609375 0.8803253173828125 0.4857584635416667 0.1715545654296875
0 0.5010172526041666 0.1669769287109375 0.5559488932291666 0.8849029541015625 0.6536051432291666 0.8986358642578125 0.6057942708333334 0.1646881103515625
0 0.6261393229166666 0.2249603271484375 0.6627604166666666 0.8955841064453125 0.7146402994791666 0.9009246826171875 0.689208984375 0.2234344482421875
0 0.7105712890625 0.2158050537109375 0.7329508463541666 0.9123687744140625 0.7950032552083334 0.9154205322265625 0.7827962239583334 0.2119903564453125
0 0.8082275390625 0.2066497802734375 0.8122965494791666 0.9230499267578125 0.8814697265625 0.9245758056640625 0.8865559895833334 0.2028350830078125
0 0.8977457682291666 0.2127532958984375 0.8936767578125 0.9322052001953125 0.9343668619791666 0.9306793212890625 0.9374186197916666 0.2005462646484375
0 0.9669189453125 0.2066497802734375 0.945556640625 0.9405975341796875 0.9862467447916666 0.9413604736328125 0.9954020182291666 0.2295379638671875
