0 0.0035807291666666665 0.3119354248046875 0.0574951171875 0.8292083740234375 0.09004720052083333 0.8292083740234375 0.024943033854166668 0.3020172119140625
0 0.038167317708333336 0.3081207275390625 0.09004720052083333 0.8345489501953125 0.1307373046875 0.8330230712890625 0.06868489583333333 0.2982025146484375
0 0.07784016927083333 0.3134613037109375 0.12870279947916666 0.8604888916015625 0.17041015625 0.8498077392578125 0.12666829427083334 0.3058319091796875
0 0.12666829427083334 0.2348785400390625 0.18363444010416666 0.8589630126953125 0.2670491536458333 0.8551483154296875 0.21415201822916666 0.2264862060546875
0 0.22941080729166666 0.2310638427734375 0.2650146484375 0.8620147705078125 0.3636881510416667 0.8665924072265625 0.3077392578125 0.2173309326171875
0 0.3260498046875 0.2783660888671875 0.36572265625 0.8810882568359375 0.4186197916666667 0.8795623779296875 0.3748779296875 0.2722625732421875
0 0.3931884765625 0.2592926025390625 0.4186197916666667 0.8833770751953125 0.4806722005208333 0.8856658935546875 0.4674479166666667 0.2608184814453125
0 0.4776204427083333 0.2592926025390625 0.4847412109375 0.8986358642578125 0.5498453776041666 0.8986358642578125 0.53662109375 0.2516632080078125
0 0.5447591145833334 0.2570037841796875 0.5508626302083334 0.9085540771484375 0.5895182291666666 0.9070281982421875 0.5803629557291666 0.2463226318359375
0 0.5885009765625 0.2570037841796875 0.5885009765625 0.9184722900390625 0.6312255859375 0.9207611083984375 0.6271565755208334 0.2570037841796875
0 0.6424153645833334 0.2608184814453125 0.6291910807291666 0.9108428955078125 0.6790364583333334 0.9131317138671875 0.6780192057291666 0.2524261474609375
0 0.6953125 0.2585296630859375 0.689208984375 0.9123687744140625 0.7512613932291666 0.9146575927734375 0.7614339192708334 0.2531890869140625
0 0.7675374348958334 0.2997283935546875 0.7543131510416666 0.9016876220703125 0.8194173177083334 0.8993988037109375 0.8194173177083334 0.2943878173828125
0 0.8387451171875 0.3065948486328125 0.8346761067708334 0.8978729248046875 0.8987630208333334 0.8902435302734375 0.9048665364583334 0.3012542724609375
