0 0.006632486979166667 0.2203826904296875 0.08394368489583333 0.8414154052734375 0.13785807291666666 0.8414154052734375 0.0635986328125 0.2188568115234375
0 0.07987467447916667 0.2280120849609375 0.14599609375 0.8490447998046875 0.200927734375 0.8429412841796875 0.12972005208333334 0.2142791748046875
0 0.14090983072916666 0.2241973876953125 0.21415201822916666 0.8475189208984375 0.2629801432291667 0.8429412841796875 0.1856689453125 0.2196197509765625
0 0.20194498697916666 0.2386932373046875 0.2721354166666667 0.8582000732421875 0.3301188151041667 0.8551483154296875 0.23958333333333334 0.2386932373046875
0 0.2578938802083333 0.2188568115234375 0.3331705729166667 0.8505706787109375 0.3952229817708333 0.8452301025390625 0.3138427734375 0.2112274169921875
0 0.3260498046875 0.2150421142578125 0.4043782552083333 0.8520965576171875 0.4582926432291667 0.8444671630859375 0.3789469401041667 0.2135162353515625
0 0.39013671875 0.2127532958984375 0.4684651692708333 0.8612518310546875 0.542724609375 0.8627777099609375 0.4674479166666667 0.2074127197265625
0 0.4888102213541667 0.2920989990234375 0.5447591145833334 0.8444671630859375 0.5905354817708334 0.8421783447265625 0.5244140625 0.2859954833984375
0 0.5406901041666666 0.3142242431640625 0.5966389973958334 0.8467559814453125 0.6546223958333334 0.8437042236328125 0.591552734375 0.3043060302734375
0 0.5905354817708334 0.2051239013671875 0.6617431640625 0.8574371337890625 0.6902262369791666 0.8520965576171875 0.6332600911458334 0.2005462646484375
0 0.6637776692708334 0.2097015380859375 0.6963297526041666 0.8498077392578125 0.7665201822916666 0.8482818603515625 0.7227783203125 0.2058868408203125
0 0.7390543619791666 0.2882843017578125 0.7726236979166666 0.8467559814453125 0.8092447916666666 0.8437042236328125 0.7756754557291666 0.2837066650390625
0 0.7817789713541666 0.3020172119140625 0.8021240234375 0.8261566162109375 0.8397623697916666 0.8208160400390625 0.8072102864583334 0.2966766357421875
0 0.8224690755208334 0.2974395751953125 0.8499348958333334 0.8314971923828125 0.9364013671875 0.8261566162109375 0.9058837890625 0.2890472412109375
