0 0.005615234375 0.3729705810546875 0.0513916015625 0.8360748291015625 0.0941162109375 0.8353118896484375 0.019856770833333332 0.2661590576171875
0 0.032063802083333336 0.3569488525390625 0.09615071614583333 0.8475189208984375 0.12565104166666666 0.8406524658203125 0.056477864583333336 0.3500823974609375
0 0.06563313802083333 0.3394012451171875 0.12565104166666666 0.8475189208984375 0.16227213541666666 0.8490447998046875 0.091064453125 0.3302459716796875
0 0.08089192708333333 0.2699737548828125 0.1673583984375 0.8559112548828125 0.2528076171875 0.8536224365234375 0.18363444010416666 0.2577667236328125
0 0.188720703125 0.2264862060546875 0.2670491536458333 0.8627777099609375 0.3331705729166667 0.8589630126953125 0.2568766276041667 0.2180938720703125
0 0.2721354166666667 0.2310638427734375 0.3463948567708333 0.8604888916015625 0.4033610026041667 0.8597259521484375 0.3270670572916667 0.2287750244140625
0 0.3362223307291667 0.2821807861328125 0.4104817708333333 0.8688812255859375 0.43896484375 0.8688812255859375 0.3819986979166667 0.2783660888671875
0 0.40234375 0.2844696044921875 0.4521891276041667 0.8711700439453125 0.518310546875 0.8650665283203125 0.4613444010416667 0.2844696044921875
0 0.4847412109375 0.3348236083984375 0.5315348307291666 0.8643035888671875 0.615966796875 0.8635406494140625 0.5600179036458334 0.3264312744140625
0 0.5742594401041666 0.2547149658203125 0.6180013020833334 0.8681182861328125 0.677001953125 0.8704071044921875 0.6302083333333334 0.2440338134765625
0 0.6413981119791666 0.2570037841796875 0.6820882161458334 0.8658294677734375 0.7410888671875 0.8711700439453125 0.6902262369791666 0.2501373291015625
0 0.7105712890625 0.2585296630859375 0.7512613932291666 0.8665924072265625 0.7939860026041666 0.8681182861328125 0.7461751302083334 0.2547149658203125
0 0.7705891927083334 0.2791290283203125 0.8133138020833334 0.8757476806640625 0.8550211588541666 0.8742218017578125 0.8061930338541666 0.2745513916015625
0 0.8092447916666666 0.2509002685546875 0.8682454427083334 0.8742218017578125 0.9404703776041666 0.8772735595703125 0.87841796875 0.2417449951171875
0 0.8957112630208334 0.2547149658203125 0.9496256510416666 0.8833770751953125 0.9996744791666666 0.8804896428034856 0.9475911458333334 0.2509002685546875
